$x1,$x2,$x3,$x4,$x5,$x6,$x7,$x8,$x9,$x10,$x11,$x12,>>f1,>>f2,>>f3
0.7212649163485257, 0.423118507224995, 0.8183935070230262, 0.9300696586030098, 0.3277917726126469, 0.025259617402453638, 0.6811129605098438, 0.19746604441692228, 0.9490993782069708, 0.8463963717551073, 0.5690254067326027, 0.9618684303729359
0.14302683761736368, 0.13518212231036086, 0.6500285657888937, 0.39975458831175636, 0.6557932670343691, 0.21261130669176587, 0.4608851821891461, 0.2642741180256578, 0.6148790305073608, 0.7532532515784798, 0.16703151114575132, 0.5550607499303322
0.05970410822383887, 0.12021704081688644, 0.7934717204794872, 0.9326649893131528, 0.5160275796512391, 0.7047053864436774, 0.45472168419876746, 0.9218919061140026, 0.4767355684463054, 0.6071604532911348, 0.6239844773985292, 0.021356794040006122
0.6782796982882755, 0.8628602827374926, 0.7305600686247511, 0.005092472448939955, 0.09358785272734338, 0.6012870862387647, 0.008058624859861974, 0.5884056664205395, 0.4954912172020465, 0.6823394482267208, 0.3110863360110453, 0.4860556693518452
0.17655852935432925, 0.34354570895519365, 0.7800163583841556, 0.8717404544800043, 0.03988990525392133, 0.7247501504696446, 0.6860081733799838, 0.27646973048889134, 0.9586875234190508, 0.037204898470013514, 0.2347828634620579, 0.4544788132789096
0.09941073461233718, 0.3127586734064657, 0.4812560954910604, 0.3217087350039699, 0.8771076814477657, 0.625577921186729, 0.25952676085942195, 0.7467434119737139, 0.8748663139098408, 0.47699360849245287, 0.4387148709417077, 0.47062500279057384
0.07547419087372587, 0.8055754223334514, 0.5197790032303256, 0.9517179769650842, 0.7837367770528973, 0.7580756633040088, 0.4287815526612503, 0.49214872297237433, 0.4964807970835543, 0.2148514624707195, 0.7907723923256852, 0.013176692688710023
0.985670191978266, 0.8722450928453878, 0.9799997337228449, 0.7767416267052621, 0.08522305992657919, 0.3841001648181914, 0.023617392752334432, 0.9374886019797106, 0.9741515547533198, 0.6033139733985708, 0.9852154574893645, 0.37439959548263113
0.873158944764999, 0.5038597653708002, 0.03914746747161324, 0.1396726797461293, 0.3424865405037961, 0.8117646781213105, 0.007549976638603462, 0.38355748127776734, 0.12180248411499006, 0.45548411447525516, 0.6380214599840639, 0.6421781677429973
0.9457151924382757, 0.5240950570130939, 0.535409886595277, 0.46815094904769816, 0.31570235420753967, 0.6214166480268599, 0.4225226035240601, 0.2847891084123845, 0.8254859891005819, 0.35939788140453466, 0.8046247738860401, 0.6684667847628101
0.13752555100271957, 0.3746322388573201, 0.7621649973675035, 0.9706542973110242, 0.7730506950356555, 0.4888179737779653, 0.06297720747164248, 0.41003671882763293, 0.04520822369541877, 0.6865121782912827, 0.6356487746945668, 0.4532530690562472
0.721845751561903, 0.7745129296337535, 0.8070761365026123, 0.6508166280455839, 0.34041750035797536, 0.6564184909573522, 0.3748024067440161, 0.5938486684800751, 0.4277192679013061, 0.9680435763960221, 0.3710348009237462, 0.632562895475237
0.5710115887482136, 0.08984399885872618, 0.9141417425872408, 0.13267665709560195, 0.33967179434128136, 0.6499805768431398, 0.5900824208930792, 0.5886836070638498, 0.9073369878849173, 0.004493945967465551, 0.6061315095374591, 0.43185376184163893
0.8191798951664577, 0.9314764016519962, 0.8741546213849657, 0.9281908372067281, 0.37376227813673835, 0.15143226436755852, 0.28449902191442855, 0.2156233468708223, 0.5504602591173909, 0.9473979494575367, 0.6596740234584435, 0.8598936357274026
0.4874721023333686, 0.47089757409761124, 0.4948448641404928, 0.6686829005543949, 0.32586397066469985, 0.3356991482336503, 0.38204660156205095, 0.37274704196683217, 0.2520344592226611, 0.3937702117472064, 0.39302382979145467, 0.3573281839557262
0.5961778873605798, 0.41379471662342204, 0.4578382628658789, 0.0219540165250961, 0.9274615055482026, 0.6880532015294869, 0.12891332068874806, 0.43435826745192585, 0.750784753180567, 0.7253008722570445, 0.9612744790826407, 0.3436584375907381
0.631855846520298, 0.7490639355051885, 0.47156107639256173, 0.22970815595672245, 0.63269803938522, 0.7845871260473715, 0.2153751564531492, 0.8639932203959919, 0.668919026845283, 0.5577287724801481, 0.07055701816095394, 0.18926109673410452
0.06340946012440007, 0.2775581393209987, 0.9923994418153578, 0.2732627839057008, 0.10663521803597953, 0.9582736847423442, 0.9002765326535913, 0.9105286069259895, 0.09529675769052759, 0.9863387180326338, 0.5768716349087191, 0.04748803987392314
0.06465224998740526, 0.2689275051611004, 0.5260208423379574, 0.41830447343525545, 0.7117558028698516, 0.5356190313423906, 0.19607382803718487, 0.7413395429919677, 0.9044871637829185, 0.09566643502641448, 0.8557422812957493, 0.40113274966069734
0.3725730879582284, 0.9796183026568893, 0.9119761792976657, 0.34943784080594764, 0.3201538575471252, 0.6552762330830605, 0.09438916970069378, 0.9898019605582304, 0.17699199714535563, 0.4514417865218251, 0.21701620036176106, 0.17491291837254663
0.5284866290846398, 0.13724102260926196, 0.448144457904042, 0.45095423553824443, 0.7026048088717307, 0.02002985685483838, 0.4678240182017329, 0.8952575371822066, 0.9468493800434258, 0.36423193707599333, 0.8241948472498608, 0.5328320038209565
0.9810866508930762, 0.49763251152433063, 0.4993631275902367, 0.3388576298075133, 0.5356606489352425, 0.07373839732844045, 0.3897765081782014, 0.32791238080423857, 0.9467967874086681, 0.9369129063532211, 0.1373478686594286, 0.08693701570092371
0.9179408405023782, 0.36355575732701273, 0.33304849808970305, 0.6932035224520614, 0.5344855113118216, 0.8791973863328693, 0.2865270947223949, 0.8231402373078571, 0.7599822950562465, 0.6987026196564908, 0.8247987481114877, 0.4076520824420278
0.3615573205040161, 0.10323032736399596, 0.041330072012659036, 0.3090704462580349, 0.7889695070410966, 0.2950807783844259, 0.6114078077993411, 0.8286112636048883, 0.5770541673215837, 0.8695285280930575, 0.875821050414251, 0.9901731715566435
0.3854208968748144, 0.37878623786696275, 0.07824157545550592, 0.9753831624475648, 0.72631903216521, 0.19954509988353608, 0.23702821712429534, 0.1856950053080214, 0.7887239189951765, 0.9521566113233574, 0.5609157522383988, 0.3550346123112236
0.2770845107437271, 0.8951500202655708, 0.9413971669716175, 0.8209770356429863, 0.4518440976434658, 0.12738688715712876, 0.8718608758761535, 0.46991695503538067, 0.7370227440558771, 0.13028043905301478, 0.05051024660959269, 0.9934834268751496
0.2814312440424034, 0.6716467282829588, 0.4810513876733522, 0.5625596990150302, 0.8252757790604146, 0.3657672877957451, 0.4475864579140224, 0.08700963971951414, 0.6877040256008294, 0.80106521496627, 0.5630211645033553, 0.17027994396422552
0.6575468056485853, 0.1324856093426129, 0.5587975355623991, 0.33326863094373516, 0.5580440221003561, 0.21383349309566513, 0.40842547156668485, 0.22444384898476055, 0.15108529454329023, 0.3547561739824655, 0.7457275862955125, 0.3000378988715465
0.6108580567796239, 0.5750437362012372, 0.40773478854217093, 0.890554842255754, 0.3277258105707568, 0.4988852877232126, 0.4944723776113614, 0.6614487014003898, 0.734510775745163, 0.9711317736172764, 0.8783045977802666, 0.6531367635133006
0.004178748656311848, 0.25399688079304417, 0.16373735906338593, 0.7334436751087644, 0.5387176235915898, 0.5211369670691586, 0.6309428875178638, 0.46690688250555734, 0.4017872887037648, 0.6272164570983496, 0.4209722884389654, 0.6928639299680617
0.8857909331780355, 0.13347573418201897, 0.9838948857357604, 0.5540568476991169, 0.2535013138189388, 0.27935671065741974, 0.3811418321072336, 0.19705125313291982, 0.5318948840659069, 0.770651658172489, 0.28300929031601785, 0.9501911813143105
0.6356481432710577, 0.07486649414816593, 0.4162631473890914, 0.7324119363099317, 0.4077316699195712, 0.07689905696587529, 0.8561476784440722, 0.7648877331264474, 0.3469572582688676, 0.5193237449866273, 0.46032138923555566, 0.2960623706093338
0.9928805071731434, 0.24703185997273946, 0.19622094779547672, 0.5434511808143757, 0.655401744142626, 0.6270019613699293, 0.2662731757010115, 0.5907192197790856, 0.7576531710887744, 0.32261631831881754, 0.08490578449440245, 0.928543055189659
0.1364686288092365, 0.4529479382168765, 0.054397355255518254, 0.7999692620430453, 0.4986665082952191, 0.45613471436506947, 0.723088396780672, 0.024914953992047906, 0.16818294339398587, 0.4155992584739885, 0.4710712872553604, 0.5847644076140036
0.30658210574254563, 0.9080591728936158, 0.07921271408994723, 0.007426079486653303, 0.526558608939853, 0.080743029801155, 0.28485684300845926, 0.29393901160621394, 0.13426180457565828, 0.2486530768308961, 0.09840160323499858, 0.4720660568591102
0.6046516837333124, 0.210436673365329, 0.9587867536175408, 0.2867053539040233, 0.4796016596778281, 0.16568677416936872, 0.5644031648303137, 0.7545301689177085, 0.8175095075686651, 0.6888161232266578, 0.37475258586447757, 0.6177515736700269
0.14904202747441908, 0.35441203547340694, 0.02662664168553952, 0.15537105336046753, 0.28577676113177564, 0.7745752591735486, 0.967535837340119, 0.6708945502200665, 0.014326672904007576, 0.535283481626136, 0.8887123565979713, 0.311952561396888
0.5364012344372774, 0.06424978697267292, 0.8706565589689349, 0.8432384128620972, 0.6429265566011997, 0.5922942012143795, 0.14285574203328033, 0.021583754946092437, 0.7367179583691377, 0.9495447877215704, 0.003518802977627633, 0.6273197337199365
0.996217566504222, 0.03898294688996151, 0.08578590049213297, 0.8764032256627569, 0.04450556642576309, 0.4957877756057206, 0.8046996544023282, 0.2706744662703898, 0.19471247906232636, 0.9760469895574467, 0.7583382213431529, 0.42080435798283455
0.1100776623977826, 0.9343494943054083, 0.3378394966762238, 0.02314702281832981, 0.914001173671143, 0.5061244757952412, 0.45399783313109243, 0.04102917716493759, 0.17879592350344597, 0.501241437046905, 0.3468446132897146, 0.6777455558620578
0.5767287932712454, 0.16711514387172688, 0.18106454440722397, 0.5154007746035314, 0.9928885092898229, 0.7928424111882162, 0.5624058977493357, 0.8153559197643924, 0.6215686778935613, 0.3821947368731209, 0.9564732898301816, 0.5599321594767536
0.8972089653739008, 0.47278395086850167, 0.35576235554710556, 0.7887474798464835, 0.9076089015824057, 0.6959375054585252, 0.8149163162538728, 0.0017232054903468796, 0.4575882565858854, 0.589749146866929, 0.8523173241124864, 0.6195814472463463
0.14859852227155257, 0.27082853175416666, 0.9479093843286359, 0.9548432270511186, 0.05794925548411545, 0.5279110809961981, 0.1169477595602253, 0.4910169186621379, 0.8130096063041663, 0.8688068738489083, 0.056004517478222215, 0.5715816240408048
0.5636304131460679, 0.03693150887967733, 0.6589452358777753, 0.07628689041493697, 0.26894125390241486, 0.5773815369153144, 0.7326486342701645, 0.9444692055076584, 0.7182974568264487, 0.37194873235663983, 0.9571684885565437, 0.022278402833070254
0.46201698589426554, 0.905239672404657, 0.9541080798800661, 0.3720071806419265, 0.04433229997195509, 0.9220189389664472, 0.4691208474571139, 0.6012789049821793, 0.04415397642863739, 0.14344719221851865, 0.08423440155597739, 0.9790785437954777
0.3312665232328659, 0.022103376248117645, 0.35783102243306697, 0.49880662638189854, 0.1310743206811804, 0.09873932873712998, 0.9074146240876992, 0.2677640922508109, 0.4425223673996811, 0.48616651783111464, 0.16059054144842155, 0.19399593762802836
0.5807246333505088, 0.45403759652926023, 0.9736555281564649, 0.6069478992880855, 0.08110777330141161, 0.9022042348855649, 0.5432695141368314, 0.5961764012293989, 0.8878971746866384, 0.33891088494340904, 0.4393601477663608, 0.8842563182441844
0.4322365878380965, 0.6977343419203604, 0.6828170049350195, 0.08556973528673117, 0.5274328220689318, 0.1422089410258146, 0.025946536679262167, 0.27228902253234544, 0.8152303456003578, 0.1772172830225326, 0.029484942906718437, 0.08616738382675049
0.7464780624486524, 0.7577117216269967, 0.6293384191601145, 0.6705876328381245, 0.8488660925325344, 0.728261383840748, 0.4670785686383453, 0.22202709117302055, 0.9633295556227345, 0.6736691349109406, 0.6751568959234528, 0.11536806696660062
0.4579394908878296, 0.29580785746629923, 0.2940703901119821, 0.8367810208507896, 0.6951935425760256, 0.5651647756913721, 0.9643275013048055, 0.5456205582554363, 0.763432320620399, 0.021675161569975843, 0.5370446442652141, 0.5675830768673108
0.06377340046005797, 0.5263387170230994, 0.07956492590419895, 0.059493916785326895, 0.17524943534143356, 0.5030243995844792, 0.7322219274231776, 0.5500930234549891, 0.49974333184575115, 0.07142637672385044, 0.4141902620346848, 0.5821694490579956
0.6857784592876354, 0.2710100838718662, 0.43842336355719413, 0.10033716627450628, 0.646962594176183, 0.5597714358201531, 0.3333431760974277, 0.9162046702667718, 0.9180396135932573, 0.11354627720411747, 0.4543081964585334, 0.3482090067672522
0.6319050199731497, 0.9967965026551344, 0.5580918244347374, 0.18164601889622745, 0.7209510910268985, 0.4414053247780161, 0.7160901261849408, 0.08210775111421253, 0.9787221003929845, 0.5112449621283204, 0.0900179321798037, 0.006820280466795503
0.3860608640242841, 0.8121476605424045, 0.5179073359151416, 0.6074310606635569, 0.9952822637736325, 0.930529219635106, 0.7558742392837553, 0.8416894787047652, 0.5238854715500275, 0.29010300252072907, 0.3964973091958113, 0.19235473710730577
0.0775469455610861, 0.500869243698742, 0.31610209359853336, 0.5499473925306549, 0.30609701661833066, 0.010963226331209386, 0.17876481804088007, 0.6447806188183749, 0.9026665835845705, 0.7853460122032658, 0.5329552532388446, 0.42401812377660375
0.06901000548063874, 0.4385786098521418, 0.976015641416681, 0.7985730702725133, 0.5989900295559177, 0.20256434031743653, 0.24363916509634165, 0.728080335363524, 0.6238923637293711, 0.935958436922253, 0.2712565059001393, 0.9457432588814783
0.7707933794700905, 0.9577729439443178, 0.621164858472474, 0.8087815170803929, 0.9345908825481827, 0.7903099968520491, 0.6274962787856633, 0.9578158455491961, 0.6567513237705037, 0.5218825162313725, 0.719085627543778, 0.03670571847581905
0.42527005725686107, 0.6256464855820291, 0.5400477204826517, 0.9660582071194083, 0.8695448969812208, 0.08002422159369316, 0.36771933911092225, 0.31875543508161575, 0.8944280790738123, 0.890089027978594, 0.3540457387443864, 0.9661481380847465
0.2081092756014642, 0.40730933954268445, 0.28955547331920684, 0.07969867121554541, 0.5455173319236376, 0.3733949287785604, 0.7091180264232542, 0.9358863412046389, 0.2898524382710257, 0.7407872649657349, 0.1182699051280297, 0.24275412647201444
0.4102525005924581, 0.06687859738989244, 0.8525502209777018, 0.8431279715816185, 0.2509058638407856, 0.4870842874320964, 0.267136234984652, 0.09210735120326397, 0.11479179658347827, 0.5841062259759395, 0.6136823578601882, 0.5050644908968147
0.7177482770327394, 0.38938299161101897, 0.21107180303677264, 0.8445592146968177, 0.12475907183250334, 0.3787553355097235, 0.5659396857588467, 0.15052847323662466, 0.5331831125363424, 0.9647935207117193, 0.11436412337757373, 0.08183758111291972
0.8768673598551916, 0.6967825820219791, 0.8603091041649097, 0.5148623393743895, 0.5844940333638532, 0.36871499405123354, 0.9013756136598873, 0.6835354356097314, 0.7708967021704052, 0.771057404213288, 0.22155979337804155, 0.020752620703118785
0.592797709877584, 0.24897946222956713, 0.1464493374758028, 0.21233341110018011, 0.20696604825285436, 0.4879378771094979, 0.26053699593021173, 0.9974167435620697, 0.45929475031125866, 0.6206520438015387, 0.8795235161835577, 0.9316506051277013
0.1918216135833758, 0.18761736932631645, 0.3467591068691356, 0.18002976462737963, 0.5424027181738287, 0.6406959805586998, 0.6879446169070252, 0.11501887576747882, 0.31889003921924763, 0.6779519810629113, 0.7553881726923194, 0.9940549093485558
0.5147003886034328, 0.6012188791892934, 0.37063697912712146, 0.3425199499739433, 0.3039654733528169, 0.3954473127748912, 0.9807348999371319, 0.059602898620022327, 0.03949747751334609, 0.04881116757185078, 0.30586687642447086, 0.7362173459038867
0.44449374770003924, 0.9128206640475998, 0.07627328928741572, 0.10727869643304921, 0.1722515349739625, 0.2032959246119832, 0.11871917980689428, 0.5419021364328284, 0.6375431099757796, 0.8567625742713181, 0.6198523995064508, 0.23121591163998756
0.7976456581390411, 0.03409938554586567, 0.34258391764451623, 0.38351998303318846, 0.19065483555000395, 0.7867240699464024, 0.5061888544995581, 0.601187634772365, 0.002266802385379907, 0.2519465286705209, 0.33902619126094624, 0.6087179591868161
0.8016801495549725, 0.9350316941972988, 0.34130051273242534, 0.12553278808499957, 0.014745747202201787, 0.7976423415903128, 0.8904976637397835, 0.5997893044987052, 0.7640163672737911, 0.5351754434713966, 0.5938080116223281, 0.5002323919874662
0.8958947645091013, 0.15393259884431343, 0.9851993406160064, 0.3675995434218794, 0.6855141671196455, 0.931150034450131, 0.29649839219044216, 0.16635838047389573, 0.36033809522593196, 0.9725844465793534, 0.40838948834390076, 0.7232694406809058
0.9703820355000429, 0.6029255138466509, 0.9284841265970641, 0.559483267972619, 0.8353634105125513, 0.8486409328740124, 0.3754054291512613, 0.1903068882866047, 0.880640067498269, 0.09982562002685769, 0.6566256379543176, 0.45256951350056085
0.3011470364698291, 0.928253127461211, 0.99554465457267, 0.2105464251650907, 0.0653015807556061, 0.45808439354788644, 0.4582412351311246, 0.8035575488750013, 0.47789285335952336, 0.8040208947448826, 0.34048985395868125, 0.13881860031849402
0.6737484121562861, 0.08374289678008384, 0.15268982385981333, 0.010327630542167565, 0.6840369651258413, 0.9574131633182683, 0.32122368150094127, 0.6230054563964542, 0.9407670669245681, 0.3146993297187095, 0.517300275500028, 0.8459388846393089
0.5467407789714368, 0.21780574237910166, 0.6525068584040199, 0.015149204575610309, 0.7313361040276914, 0.30829028101967415, 0.7685670556756751, 0.7361941688054359, 0.9504819128101464, 0.6693785192047603, 0.7162925895457385, 0.8429742765082171
0.49446840093312583, 0.3880976857461663, 0.835217211183776, 0.20230514316787063, 0.677194694308219, 0.6624127162315082, 0.19508218266660726, 0.7681412765218493, 0.23379062607968604, 0.4935439362419247, 0.8477844075444855, 0.8969193926044629
0.6674338950670275, 0.21107062799847687, 0.18343783401630032, 0.5915482501689403, 0.6638286163453134, 0.2666779060928296, 0.44605057129833736, 0.6156294475454649, 0.6403922263787282, 0.8086197012007412, 0.719173573768117, 0.09393027564903234
0.9036420006387791, 0.5586782931969668, 0.353166691139834, 0.9447083072980442, 0.15395609495770812, 0.4375379118436259, 0.22077454858820011, 0.11398108842202104, 0.9987612092705109, 0.5072252456655317, 0.212984191724641, 0.2490962984373728
0.5566421792781009, 0.9108879721034946, 0.9667689805191266, 0.3939598311272908, 0.7240453692323473, 0.904377193039409, 0.3039710046234094, 0.652730089088327, 0.7914731411871105, 0.7723205473576953, 0.8913805804058353, 0.19790596233630975
0.10198277268236655, 0.5851123674064763, 0.5709416515673671, 0.5831080350545474, 0.05471928118743574, 0.09417991055830277, 0.09396508603543996, 0.6637282171144856, 0.4448321192132646, 0.018358563540286865, 0.8863026439502737, 0.655633519051739
0.6958595972070264, 0.9059437692695231, 0.5024116615037245, 0.6808423777776841, 0.21110873274688513, 0.3343090462869517, 0.8783932782202991, 0.3495737672492366, 0.27074774004787605, 0.5020611357959671, 0.3920643861490175, 0.8350139476756557
0.996801042847981, 0.11766899251432694, 0.20720147540445788, 0.0005083541342628672, 0.397506345217283, 0.9146199272637209, 0.5628072975266734, 0.8353655758139099, 0.4782028753856489, 0.23078100398330814, 0.7631557580456556, 0.9899739284854814
0.0418682455513355, 0.9045476604068879, 0.7470898844661233, 0.3371110838154088, 0.2455274813724585, 0.5165702643594308, 0.010999733475481444, 0.8036080847445638, 0.20390228888735362, 0.908903992146816, 0.4600556533693011, 0.5093370817016325
0.5772751122699478, 0.2850889473538256, 0.5650656298990753, 0.03282024635974856, 0.4214507316848535, 0.7105013980206839, 0.9078363972031428, 0.37383239047168915, 0.13442925927993066, 0.8344120905735366, 0.8941435199355756, 0.8926747050822202
0.503235039036376, 0.4271432578976053, 0.617095323954791, 0.02491031901680618, 0.6819427356686732, 0.28032511074043887, 0.5878905359459073, 0.9049212409611693, 0.7941057037212024, 0.35531577462123287, 0.29558769207967994, 0.3590985957398716
0.3551650907367939, 0.5766898181516817, 0.9550590775966254, 0.2528225982398197, 0.16133737892365818, 0.34138137082197106, 0.5776158594699565, 0.43630328544756014, 0.566415348589828, 0.09562136521284359, 0.45764796415563136, 0.8963876036720498
0.9424074777658245, 0.30619602025188175, 0.4775072020645539, 0.2990173982015738, 0.5116165674926876, 0.44964033187693797, 0.287913297686322, 0.3110813860555516, 0.7594219388600274, 0.43184756005782965, 0.15269490069219227, 0.8634778778487389
0.7137649065830081, 0.089739778589083, 0.8859303294182961, 0.43775176421172013, 0.6854115338714559, 0.4499049582664105, 0.7428440910421709, 0.6239687593729104, 0.9921762616062564, 0.4687069816888194, 0.3109896643312049, 0.40845955682254875
0.010615798539583943, 0.721254132172184, 0.6223521338240838, 0.18148812491861888, 0.7111318906469313, 0.2709019006938521, 0.5824652508607496, 0.4261453764748373, 0.018254780427341744, 0.25765742603565434, 0.9957157882846659, 0.8157628611567443
0.10951992057420923, 0.6232229753180895, 0.3262205801016774, 0.031267456922417614, 0.5337223499673555, 0.7832882461475088, 0.8413275975264979, 0.7643342726275821, 0.4511443177488058, 0.10517927961702667, 0.16723099691417198, 0.47252958771964637
0.07130592328173446, 0.8864284616090723, 0.9825563182145558, 0.1782835609952923, 0.5368036786888774, 0.7038216413182625, 0.01276145657099037, 0.664781532491013, 0.5745213835316333, 0.5902500912369585, 0.26747911039150685, 0.4988225486011372
0.11833495370628799, 0.1102292146491527, 0.459069430875619, 0.28155738007908626, 0.9198356042603759, 0.22314496509012216, 0.2840944891629422, 0.6542844915872373, 0.3527826381155914, 0.7376864820844617, 0.8319116716692168, 0.3722101586827167
0.5886369806527392, 0.3560139997242189, 0.22917395818577768, 0.8814538220330886, 0.037854511176462546, 0.18777152194930669, 0.7702440788634762, 0.764166070419127, 0.9980433949776234, 0.6328867921651141, 0.7086845583736263, 0.7105924202538457
0.662122478630366, 0.8104372744470768, 0.7026559462398251, 0.7548020277030199, 0.8747468301733257, 0.837381021114101, 0.11598580825943627, 0.8829383110452127, 0.7416152050563165, 0.5198831680000364, 0.5632341799315937, 0.4837980024985553
0.52800080424,348.638293368,1618.7541764
0.112378925191,359.701924298,1478.80801154
8.45311103684,747.684634248,1802.52332665
