$x1,$x2,$x3,$x4,$x5,$x6,$x7,$x8,$x9,$x10,$x11,$x12,$x13,$x14,$x15,$x16,$x17,$x18,$x19,$x20,$x21,$x22,$x23,$x24,>>f1,>>f2,>>f3,>>f4,>>f5,>>f6,>>f7,>>f8,>>f9,>>f10,>>f11,>>f12,>>f13,>>f14,>>f15
0.11031335395787156, 0.6985133491720229, 0.7742817699269774, 0.3566155861654724, 0.7110809397116212, 0.5338860297757655, 0.9513264847088272, 0.7695544121924479, 0.5699947337857081, 0.2716375007137949, 0.2387933916527033, 0.8785607302079266, 0.7941825885309286, 0.169479480979293, 0.23417337014658002, 0.24465558718481528, 0.4169900706879296, 0.5274689680525777, 0.7498116970312473, 0.15578551064934032, 0.5173756356123395, 0.45114638414410557, 0.07922101477015042, 0.24449573063563634
0.33977782249493105, 0.5914370549612062, 0.16874866658879384, 0.28915373542720424, 0.26633542049734227, 0.5741977172471016, 0.20715281619936976, 0.9199868569806161, 0.510133821563039, 0.03580426651344193, 0.7082373874674929, 0.5137626062399301, 0.6104680047761146, 0.33323920636144655, 0.47801092568352266, 0.9504260115922344, 0.420764749665718, 0.5437747200127808, 0.8043752099121014, 0.4839114324316709, 0.2993395833847029, 0.6666198922843438, 0.356166623767028, 0.4978835495225127
0.8754035981562457, 0.03617581448728979, 0.9856835239429169, 0.7042414583586669, 0.5508323592672018, 0.28502560147969924, 0.007509773717321644, 0.801287648543612, 0.29337012594572465, 0.7528794135293682, 0.8524304511452534, 0.054597240394799296, 0.43829986457479053, 0.5731190635739967, 0.9019647025908198, 0.8614013159656939, 0.38267427389249686, 0.5128090281035769, 0.48566886889643357, 0.7428359680523282, 0.10608081597617858, 0.4858797098804114, 0.6020823344157193, 0.6928712347085073
0.3001817344409502, 0.28517216998094574, 0.5250398144475138, 0.02976237428163364, 0.02435666331183528, 0.2749578220765876, 0.26260391367211067, 0.4183019027046996, 0.004441087553884837, 0.21301590680588112, 0.3881590311821347, 0.2808646410795079, 0.9509376415029639, 0.6390953144567683, 0.5711713810263589, 0.4757001185674562, 0.3448229872552596, 0.20474442537907556, 0.006645372922599813, 0.912604298442912, 0.13118874471563113, 0.21582901163701274, 0.4972778336705884, 0.08937415338574728
0.9553795022908211, 0.2942440623501612, 0.502592569358762, 0.3592961874994761, 0.4215203612085119, 0.9634744433842224, 0.7992712239337029, 0.9283116225137236, 0.2604785525292105, 0.20087103329513656, 0.0967096599057603, 0.9500784431744539, 0.5810832591788927, 0.3039986508668162, 0.3920069746391488, 0.7526967978224204, 0.7261803028409126, 0.44741600893674904, 0.6626121523047375, 0.5984347231960432, 0.12029053027570946, 0.08160444393984023, 0.6313065368219556, 0.3272591865887422
0.7772310288919319, 0.5595797095510325, 0.5465264380775463, 0.5459833942643983, 0.7903010071486686, 0.3226792641338804, 0.9953777723504549, 0.46725978800209755, 0.20199685769831754, 0.7577547935854206, 0.5583003386615099, 0.3759685309513582, 0.38289650618124904, 0.7475327489922589, 0.9396159616532634, 0.2788062155476074, 0.222755916025137, 0.8371120254592862, 0.23206003003277986, 0.4694665346387129, 0.8206019390217816, 0.7092306838119967, 0.4854510140557877, 0.9206109752088437
0.4051134293837273, 0.3841371279083956, 0.10963597272929426, 0.21600437068736733, 0.05574040098874167, 0.025285950967352977, 0.5799898204232478, 0.154716915346498, 0.30422469252595674, 0.3814879456075144, 0.46238278847946224, 0.6752888774317797, 0.29665282040312047, 0.14305957348486675, 0.5148963681707334, 0.3018323102084879, 0.2458303411900653, 0.7069568557718324, 0.2995457801695912, 0.31253998014590323, 0.17897842689618315, 0.5365176140022073, 0.582359815117096, 0.8435144691358476
0.21390722570401788, 0.6146056009343196, 0.3290867632774179, 0.7182573621872498, 0.4086880065021675, 0.2430961572230227, 0.8272077606818277, 0.17789305659140264, 0.9039538522950933, 0.33312743653823773, 0.20114822342722083, 0.4238023393892856, 0.7681513086191718, 0.6826922573342264, 0.1900549370695962, 0.4570535310291026, 0.23042472392459468, 0.9329506710967727, 0.8069463843265994, 0.0423075258163349, 0.8095758883308524, 0.2644499994813697, 0.9040193695018769, 0.8705865823951559
0.80875549335067, 0.3314281665769482, 0.006904354282129765, 0.5644665798883527, 0.5881796168175166, 0.6783383753282791, 0.8458328265456747, 0.30489064289907386, 0.8653639465219118, 0.3901670268088736, 0.8851947923646311, 0.3209409085915784, 0.6448769923432229, 0.3584543014661401, 0.580135931631923, 0.9909655833883552, 0.6194561243683986, 0.5465970748155998, 0.7873677282659721, 0.7563827784061039, 0.5238914297182836, 0.9260313034447415, 0.9877540863845666, 0.08403891550857401
0.20761913783450037, 0.03872300623765168, 0.5341765165214847, 0.35804748802323483, 0.3405761020902266, 0.26427621105559296, 0.04836946134598774, 0.9259671082824302, 0.6032781624393493, 0.17958284966001492, 0.9184940333941706, 0.06857142671402616, 0.7740343467008614, 0.30802662241093615, 0.9887883933603575, 0.38554353964954835, 0.7561880035805805, 0.6275236065768661, 0.315697915121388, 0.19540958850368262, 0.4645741417821839, 0.45440063085445415, 0.21552183153755555, 0.5388096937586454
0.8369218458834602, 0.3280588955685164, 0.7191415068247619, 0.8841341753988543, 0.44454502519782146, 0.15779394545185088, 0.3675452644696443, 0.8768019130512212, 0.6866535353265851, 0.6640295047089266, 0.23579928688456797, 0.8796934981191101, 0.3113257753943388, 0.14146481331902394, 0.5986720044340517, 0.6758839367624117, 0.3913771995345614, 0.7396659914966748, 0.8120220702364366, 0.9734918354168349, 0.22454832344760844, 0.7542552483023618, 0.39229969771390283, 0.6754166191690343
0.7511251891841029, 0.5239557426408531, 0.8395351691688777, 0.6648280630576281, 0.6134159323973666, 0.17919128619058788, 0.7025220972140932, 0.3397571740763077, 0.8976251815205034, 0.9578171383349207, 0.6227008380170111, 0.5318511716349028, 0.6028776659739703, 0.3339425948865421, 0.5918269639664154, 0.3199270000380352, 0.6224233309974357, 0.8681152523730168, 0.9267428491038174, 0.8755574814742343, 0.6373964558171858, 0.9815530579852687, 0.10748031043167261, 0.5928724397681671
0.34581042781324145, 0.3365730894374118, 0.6798007177278039, 0.805362768416268, 0.05926409481431549, 0.7910387866889721, 0.19992711102613725, 0.6539108194033191, 0.025348942318514034, 0.7792238895161752, 0.051988239496095656, 0.08803906484429613, 0.7812225041990322, 0.14165966415096554, 0.580885522653982, 0.8965638098240424, 0.18920534132478695, 0.00387366078746354, 0.4905572059278981, 0.9586983395494477, 0.9955912290961959, 0.9220982084953013, 0.2042993040560569, 0.23949686778239887
0.6586147723863816, 0.3846524739100958, 0.48597834909768556, 0.7244236846330374, 0.4381208965717085, 0.9694689250393296, 0.2656578647818373, 0.6718476519257082, 0.45947233161064627, 0.41302255643565533, 0.23462079150580195, 0.643501194488169, 0.8244440043809725, 0.23699392853878187, 0.39351780921224355, 0.12942886518024688, 0.4807529284589813, 0.4842635961738294, 0.03377462308888046, 0.3319814436411014, 0.4576013607121515, 0.15993050296450517, 0.47890400168831204, 0.8744127548180642
0.6656784788649313, 0.5248945183973337, 0.8204114927673143, 0.5300296120818205, 0.5047448318431614, 0.7296231677591826, 0.9391042982166694, 0.431520180930112, 0.6249365419378862, 0.5404181957130708, 0.25378976516260543, 0.3628531516054938, 0.9653226616623611, 0.2405293639074888, 0.5784955697017974, 0.08298808671164404, 0.6378240227938295, 0.7089119447475819, 0.1852051190140469, 0.39759615889532673, 0.9812827364779366, 0.5573366731769427, 0.963910472873117, 0.7738951568347733
0.9647836366781284, 0.24610843750501255, 0.4747687156854822, 0.3217468976963711, 0.3852710702635609, 0.36006448398375557, 0.19183142735945446, 0.44627974033946616, 0.07549037341575648, 0.25903356049278936, 0.513894059195553, 0.5797000777619092, 0.7000401149465506, 0.14635581335701342, 0.2258743508458202, 0.9784808535852869, 0.1568056144618497, 0.3280577591991929, 0.9980049256776311, 0.5985922042139019, 0.013631878271338604, 0.9361151985794212, 0.18414909524704226, 0.3935175338097209
0.7547182096352938, 0.9163227807445994, 0.925554400676697, 0.8489842099153857, 0.834674238137137, 0.5851241607531495, 0.5959602204599013, 0.14439578930715868, 0.7051127232391928, 0.06799953440798356, 0.04292166968323108, 0.11702956150842847, 0.05015604424677045, 0.6340967597991451, 0.2755064384343767, 0.5868350228864132, 0.3981719750583328, 0.17268662125799228, 0.36934404766123796, 0.3500314264914379, 0.7178305814792247, 0.6774895800259757, 0.36706115315908205, 0.3098664805960508
0.18182497698893063, 0.06823839127932163, 0.6798011140903186, 0.5494587858097053, 0.5051716033873154, 0.738689792968502, 0.3724463307031195, 0.9589206553088729, 0.23783325376270814, 0.46182475917228316, 0.12604457745507258, 0.745378373511365, 0.8102884171005459, 0.5103104260619696, 0.751133256162677, 0.5183490245448408, 0.21995425298723248, 0.7216064334900013, 0.7455229535861434, 0.8496357984690867, 0.1811361187681274, 0.5778398387039844, 0.9448969666601348, 0.8283344140241111
0.8684272485026358, 0.5615255979647902, 0.8721928353338255, 0.6023949090812932, 0.687454142189978, 0.7415485384376006, 0.48369277356779383, 0.29367326210096134, 0.07686966542483975, 0.7279382361558386, 0.19386154424691127, 0.19903307202811327, 0.3414967157351694, 0.43322144965821596, 0.8802088652167286, 0.4536865638285671, 0.5605752014860138, 0.8256707244212644, 0.295287006065601, 0.1829279883665712, 0.18834740307426956, 0.14403728843524233, 0.32034901676416105, 0.8502029537568035
0.5596614461448775, 0.4531650563931051, 0.7561603190746197, 0.37546940661679107, 0.20759317994924886, 0.5831736624006538, 0.10008110253120961, 0.893979945496964, 0.6105026707908484, 0.2613142677228222, 0.33826379484917346, 0.6986713775681656, 0.04693745808323535, 0.4710538163001249, 0.5435698222646795, 0.06951652901693328, 0.6381580893241051, 0.5909602048035607, 0.705698502775853, 0.022513040244950266, 0.34702727598143435, 0.6520235723763024, 0.46952641115830895, 0.8278126027298152
0.13722213156206853, 0.5775561270386177, 0.6739957903656336, 0.4561990218942904, 0.4443217837862722, 0.47052686967349444, 0.7770416364072718, 0.26646138012940135, 0.8259549748361252, 0.4753776900885359, 0.7156357311766516, 0.7302587779349828, 0.9594723438007267, 0.1838171935393098, 0.03901938071945643, 0.8168051979128382, 0.2375287919773874, 0.07377801018220742, 0.8835859126399394, 0.26624473787558756, 0.2355557895608994, 0.34341495359110585, 0.4155698185106824, 0.9899345917548741
0.9858590486519372, 0.6372831776850372, 0.8263221921289713, 0.24971252622821427, 0.9169950986783443, 0.3310032623759952, 0.5790699971807991, 0.7881384039979717, 0.6713377982675669, 0.49611243063051635, 0.4763405674808915, 0.4909000028576025, 0.054768393512989344, 0.9498143082902585, 0.7032888411453998, 0.024140155057463808, 0.18002684418617998, 0.24074000415995733, 0.35605468627673653, 0.8969495488851674, 0.873134254381242, 0.9448765417636484, 0.35744369608368987, 0.1892719376990254
0.876196762675361, 0.3232165889710855, 0.5478922110277837, 0.9668807533877057, 0.1125334248388713, 0.2555993591250111, 0.5548343349770383, 0.17481970875308805, 0.5195045347443987, 0.3512742825340419, 0.49064432335361086, 0.43416971000841365, 0.5009817567807603, 0.2705114666762488, 0.94022039673106, 0.7071231120388098, 0.23621866450643725, 0.4090500483663291, 0.8277223394060265, 0.6606816017567146, 0.7842991509329237, 0.005945359554782037, 0.18588673215952567, 0.33241059380250715
0.04363977914068495, 0.22890075673117904, 0.030040998096448335, 0.4665396668287397, 0.46748178734910406, 0.056179405228744095, 0.008345591802503383, 0.26053686425776335, 0.5317839154417999, 0.6269986035422693, 0.3015873981373419, 0.6278118485521852, 0.6836283293135718, 0.0896685670598728, 0.1539891769743127, 0.930202922490598, 0.7275141058050943, 0.4818847871898019, 0.7620899637946693, 0.6496351962611002, 0.26788587825864474, 0.7126072571412093, 0.649679422859378, 0.648526380812601
0.4667059263149731, 0.8218386868790426, 0.4304051140016205, 0.6067224137517288, 0.8083230879519506, 0.1294542407819238, 0.6956349782416159, 0.36268841219373904, 0.780731688541908, 0.6716406277787049, 0.9465533161533276, 0.37508029965313106, 0.3129251217459589, 0.5226199060325927, 0.2955037994174018, 0.34590039620662383, 0.6357140817561642, 0.4309328621689198, 0.34577028609849736, 0.24891436881831275, 0.45099432378612747, 0.5286020004533841, 0.9960992591090794, 0.7456002595426305
0.9975281190969287, 0.9266819018532327, 0.026181355776938697, 0.6198695767323783, 0.8024394785857251, 0.8296018066749722, 0.002290321083234681, 0.7995571462975256, 0.2096973578293967, 0.8220233580070984, 0.3563235078759833, 0.18588594721440999, 0.21831862004967972, 0.6694543603248586, 0.18769758295423788, 0.4608204818007221, 0.34141899174265333, 0.3791008598756491, 0.22459159322220412, 0.6394214620103987, 0.2514267138531058, 0.22958180541804463, 0.918921852979792, 0.9591926906227161
0.8834889714874681, 0.15965788194541553, 0.5745930946776435, 0.25963344659863496, 0.12900952789101228, 0.35977216389441324, 0.2559662762635525, 0.7382041192346454, 0.6577174495082349, 0.44819000261360886, 0.019420008765864583, 0.2562862900141982, 0.8640550758498295, 0.6984141458059073, 0.758017584717289, 0.6825843438820496, 0.5744556481779101, 0.8294322022713657, 0.40453102485142345, 0.8914335810521425, 0.7163935093217167, 0.20117669243394531, 0.6133930645512535, 0.5587691834231178
0.6387247571178459, 0.05295430270621315, 0.01397499259702828, 0.10857102447187417, 0.32821151481171185, 0.9185484320441436, 0.9769472087578152, 0.3549217570700195, 0.09200905477640076, 0.46925303770563354, 0.10985558770478598, 0.09331852492807169, 0.5092111589513129, 0.7671615753581736, 0.02968027045256183, 0.8673959445033895, 0.6005604747355338, 0.6004046481695673, 0.2366455678257151, 0.008454788136349034, 0.8584262277594109, 0.6447593436773519, 0.7205951676496303, 0.35014138375654713
0.002928698157748877, 0.14816784699152064, 0.5611190039151619, 0.91020244120407, 0.7320587292873868, 0.344161277767279, 0.8123658592139199, 0.8353675343643677, 0.3801745365657736, 0.2651495404280254, 0.050332053881047334, 0.17568295334849393, 0.5049739325002852, 0.5614238811144163, 0.14351237102212888, 0.43273522792858454, 0.5919093135541196, 0.795553472081011, 0.6334076421931403, 0.9839193625114586, 0.5967317592596835, 0.9112671140347439, 0.21204442791777622, 0.9031763642500035
0.7459996779108921, 0.495357993798174, 0.32532112114276235, 0.7182393294462077, 0.7051598623317348, 0.7401805290207839, 0.5678060591137655, 0.6581173008650357, 0.1227186783363805, 0.2728294095966709, 0.896670226643665, 0.07320415449264883, 0.43804830019146224, 0.003242494347482694, 0.5653458676880495, 0.5483619316735502, 0.4051844638448231, 0.6731539745972211, 0.6028544388647998, 0.22995777700049713, 0.962308129430559, 0.6673596902977498, 0.5826939315692435, 0.022563345848149674
0.932345810542891, 0.05365941688199394, 0.5091222693038396, 0.02355662770853839, 0.05520291790011833, 0.6686813389165329, 0.6336062469434808, 0.6764668910686564, 0.32299957814965985, 0.07123940487106595, 0.2289611951620638, 0.560717389198802, 0.7465406968295774, 0.7348933719865417, 0.7533601551290959, 0.18725927345770887, 0.43818283222271004, 0.5650298886156461, 0.14087445013613775, 0.962932964862247, 0.9913496906977681, 0.386122707019269, 0.486893272081962, 0.12929419980102286
0.0924419865956746, 0.4700369866353383, 0.5661523348055353, 0.07784594576191739, 0.556348313663829, 0.10669944443201529, 0.6628601030763408, 0.747519220987023, 0.6523953297782296, 0.6002066247856834, 0.48171146975339696, 0.29255193881133323, 0.8113816657416795, 0.9233181583769889, 0.6239944672613487, 0.2194877685906933, 0.49400497852332403, 0.45823160384782136, 0.3365646181426738, 0.2116810307387219, 0.4261110582639487, 0.11003435704521691, 0.6008380897818189, 0.3566516794246204
0.9496878382597943, 0.9923478933120037, 0.3333815655212323, 0.11499109276347408, 0.2741066139697851, 0.2988114156900993, 0.3316329378584407, 0.28637024347278894, 0.055776924851957066, 0.7172793169127153, 0.6854177403615754, 0.44460210675503475, 0.17002561373329272, 0.32154998074604924, 0.9182882897631061, 0.6443517132762304, 0.08373334930770004, 0.08546758076468286, 0.08151159421225251, 0.2425535092704183, 0.33173910608695156, 0.8164495851836282, 0.7218307903702024, 0.8344826991732364
0.09069294228715719, 0.22594580696784972, 0.6513885193404062, 0.45798587361959564, 0.5741700103386334, 0.9713782494448869, 0.9224155089643468, 0.9508017043067757, 0.6171418841640517, 0.6013444791417998, 0.6777545008345854, 0.9676642770783331, 0.6517027856636802, 0.24398497963148869, 0.6661094675595536, 0.7361425632912008, 0.1434140827846564, 0.4666231120365596, 0.40109372631962414, 0.7364242349936946, 0.25798728568532026, 0.05613465591510969, 0.05689491086504306, 0.1743873543154586
0.7415457704292195, 0.5566534582847004, 0.14398216728888258, 0.09728531378314542, 0.143321661511563, 0.054859526552654025, 0.7952953273117129, 0.2649548647493146, 0.7534534123993548, 0.8495723507871001, 0.20819159540837284, 0.4904190663787862, 0.5675604292802703, 0.7936074151386987, 0.3021791543320067, 0.3763716524568125, 0.6363900908051074, 0.31275384913172133, 0.09429059323622824, 0.7623133728599402, 0.5800870952540162, 0.050313464527731555, 0.3131875009818553, 0.9336083520560128
0.7286209011840731, 0.11166017585109356, 0.5058055064521588, 0.0985184969297902, 0.5315706405511769, 0.0059152810874067985, 0.4085526746676985, 0.6193536553336083, 0.7484844182441378, 0.5601758793124544, 0.8267938741106245, 0.2493692080452239, 0.2352237884663284, 0.15544812600649116, 0.1280393453210088, 0.7647978510589459, 0.07984588880867871, 0.881887316278003, 0.42047926384017864, 0.8990400567602653, 0.3641647381703378, 0.180605888124571, 0.7993701545698759, 0.14561690812615835
0.30366983684469595, 0.27222680866672366, 0.39143013506250235, 0.8556694090330312, 0.22345867948966514, 0.9325444529541379, 0.5113748961841403, 0.6076392696755016, 0.9485186085382029, 0.44490038213373284, 0.10093975734304805, 0.776480275273042, 0.4189216738595378, 0.5184795479602028, 0.1328683631138834, 0.971906322017295, 0.8180889871187547, 0.004027829900106528, 0.3982864368379274, 0.7331453190289078, 0.33346661765274965, 0.7486675240129268, 0.5239084674087592, 0.6783685517912881
0.1238806263948029, 0.8151967619575291, 0.8588168577330919, 0.7783377556592409, 0.19181699899092108, 0.05929702940029846, 0.7540468965761759, 0.7798601170246058, 0.6882904117562734, 0.9449572313163495, 0.3625146555467732, 0.4462605856085833, 0.4951024859012758, 0.8741931205174045, 0.921458787706819, 0.7624539791422789, 0.04633391436031753, 0.7897412107430963, 0.6875050065519219, 0.4792599482783598, 0.5018182697704565, 0.5977831984786562, 0.3781176401897193, 0.13937470024413445
0.6529086144558618, 0.24099163745988816, 0.43379144376734435, 0.41685622168282366, 0.27570940068383254, 0.9712272977063395, 0.34840368114120523, 0.15120778474678587, 0.7878162212413529, 0.6843910004687631, 0.47966530918938877, 0.8935752534278782, 0.44531976204812573, 0.760303299022872, 0.36455911569990584, 0.4133227041385742, 0.11079322251400558, 0.963060635235935, 0.09571934823511719, 0.08908736613389379, 0.20224411901020045, 0.8866326964790393, 0.15052664849859698, 0.11201245076186017
0.051238040920380534, 0.44387003276563664, 0.3351436529673142, 0.26537760413517375, 0.43578210558327113, 0.8069372496429731, 0.5478628517095593, 0.8178770151744345, 0.6183419841639131, 0.6899143016213224, 0.5963674311705389, 0.5469821817806276, 0.17645564041942674, 0.2603270920328401, 0.16458214875592958, 0.5345661009023277, 0.5201243931383143, 0.3358902720788306, 0.4693014857073926, 0.6963221454688248, 0.7096605220996574, 0.974217340078709, 0.08733222266619256, 0.5154187337974209
0.09679467486112858, 0.9603792682494119, 0.4153474247741946, 0.6591310444291733, 0.5634531261480433, 0.08905453702115862, 0.8087277478325184, 0.031224954596014043, 0.9958029562147882, 0.1641135048512039, 0.8221082729937121, 0.7600312894465804, 0.23301046234394596, 0.5899637948187029, 0.726981923490804, 0.8005806819726876, 0.9834377512243864, 0.4894703581573826, 0.7004639555577544, 0.4510086094616286, 0.894378757650868, 0.3008013630032015, 0.9446703768009282, 0.7517607179136153
0.41750013735156566, 0.5067103843406205, 0.5162467576261205, 0.026300079145893718, 0.3165074712654833, 0.38845766119619496, 0.22399118649790273, 0.9211989359742995, 0.21385766454389354, 0.41308268022305816, 0.7031054756128379, 0.7274746224079314, 0.20077535407405211, 0.884448947953184, 0.2349050840450717, 0.16913676739785022, 0.7637123283640401, 0.24143172203889463, 0.37534349654876686, 0.8783359424426632, 0.4483243567088038, 0.07649913114952944, 0.32144569543071255, 0.23692382741942408
0.6106067465090802, 0.10273857072943315, 0.3264392541786594, 0.6368474005453831, 0.8423761830239932, 0.12408989505207335, 0.09064095689747331, 0.88964422558815, 0.6920631739308072, 0.8512386294927333, 0.21098218732551277, 0.07805237775172114, 0.9273136562078738, 0.6209307147997679, 0.13907984201996915, 0.4904977043106208, 0.17702662517932677, 0.7487517460484545, 0.4381125398384056, 0.28870830291963157, 0.43876544030586806, 0.35857441494299935, 0.270412246085055, 0.21453971394134597
0.06467976609407156, 0.7590062870303039, 0.8394248159995953, 0.19421294731096217, 0.625600727347927, 0.483213868714252, 0.9025707453847931, 0.964617074032707, 0.18275877534110374, 0.6418735574306778, 0.51134622970381, 0.9853398051949167, 0.7218920353921118, 0.45833263724393825, 0.6995269244796771, 0.5369681713116706, 0.27946531232920047, 0.04461510824457682, 0.5028270085571501, 0.8357572452662982, 0.5444112910217263, 0.9456259608765494, 0.5277372348332606, 0.17963867031066016
0.07644482652715556, 0.3016070339844025, 0.1296709327568556, 0.2147925729061736, 0.8061266481780657, 0.45313997618754587, 0.603442110510778, 0.32873631810851633, 0.4605724051811906, 0.6602412761345705, 0.8262191720942722, 0.14777165990933205, 0.19134377308523953, 0.17263444302448572, 0.3097827490436357, 0.6349595750395648, 0.3273145396030116, 0.4621294519278988, 0.5516115491490613, 0.44127116091660723, 0.044817654092516146, 0.5094953214986373, 0.12293627836317744, 0.7869338101348773
0.38220999847605674, 0.6126470107984038, 0.390004739832998, 0.25313186397425824, 0.07582526111604415, 0.31392132794857475, 0.08863391730250036, 0.8874493870454062, 0.05256956717353933, 0.0008464187749607222, 0.6598482371066529, 0.7760988299055482, 0.1276515701095663, 0.8314119634555092, 0.043998706614001515, 0.7185198184094457, 0.9304602034423399, 0.35272566970613095, 0.9219391875830826, 0.3004424505416785, 0.8437669844286799, 0.06776881724695227, 0.4926326149466297, 0.33342868009021476
0.6177359287097673, 0.4554525786169561, 0.8180362561290959, 0.4116248072699463, 0.14987106685395102, 0.6191474574853946, 0.33872508540453805, 0.8905312034667511, 0.20028495436550486, 0.054943303924567366, 0.7702265658126017, 0.2601598988759576, 0.8774999000097392, 0.29681191598362355, 0.768752744405783, 0.7677032338662051, 0.9027429969845344, 0.4810217573889436, 0.6328818347999784, 0.779915530523218, 0.6732062646012655, 0.8524674444397702, 0.8341495799447115, 0.09394964452951327
0.3423009243892944, 0.2935745480538068, 0.3552482768442543, 0.7118521723523472, 0.9731599628589555, 0.5510670014354186, 0.3112876458837397, 0.3630813854339833, 0.29391001274601813, 0.5347275799630951, 0.7354326452565862, 0.5861329126951933, 0.18776646401802843, 0.8098470722033604, 0.8559185158000785, 0.09709033347283491, 0.514309872404339, 0.9724937674833704, 0.2795186757245518, 0.8688729236533388, 0.8250835607449667, 0.8187436797938877, 0.846329720489619, 0.4017434286232143
0.1293991871680622, 0.9368239764053591, 0.8418490913804015, 0.3734631210226844, 0.1386864016498539, 0.7403847436062639, 0.623232248290164, 0.3956154421820349, 0.7270754414906203, 0.9087066239601178, 0.14507984866421986, 0.6940400843626705, 0.5733457286915045, 0.30240577623911935, 0.70555419165697, 0.21110981431905573, 0.7591331963916265, 0.029604182981892713, 0.640624459872864, 0.24874438937256227, 0.13708701617467756, 0.10722684271726046, 0.8793088561991418, 0.7157088576840305
0.7257374883696006, 0.0701934027224933, 0.7001323594211154, 0.03572468205056145, 0.07763466549013509, 0.40462960136006765, 0.24053836172996235, 0.24840323220251026, 0.22942148418921837, 0.8062573822896097, 0.05795036783415608, 0.7097080269752347, 0.933785356956979, 0.4995693594010685, 0.07008088028350645, 0.39711073981409006, 0.31767926645749356, 0.2829543416982647, 0.2440658557966947, 0.2615070018054795, 0.0575569104976108, 0.4133389280032298, 0.050234480994188924, 0.5644758281609584
0.8370566893732685, 0.12530563228254, 0.7303896126049505, 0.6361440066493461, 0.77644229027888, 0.0413509214783101, 0.3216410812800672, 0.55085517027345, 0.9896448990992762, 0.6276843208561376, 0.21587796866924724, 0.5528030418203753, 0.883690084448166, 0.3771900961411119, 0.0901860013106911, 0.36245243648497116, 0.15542248315765472, 0.3039847117256006, 0.7538568081546851, 0.13395125753495774, 0.350923478256683, 0.7085949667059966, 0.0548940394207833, 0.07500257847270875
0.42104404051479727, 0.655253807240016, 0.9230463676893346, 0.2799829340786517, 0.909350150260481, 0.21995203869900914, 0.18881369648501312, 0.7871196729147367, 0.43569440498889755, 0.944829955531565, 0.8098559083092303, 0.45009196799527806, 0.9420504131382968, 0.7750285803220056, 0.7417927568676106, 0.5496367796124106, 0.8626720820534293, 0.14514596281930148, 0.5491092354530458, 0.24790687646303367, 0.9162672732601364, 0.23937100365459218, 0.03849862377500335, 0.2830966353867186
0.5101905699892597, 0.6113354800088777, 0.3094804817678086, 0.22435677248330155, 0.4361002315668062, 0.033584585896952346, 0.6092112677034318, 0.8049979613993405, 0.4453420421295149, 0.7349721405704053, 0.1421916498794944, 0.037477828606380936, 0.3280540590877462, 0.26428824004114326, 0.8394427934433334, 0.8647028377342197, 0.3340116395456878, 0.34368695217942047, 0.42083973118267415, 0.06798424400464187, 0.2357403472499956, 0.09133736873304765, 0.4472777940617966, 0.7755917600881881
0.06825806748929142, 0.44768492937533133, 0.4896929814758596, 0.4871519086594992, 0.9028813119053115, 0.18442744456999116, 0.22426230123692104, 0.31348530997529167, 0.2730464705180463, 0.4938879242390233, 0.9067008161713104, 0.014607042222485322, 0.1044730159525219, 0.6700547792801643, 0.36432791723833247, 0.9075169855223559, 0.5216877380767664, 0.24774448374815938, 0.5166912662899074, 0.4706496387198179, 0.6614379675800021, 0.20686527895955154, 0.8085987770764601, 0.7781102109778517
0.08394648578790165, 0.42240444984372316, 0.18069585583458347, 0.45243271511394634, 0.4251093163122197, 0.9629130859177694, 0.8487319073882006, 0.9723327729458519, 0.9025189551978882, 0.598133146383004, 0.32844500035204727, 0.8318192326735776, 0.42773223786890546, 0.20034501941021565, 0.6952475909392934, 0.48188490524495153, 0.2563153715578712, 0.3554262856218636, 0.9422817737266637, 0.5594916588974405, 0.1973996636492218, 0.4572620055081881, 0.15409410884765407, 0.6463638562727637
0.39456928427817617, 0.9073960069142621, 0.9625782596877008, 0.09304957959907001, 0.9759223004209663, 0.5023845041357713, 0.6745930583601614, 0.9220137717865772, 0.3037734349226221, 0.6379752914795881, 0.47574538329061244, 0.980737137306738, 0.6253673882816275, 0.8301079482757218, 0.9947442314668274, 0.25301347592899515, 0.3660874809935074, 0.9648015794060036, 0.2540872207639159, 0.3664038233526393, 0.31978689746050837, 0.6791321301941975, 0.6283277243961845, 0.0967215980553282
0.7750588142893606, 0.5704848188105434, 0.0004908995175036956, 0.2610511599842884, 0.6515003841459884, 0.4293542030335613, 0.7644909041545107, 0.6049528268554817, 0.7874679554277038, 0.43878450753163856, 0.6468842267012753, 0.44420332453583977, 0.5334614749444555, 0.16884794011688564, 0.540354794028404, 0.568427513724683, 0.17231622117841172, 0.1312384769143048, 0.226299314253379, 0.50624547571997, 0.0546797437173564, 0.3578747063659917, 0.416075040889025, 0.1788821630660813
0.3909195901027215, 0.738550782467957, 0.24163911032875773, 0.7784526545297865, 0.28945215882091535, 0.9569886777618167, 0.44937228262234075, 0.7864446004592982, 0.8644977502416645, 0.06315573955567078, 0.9815744306137144, 0.015226883743400199, 0.8788651461834718, 0.720606571708017, 0.5444778564153807, 0.08426532794711172, 0.8932515071925272, 0.9844045812987954, 0.013496098233943488, 0.03511226619029928, 0.8811719938229733, 0.9245674263681989, 0.6750512314241343, 0.051293167061624456
0.9105857711025117, 0.8274561060694213, 0.06803257744236224, 0.905112670034455, 0.8659653659315601, 0.3977082270688027, 0.7475645789996113, 0.9234700870737542, 0.8280052274907027, 0.4880550715333455, 0.07055415619698147, 0.4968404007325474, 0.15891144752204367, 0.7525277025891643, 0.4614907546797604, 0.8556031580645977, 0.6947207622454183, 0.4770127452728976, 0.2838091371015089, 0.35251171827979844, 0.022949168055675484, 0.11594208269874251, 0.818401900927003, 0.3337828913513138
0.6155594060987679, 0.393688477072467, 0.5958916540474107, 0.09158371084415051, 0.9204002593726768, 0.5628964918746912, 0.4674101685515283, 0.07932401791777, 0.9804474753885202, 0.8806803175727725, 0.9786775198155996, 0.6725721709602788, 0.8708996457999627, 0.929227615392632, 0.5840980238043006, 0.9501421571717544, 0.7227542433518519, 0.6334374115844535, 0.5089265802177185, 0.49261721820044846, 0.8195359000435801, 0.6864061808389965, 0.4094318405136246, 0.3355453194887881
0.44447246131205875, 0.45125932446531103, 0.12304793164894912, 0.13661412072929957, 0.30408043733456025, 0.8667042385892252, 0.3400604596969108, 0.9690812226926043, 0.04285350810157862, 0.6924468885274695, 0.608206410715885, 0.9337279270306008, 0.7364855297235285, 0.5310507959904157, 0.5907927491367344, 0.6703702351845131, 0.5737228959283536, 0.6797126158848203, 0.8737730951597794, 0.7266075375557819, 0.4725152881838076, 0.7573456665922802, 0.1790216193801244, 0.20145355210089266
0.27219157291192564, 0.15791352999069597, 0.2259622485267666, 0.4468534384063808, 0.009306259451155263, 0.20841815706777078, 0.2504902177877185, 0.820797981473337, 0.6157487919460178, 0.3680408035009092, 0.10701683561425823, 0.93646145398283, 0.9897367962530095, 0.7403982219889431, 0.7675428838647016, 0.6488884430014208, 0.31962080222013745, 0.597827617445139, 0.25721977732077905, 0.09460108761115771, 0.7100020009498227, 0.39221238304784567, 0.3472311471980365, 0.4873820054830078
0.7206334682727951, 0.6676182077405611, 0.39998648045771157, 0.382808423516257, 0.7483290962476666, 0.04620241398661917, 0.49541735734629777, 0.43040076593422805, 0.8977305066917705, 0.332040735204968, 0.014165041783824606, 0.54674416834615, 0.23302707693359892, 0.6389245606043419, 0.8162061803603129, 0.01078965364287654, 0.40008249920874195, 0.05406351469710735, 0.8407727339366929, 0.3577462996151035, 0.7444409729563465, 0.1185614332769721, 0.5166374268300854, 0.6530376650724214
0.9917184389377117, 0.2566762187007865, 0.25591131556385516, 0.9214697832062676, 0.5682756442757022, 0.5899841580054025, 0.7873900491700353, 0.9990927470870785, 0.48706720240826185, 0.9501643442599893, 0.32878228391080433, 0.5573875584573061, 0.21173410018386019, 0.5014766914453838, 0.8831375471423697, 0.46701601775186263, 0.0005654397024172919, 0.45233960731708844, 0.5570475765020731, 0.2903330472327358, 0.6379286313002257, 0.8571857588628382, 0.915517394573785, 0.5407216412922039
0.7654587912449436, 0.1845050207311537, 0.28488632383205925, 0.8178547274617057, 0.19027601619327816, 0.19771552769118372, 0.48099250649072767, 0.6372473223823757, 0.47141270890612597, 0.4233350475655182, 0.5054975278138225, 0.32351906126886376, 0.5376678865185099, 0.9841799037593517, 0.7541091348434444, 0.6624393799143704, 0.1863516352721475, 0.7555718909728258, 0.814278493028179, 0.5177228166169948, 0.44652906809100923, 0.1983916972914357, 0.14999023059628558, 0.988417053231575
0.4661450902156824, 0.7607188705361481, 0.35822453665340037, 0.24172034464246928, 0.7238413763263045, 0.14720416072176457, 0.31676733577371075, 0.3869701170053096, 0.3875954346468252, 0.5469089542634097, 0.9412386409860579, 0.9712387421682672, 0.46742816655054864, 0.8886042354150973, 0.798028319005048, 0.7972303001218648, 0.6297441246784838, 0.7790369894284985, 0.347378972227106, 0.761550067831679, 0.43336374556297286, 0.3117034768348015, 0.4097524167489208, 0.6618892294286214
0.11643630992414933, 0.48458169785745975, 0.7527009229227737, 0.512322363967477, 0.7074273837497035, 0.4056459679403964, 0.4938872374538247, 0.5922381749186763, 0.8708165629099793, 0.08920039983607142, 0.5503474390892491, 0.6703720979530327, 0.08117667331734779, 0.4140625865194725, 0.12446180939476459, 0.6748482925786043, 0.2720437466463479, 0.8512621728620984, 0.7324752624184695, 0.33804782444528536, 0.36465733583735604, 0.228983204473848, 0.9773038292827393, 0.3213418869671457
0.7580344576460548, 0.49709939578526796, 0.1803132014938933, 0.7464039659995567, 0.6796270594904312, 0.6662606705569352, 0.09367689901873555, 0.6364091886655829, 0.8811306356350802, 0.38812097075923957, 0.9169617166994962, 0.9204130840641399, 0.5231619621138138, 0.1655993096822158, 0.48757049342250036, 0.301908867374722, 0.15194131098593233, 0.11450502844158716, 0.7396885832472991, 0.7018718792893155, 0.5264219386426577, 0.5011088651021139, 0.04009860231310691, 0.9550623933772698
0.7972476535831903, 0.5618104022376561, 0.37190477330492766, 0.07796375929543842, 0.569945670756657, 0.49269769666558116, 0.8906205007557699, 0.3606892836342186, 0.6560732249055001, 0.20253936833925545, 0.6242251021531781, 0.11286481588853292, 0.696887647002792, 0.5728142502773521, 0.5889993102944956, 0.712191817526988, 0.19344510778857482, 0.4736395031528673, 0.30027589535683963, 0.0813716577325575, 0.411228832025325, 0.8560287746568424, 0.9389721603465002, 0.996471149954962
0.3831474222402552, 0.019766024838559604, 0.5817815032405871, 0.49207697156802144, 0.6493275160739347, 0.7886879394765308, 0.31284188811380875, 0.3196982463529907, 0.2738114280118229, 0.19698243874668186, 0.16652337275186258, 0.4809585292058427, 0.44755004703921286, 0.9876926994894074, 0.9633359519746764, 0.8253326939402429, 0.392487883560139, 0.08274043231630746, 0.770560302591829, 0.1529546344168149, 0.9713646740991737, 0.21411028224740403, 0.9233311651102207, 0.2590951558382475
0.975252301766778, 0.570409998651218, 0.23119702032001144, 0.8769275513591714, 0.09942224853860637, 0.6965377690339444, 0.983030538493198, 0.9921903594086742, 0.42640199281371816, 0.9900457372834894, 0.6260698325178041, 0.6424916336059888, 0.7076497287485032, 0.040832732786321824, 0.9357056262417912, 0.48368864070417494, 0.6220512582473243, 0.4158472486856497, 0.16188261041544483, 0.6579429726991919, 0.5826421981035207, 0.10255075713615458, 0.9939711329022, 0.5357753189075883
0.23106527860253823, 0.15663617719554557, 0.9225044590721426, 0.6541110195664015, 0.6226338833248488, 0.020806096545857522, 0.5110055600539967, 0.5186644097912737, 0.3281251006604228, 0.007470930153808286, 0.8629520008852924, 0.6725082974995832, 0.8305595296799065, 0.0950791611082582, 0.24588183524450968, 0.9663053133350726, 0.7038167024929897, 0.515004941887448, 0.9704160118549533, 0.1430492377323609, 0.2535724105143232, 0.24385895393993107, 0.6140792229778427, 0.2709199038782165
0.42701877179426395, 0.690831845006059, 0.5637655763626995, 0.241270481388148, 0.4311079380503292, 0.978111782206145, 0.4932502159711625, 0.9957859038541554, 0.18356973858493375, 0.7656475547747628, 0.9439295400696293, 0.17017130742312392, 0.40939252316363006, 0.7429909025807484, 0.42630050768721406, 0.4247468172212493, 0.6128613701194683, 0.3274902206765383, 0.5242306040161364, 0.12474669901706437, 0.06125644617359405, 0.15758084506290782, 0.024974871085877703, 0.10950362810206338
0.3434921160840487, 0.3846060456333543, 0.1720755398393944, 0.33770835262009224, 0.5364161157150291, 0.23625846529954875, 0.8049599749200615, 0.2129060283316947, 0.6868957043911287, 0.09392882898758992, 0.8891007493312061, 0.27219757764324426, 0.7511947093379887, 0.5731772998789713, 0.16035704303838783, 0.6484323577451955, 0.19204248636554888, 0.13892943583514006, 0.8040987631365617, 0.013148924725847833, 0.5859497909086959, 0.9415598654913988, 0.15298996365708517, 0.49803371493657
0.7878355106336777, 0.5950481415277914, 0.35677137402636316, 0.7983883558512326, 0.9107027094063501, 0.9835985477123662, 0.3448345252415028, 0.15556844213798204, 0.9707498295047746, 0.8362199539055126, 0.8184867820671066, 0.8462729411176414, 0.725775176212546, 0.14577249659557912, 0.5049938770360932, 0.9864441588745894, 0.30022689805718095, 0.84239804406357, 0.443070459617424, 0.11945235924357178, 0.7961265082975085, 0.7226268692822895, 0.27100939581452554, 0.7595341973462955
0.007114184852382022, 0.9048114137248718, 0.734650248001827, 0.49617254583784376, 0.3731261755581198, 0.7317582060668246, 0.7962975439237339, 0.09966584817343249, 0.8643002259671837, 0.7287258761637718, 0.5906373778707178, 0.010451234347377492, 0.15008458658590207, 0.20728101704876378, 0.8004200955708192, 0.7167463911079457, 0.7862273034785577, 0.22736613093733926, 0.7669562666131703, 0.6230792374238254, 0.7624437573196724, 0.2837434131134876, 0.7982155046796353, 0.11651078289182137
0.6009200017911182, 0.9073366705732753, 0.4875548807613611, 0.8548577234508257, 0.60857644555426, 0.4200381938173212, 0.43646488415983675, 0.8491943064251204, 0.24129642128161333, 0.2408997720547047, 0.997050771951659, 0.8289332655090536, 0.5014863911907699, 0.566726067427007, 0.9735894965195903, 0.25872497975422326, 0.21445150959936943, 0.8517063327857752, 0.9573802650656876, 0.3944039132787446, 0.5039105192498196, 0.2918627828499962, 0.2566655837645777, 0.16128466674350916
0.4445209301733767, 0.8054043658651077, 0.13069333162552677, 0.010557223451532871, 0.36482024382405764, 0.7566860746290558, 0.1967950682698537, 0.18126864401418596, 0.7295683945417019, 0.34488702003809835, 0.7254398702500521, 0.49663284387013407, 0.8026778974692401, 0.4637510648174509, 0.31280551921386124, 0.19048814604507924, 0.9236076716216454, 0.47032670784248354, 0.617918673126842, 0.12428743917007934, 0.05802567796833025, 0.3702487060796771, 0.6700870268782083, 0.5336119090705026
0.6319608441722027, 0.21105722774792102, 0.28992889516435016, 0.3686763977394206, 0.2528207075661575, 0.9285708745210735, 0.04271410765217065, 0.5630160993451263, 0.4842767561860468, 0.5407335008041274, 0.8384000578024262, 0.7626018109869969, 0.49590632185970795, 0.2544741359332535, 0.06604562100072553, 0.19918840791948578, 0.6879698682431167, 0.742967578538646, 0.6012434405363366, 0.004090876933458221, 0.6042996196396627, 0.5010574155767054, 0.1113712476718759, 0.24086213373826637
0.3037843258530897, 0.5603994722473272, 0.19947218449643112, 0.9280728415524193, 0.23405157490606254, 0.5887325564813929, 0.9719400518873489, 0.7635924229432131, 0.7654421613524438, 0.8177804577712042, 0.7732352557131816, 0.9186213947649936, 0.2871695023898029, 0.10416587839519131, 0.544415639279054, 0.10915707920299966, 0.004522872856045357, 0.14728462961660793, 0.13682571245675668, 0.004895802728996812, 0.4152352525775651, 0.04685496966103042, 0.4825930878160991, 0.35191787374433436
0.9904568815207572, 0.4779254082185077, 0.7936827068272673, 0.5524549556194933, 0.8411183418942851, 0.750026959969722, 0.70020742102935, 0.02286510135121511, 0.9653318633872027, 0.13004927901896524, 0.14245072350238064, 0.795315689931511, 0.7121971168587614, 0.631074926052064, 0.896577917007242, 0.782791402530697, 0.9864560185537449, 0.45867797269250965, 0.7826923652851207, 0.9854966663708538, 0.762164717336179, 0.07580435013387832, 0.12203175245250963, 0.899147901618038
0.2650508609905483, 0.28637287604414896, 0.2625301032102324, 0.8527307340340008, 0.2496475524088292, 0.9798885795088753, 0.8194121233005114, 0.8006654114116895, 0.8740140107664826, 0.44511407243296586, 0.03344936274571053, 0.0008598452838375348, 0.8106456425067158, 0.7730883208867423, 0.19674973420041986, 0.1170711957267695, 0.1427648954119164, 0.50618214677906, 0.543632029665142, 0.9611191750881388, 0.18069285163869542, 0.25517953192219955, 0.6703149579723723, 0.6007473313695232
0.34651284299073626, 0.046479727938530946, 0.16340834107348323, 0.8272018560793878, 0.12285181438228177, 0.03713206178563455, 0.18566411637101543, 0.7181814828755338, 0.7275752921966993, 0.15933363274623336, 0.9035549089201349, 0.4679280707739276, 0.8026205862213426, 0.03858250690124099, 0.9686385591400113, 0.023262587772392096, 0.7113872652278964, 0.2182364575434993, 0.6358786579389377, 0.8714774365965497, 0.04010192449664496, 0.7190465992567642, 0.2089750664598099, 0.5455868287621896
0.39263415410737845, 0.5812587254959704, 0.81862741206469, 0.2826700330656121, 0.1984664877270459, 0.7542908509496824, 0.4283787268250515, 0.757949306056668, 0.1659745449325989, 0.4057287004836989, 0.047161784800259454, 0.057863306737654274, 0.6793249830639898, 0.3749296640987029, 0.2886826494542486, 0.6180614512503727, 0.879450969035604, 0.4223754556320398, 0.494320278717441, 0.3911617331796111, 0.749482294878092, 0.28963775007425707, 0.19773610596184843, 0.6243970414553051
0.23095706931897653, 0.17235301142577475, 0.8465666228038478, 0.9105436583080251, 0.7847352856516028, 0.8142875953674018, 0.01208213499117805, 0.37179992863728717, 0.6385772260084798, 0.9906199943886527, 0.27310976191677694, 0.030416840414516644, 0.5600170162523199, 0.7591103911592739, 0.027726923296074957, 0.966816488849282, 0.010712811200816574, 0.1983604116870199, 0.5597049938959473, 0.41234221961707174, 0.40636352440959833, 0.6976460286069115, 0.01719449142860663, 0.07715598114612277
0.38732833570829317, 0.41229945314084315, 0.5140716490415561, 0.7961905388328311, 0.6741480964430814, 0.8573174052724484, 0.8367983086323866, 0.3313370092240432, 0.22452763888393412, 0.37780464374084166, 0.35509922770108915, 0.13574236949844565, 0.670200741191905, 0.3098211413655547, 0.011514667942836398, 0.8293062486179077, 0.6234066870204357, 0.8809136365532597, 0.8214120567893709, 0.024293053227461447, 0.7052841161727579, 0.32893720137403626, 0.9118138239086481, 0.6706480084931682
0.3118804892578243, 0.6910697926304828, 0.0685544593014541, 0.48026720809956047, 0.7451321825435567, 0.11986741358188169, 0.14763780579472674, 0.758053173628147, 0.24415768067472632, 0.4874965709804412, 0.9435605888312986, 0.8362260301067879, 0.7567761542388091, 0.36282828311694026, 0.7130131225710012, 0.7980709057153743, 0.4660321300340934, 0.25511964211638594, 0.0014912523185061088, 0.39261877865975026, 0.44617171063439387, 0.6526557027094814, 0.6692764494675747, 0.058035039192010585
0.12245494125496315, 0.24987752749653513, 0.41459225848146464, 0.4076622632994247, 0.6028568810830839, 0.539671068285041, 0.7499666794236757, 0.3660997025021675, 0.4746397097726933, 0.38110949087264834, 0.7136631270605772, 0.7734219736183873, 0.1090771912748798, 0.2802872762085641, 0.729408987043284, 0.4336608302425772, 0.1023585594202785, 0.22022761689196046, 0.16383875134944448, 0.5253156787287985, 0.33713781219243577, 0.22743998580781621, 0.006392442282959765, 0.16867741211988851
0.698002007724141, 0.29167384766563764, 0.2201334019227198, 0.09792256616447403, 0.11363376850161078, 0.3170443847366501, 0.24609598721372583, 0.06569512587300064, 0.37495932842943025, 0.2650914004905418, 0.13753116093285966, 0.17315587290157552, 0.34671884924155827, 0.9732478479717523, 0.7593296756627754, 0.8170559898189176, 0.3290717989550548, 0.1244181341948205, 0.11085120062491538, 0.11177630442523945, 0.2011206131179607, 0.5041567685133558, 0.40501650775020626, 0.5044791040768353
0.7832998044186197, 0.26661606489917944, 0.3255254826167846, 0.18866889576127654, 0.8746304261271842, 0.30801908656011845, 0.2757857694773922, 0.558008455745344, 0.6578587167640839, 0.3329871314180025, 0.05370709969378862, 0.11324634587198279, 0.6823810056916464, 0.5705270558488174, 0.4197663407365153, 0.2543012927407198, 0.047394352962286335, 0.42946296473330736, 0.9559606486720473, 0.5168337699033847, 0.2844255298674412, 0.4678404977712328, 0.4978609178154726, 0.6055757887850235
0.17682538209341336, 0.48417331476501824, 0.5519326437022454, 0.03994973672298996, 0.34977637775368386, 0.4176824712953482, 0.20608588584475163, 0.45950609726413083, 0.12531831059653176, 0.8461498018184485, 0.31943445448818375, 0.3909474916481832, 0.5722709422533668, 0.8100749171188907, 0.4833049613456428, 0.34241936888243385, 0.3190498820956812, 0.8530207498848165, 0.9567481381738564, 0.02124710532125551, 0.13388190904435748, 0.10412001027481566, 0.9802253155508946, 0.8032064410387239
0.40001277374420696, 0.07900710153309054, 0.35217969316141684, 0.09719649170631195, 0.8278339286448347, 0.8377914758259241, 0.18666515788633542, 0.8470781070370412, 0.9189507973354046, 0.811050434598218, 0.0718671396934929, 0.011669250214777938, 0.4188536587300207, 0.02441570198268672, 0.623368251120118, 0.06382029730363237, 0.7467374272470362, 0.5583339679061505, 0.9046714828086285, 0.1500705739104714, 0.09377877093753706, 0.1345637834647987, 0.31293935559901853, 0.25995782878855966
4.1616340928e-09,0.0772433420893,87.5082470319
6.68262320952e-09,0.0712730337669,101.299140974
4.91874347937e-08,0.145542642117,87.0918606741
1.46244382813e-07,0.377441884968,314.049698287
2.94392923157e-07,0.605483194584,519.398019043
5.95462560789e-08,1.32881595419,355.151424429
2.03943806492e-05,2.7460879306,598.967583946
9.5111526095e-05,6.87517057795,529.860880993
0.00159750686912,9.87154843933,704.691122748
7.95806796711e-05,22.1483296829,848.035906335
0.0233467080907,47.6803818649,1301.71027808
0.00773315531182,92.1669607626,1227.89179853
0.236711526922,175.983420844,1342.79018816
0.451835539934,396.759515672,1498.97491265
0.1990244401,726.354228284,1547.51262238
