$x1,$x2,$x3,$x4,$x5,$x6,$x7,$x8,$x9,$x10,$x11,$x12,$x13,$x14,>>f1,>>f2,>>f3,>>f4,>>f5,>>f6,>>f7,>>f8,>>f9,>>f10
0.39920088693563394, 0.5463321977109493, 0.23919132353494865, 0.28621019846523965, 0.1583862620981935, 0.016048485218599695, 0.16722763966862486, 0.16751047836550403, 0.16183456652338335, 0.11757754308039692, 0.3371226550077232, 0.36690350582873443, 0.9437026229160168, 0.12707748325856016
0.5782404592396881, 0.2057554753600941, 0.5502183994078729, 0.3530904066502989, 0.41142510537874244, 0.37007836314901454, 0.693337831309362, 0.46922136833699546, 0.3051245368084986, 0.23434268110387735, 0.47567376046927556, 0.21118860895366254, 0.81701434316979, 0.03378424568967531
0.6577921228376944, 0.5200149312361115, 0.6144245737266772, 0.2425312763101528, 0.952226371670331, 0.3727520165736924, 0.8395482531258545, 0.28123237492686615, 0.0855465653856684, 0.4996279026372493, 0.8313683097851666, 0.8494465252243706, 0.3084294961885361, 0.925948639326312
0.9159568050425848, 0.6683914425861186, 0.5056744566889018, 0.06530749636881994, 0.482759974344227, 0.4956079177679742, 0.8374065879530075, 0.6537658911746113, 0.5344322777811992, 0.11238712040793142, 0.8671330890492931, 0.07428698630111397, 0.703505554410942, 0.9693246020955024
0.8570743944436698, 0.4680937056874793, 0.28504379226946086, 0.41790316215845114, 0.6223378152791321, 0.6797823899557218, 0.9421417153564926, 0.08293400454465871, 0.7862796380776068, 0.8172521114360725, 0.4337152166516709, 0.5154264825314954, 0.3310660748443863, 0.8325631592588656
0.8367330460270307, 0.15526197804297415, 0.925591117069693, 0.10035983335557142, 0.43262606349467514, 0.8723886983598754, 0.9285021614168619, 0.40906893707080916, 0.6581342233914129, 0.1264904396560501, 0.48710846831227594, 0.25040614630542724, 0.08966297881381768, 0.560449223548158
0.875043072613771, 0.41153193618299444, 0.24458918294330367, 0.8411863604988522, 0.21507196175320376, 0.12255295920549314, 0.5089052319797266, 0.4962535703672737, 0.7986652328403646, 0.9827391901738822, 0.9528744332800745, 0.41415809618652755, 0.4767764423405979, 0.5120967439065868
0.6275997438173628, 0.25733216042288, 0.8982004716249037, 0.8884525058562668, 0.5769507024475704, 0.09669609937554069, 0.7375142347005766, 0.6296268408447339, 0.49145925795019474, 0.28606627617430447, 0.3798575181020841, 0.9193333703284592, 0.8256444724644404, 0.6436609921976475
0.22178061700764884, 0.6949441668579021, 0.09001962274394526, 0.8911773272643074, 0.1963887813339218, 0.16046952721847807, 0.999954481595345, 0.48678420916531606, 0.44346904721443814, 0.5664288663325048, 0.011546206152922234, 0.05651668904405649, 0.3100114527061747, 0.26480085402145326
0.11813852565317173, 0.6061777266144197, 0.06971990748276657, 0.6247063750434007, 0.7602868243339606, 0.6617029978018668, 0.8190015778113995, 0.8944081763735472, 0.8362994254478722, 0.4238134919034625, 0.983743254417201, 0.4663559734303844, 0.11874285208909885, 0.4935754477986911
0.9294638905780861, 0.8005259277957103, 0.19069519103861976, 0.5608676794597671, 0.21407375457789424, 0.6823978638795389, 0.6237957504409674, 0.6317796401702794, 0.8767687518587366, 0.36661772484180655, 0.7547653366372667, 0.39905442459721974, 0.50647175094093, 0.7821531174969458
0.23006864603437382, 0.7175973022282419, 0.2877082116109607, 0.9489368081712118, 0.2819750876212318, 0.23438697539279907, 0.8990529880410038, 0.15467649126666594, 0.7843605031690873, 0.9849833052645512, 0.4385788481333789, 0.32637367152493213, 0.5481283923659807, 0.6627323141155402
0.9070253071367719, 0.18789261444434824, 0.2855695033941158, 0.7523443041032591, 0.46645117204295306, 0.0003909892204787546, 0.6431067184034598, 0.9307832412513015, 0.5361466729215575, 0.4204251199722664, 0.5971031840732741, 0.7152028023264941, 0.4668245206821493, 0.7235282835072484
0.9562300088340214, 0.7974649889521841, 0.3527919046501481, 0.5983362708928845, 0.2607939361142121, 0.9455291700711709, 0.1910932586874512, 0.09730705823190722, 0.4668846458347612, 0.712653538630826, 0.4702191970954295, 0.01601186957557299, 0.47503500199228266, 0.9020785939043494
0.15718043017099637, 0.07052846158540604, 0.7737232971635866, 0.05774845811426832, 0.6692684440513361, 0.42303820847972995, 0.502169229037407, 0.48414435526434074, 0.7164825092410498, 0.8358662258985832, 0.008004598774223548, 0.122584418117196, 0.19621063310948395, 0.7615376047284445
0.09248982191386901, 0.36432183071363755, 0.3970265140048077, 0.6319552814472924, 0.7837003498455861, 0.2488184323803765, 0.5860124047784356, 0.6071799015753875, 0.23660350611411618, 0.8737041957566444, 0.3275099308647573, 0.13618487227370557, 0.8608680310834479, 0.013418528277834851
0.3326625333993637, 0.10787144582052088, 0.015761659874742207, 0.6134047840816337, 0.9774938099377134, 0.5679846156177473, 0.8901381524594323, 0.8947642463748658, 0.9390236075519222, 0.9589202647883585, 0.961097185160908, 0.5241749931810807, 0.40265488684300643, 0.5795963552186961
0.2793613128456772, 0.44075225973243504, 0.34716301985007403, 0.5926847490355843, 0.3467094669863082, 0.692938804544858, 0.822028442021242, 0.29180882393410157, 0.18622966011646291, 0.27417067540710094, 0.14297378755520385, 0.9672880033768827, 0.6829428301623324, 0.559170544500016
0.12696443909248867, 0.4341888635657547, 0.6881480741731901, 0.9558892021720251, 0.5708951253725019, 0.8399461001225147, 0.6832863808571081, 0.8400476344292809, 0.8555492426259712, 0.8870416045335098, 0.847434523239651, 0.991327638606074, 0.15704740737919787, 0.4778342173070881
0.15584266741118946, 0.6103708161288411, 0.1297126962686843, 0.3834933006515998, 0.5928677759052505, 0.6378791920083938, 0.6368501024590828, 0.39262400748679704, 0.9696121719053804, 0.010905102109078024, 0.9842276426191766, 0.9174334510704714, 0.5024811373829857, 0.0022834951971297812
0.7547428959412709, 0.5369960808636975, 0.9951410512279026, 0.005766443654153353, 0.6577356541493842, 0.6320906445504568, 0.4366349045360409, 0.3121439542649358, 0.5095546240288619, 0.22464346345649466, 0.28783877649762357, 0.8981789883741886, 0.16143782468834877, 0.08257491744998213
0.22330222098028196, 0.640402604289782, 0.13641678349248842, 0.891465095259446, 0.2566366944015732, 0.04967194406752462, 0.6051459269949112, 0.22404779606260294, 0.24490485383530636, 0.3226287295084357, 0.08774576581922944, 0.4933182056502181, 0.47796654368479485, 0.04503640805554121
0.541478634554026, 0.5672176023659724, 0.4402384580069927, 0.3042767758627709, 0.5183597038946851, 0.054498803076456714, 0.4631852460141306, 0.22582458315330445, 0.11037446606181378, 0.8868977873842017, 0.5104658004004192, 0.4247754719500302, 0.3729596015289568, 0.10585780062557182
0.22202224376911295, 0.7926011409751627, 0.35707017809397756, 0.635085037873924, 0.18796646948206908, 0.735001797369539, 0.48962211330802874, 0.20083584486009443, 0.02830609348073021, 0.29284594509616946, 0.6382871678813913, 0.5945417714993507, 0.31629948626043125, 0.09714347288533298
0.4671902624522727, 0.0588217261052445, 0.8744191782355043, 0.7314906892239016, 0.9779134125287392, 0.7003206080775515, 0.036650510849442264, 0.2117431709445059, 0.8441397867558337, 0.7989646162185464, 0.07887215826018479, 0.6379422953537331, 0.6605231850429086, 0.0380845554897179
0.8723637331118401, 0.40260636783422965, 0.43066416270233165, 0.6825835253994441, 0.924480537455825, 0.18125559845005157, 0.5516779676389829, 0.2720773409196816, 0.19117543080152444, 0.952214834162138, 0.24512126067911166, 0.6185289526325958, 0.46194822567892424, 0.8954190403081524
0.009427593050639338, 0.40309253067294026, 0.866228543842322, 0.19810360552776052, 0.33651664751441857, 0.9886396044801196, 0.1007607493912891, 0.46404945647943274, 0.8226494326324229, 0.463933650856023, 0.5607141499851158, 0.8063934910370719, 0.8910263807590959, 0.8962017167965037
0.7793435309783239, 0.9607532644566911, 0.4632349365958911, 0.6434089533737589, 0.7433192149972028, 0.9789003833590553, 0.9978994412063329, 0.02950839258889415, 0.27540512359311564, 0.19651496922375478, 0.8766776842635838, 0.10858387430287875, 0.7928372077316946, 0.6768193109019327
0.8338595527793504, 0.5914179494641584, 0.04949024416106895, 0.19232265296975992, 0.7020385944500993, 0.5089263995445327, 0.9743794678691505, 0.9478092637256759, 0.3314745727641676, 0.9408255922489321, 0.21576107995472193, 0.3890714726980765, 0.9173968725987327, 0.14032018613023511
0.9039611787270444, 0.2225799113836998, 0.20338600625924563, 0.4342962367870944, 0.8182397538542032, 0.10656271911503112, 0.8579005408670358, 0.8379691385319556, 0.13291917954971533, 0.32262450563598055, 0.5403772180622027, 0.7416384480327554, 0.04041248992385982, 0.508362802616788
0.1943597480322813, 0.6897560447951545, 0.6876612662131573, 0.48827275583318885, 0.0013903837595024005, 0.2954050609357024, 0.7444235845784118, 0.15600891748586176, 0.35811210894750856, 0.5988507657915157, 0.6538730627731353, 0.31273083408565505, 0.6133028143228627, 0.565697918117114
0.32795778880245174, 0.1828164797450672, 0.9478729841171569, 0.6989276072454391, 0.4069854613289642, 0.06229481353709154, 0.5035890822976494, 0.4821701814563397, 0.44512551922090693, 0.1059403503002101, 0.6966179665001864, 0.4019417651057422, 0.7732809421239394, 0.7465477413503439
0.054855446693680476, 0.7658141438872239, 0.5731857807142632, 0.44825332418757124, 0.4020474141566426, 0.4393554673784764, 0.6930828654707256, 0.3632136918529244, 0.51740947250645, 0.9488761470168662, 0.42139341790001894, 0.24969320702906095, 0.2548006092754168, 0.7463009936920654
0.4681444848062586, 0.0498549626542556, 0.42930624816550156, 0.21321562819177386, 0.5887803213301666, 0.7959965325283351, 0.7275066292052602, 0.9707958106122033, 0.9929169644448169, 0.26951304692344, 0.986281215406248, 0.22681229489533172, 0.448133988890273, 0.46521766982296875
0.9486326719610106, 0.1306907421045168, 0.34537853851462197, 0.1667350446041408, 0.9199986607184005, 0.3508390999609161, 0.6743138452100721, 0.6038869703358326, 0.5189402194840442, 0.8162199140773753, 0.7560046589248226, 0.5550709857257637, 0.4521008123673341, 0.3174060041302723
0.0344559639085773, 0.33051755582570963, 0.7981425461248913, 0.22562508650991808, 0.030008214936455113, 0.03737645541173351, 0.6521398736521573, 0.18556805332523507, 6.715418404179552e-05, 0.9441216937807095, 0.47026468900958407, 0.6094429295056609, 0.8291224817083328, 0.11018800860641687
0.43364549280327513, 0.8224139295551554, 0.3717321074079015, 0.45177263584766736, 0.9860985913144867, 0.663456969007275, 0.2970149866130348, 0.07838290376631019, 0.729683843676802, 0.19521939651670295, 0.6893236836178193, 0.3776223591072806, 0.286899269132857, 0.7517565294617673
0.6611319733654083, 0.2205254977565414, 0.25167427203518955, 0.6012203865993181, 0.49364672829183165, 0.549173401528935, 0.47754094202847863, 0.8122499897625908, 0.9818057296252808, 0.3723693874176218, 0.8043021421417845, 0.37040649579531215, 0.25339974545727983, 0.026184676099965443
0.8883132353404272, 0.08734163201486522, 0.8721434245653648, 0.17684807983821538, 0.7291483348202559, 0.6630526212835344, 0.031785028372518065, 0.6066209210198531, 0.9238621254011993, 0.258599845056912, 0.990081628764052, 0.18793780489301792, 0.028647968760161402, 0.3549514663588611
0.7665126409690929, 0.7659770825951621, 0.9740689219448762, 0.7291642965457361, 0.8265840965227775, 0.48068501609250724, 0.7979518993106335, 0.24524464763969533, 0.806275711132212, 0.6582922888208849, 0.3331256640053988, 0.5447106643488456, 0.6568479545568569, 0.2545111191217555
0.7297350259690439, 0.3235225494239058, 0.6634685156341957, 0.6402951178007842, 0.1142906151340396, 0.39824776320171096, 0.082079290633704, 0.9405480768160455, 0.7199613632675181, 0.6129532442065759, 0.4353327671538304, 0.1738267592613748, 0.2916754076474418, 0.39074573782513333
0.9893019050268458, 0.2635225373610782, 0.6568044789514131, 0.3705534117031858, 0.0506326055972508, 0.2934965407096737, 0.21168219060139326, 0.5230549875511373, 0.008960841536329478, 0.21631183449838076, 0.39224799851222036, 0.7454601774005226, 0.8644244829843791, 0.4072487383911686
0.25097991494779737, 0.9124907017927765, 0.6549335698434817, 0.2838852982205111, 0.11086333082151956, 0.8749810601852368, 0.4117711057618153, 0.0525274077275798, 0.1940086354317807, 0.20973817043902943, 0.3106056004446828, 0.6422470434111843, 0.8149463490832748, 0.448540898746116
0.6158379618435004, 0.47427437243671666, 0.9786220779037815, 0.21100132359227042, 0.7933161880338211, 0.4514143139050538, 0.36381562915002175, 0.7384693901656869, 0.008781518662355214, 0.9142311359351326, 0.04507059081125908, 0.7275566168867158, 0.0052160301536436915, 0.929902924532054
0.7318633423025355, 0.90459238420328, 0.26598598809163043, 0.08144780185228873, 0.25739302707110034, 0.0036854775538607276, 0.652065846514705, 0.2992962355400519, 0.5244228828777869, 0.2368576729515377, 0.6733392624909951, 0.1524696368703521, 0.7471437769566267, 0.5747220130311831
0.014198436681246429, 0.5730463918965699, 0.697303860036144, 0.1658437210372552, 0.6625830922825701, 0.6576328833925399, 0.5754049663644207, 0.35705048514322724, 0.4109492691645712, 0.1310215288458081, 0.3553662013261685, 0.9536106147456914, 0.015583547480833237, 0.3087597392601519
0.3324547981156404, 0.9266085791366596, 0.16358269406163817, 0.048999335345588646, 0.6702820243872567, 0.9208361840752959, 0.28594104003640997, 0.06034955881412707, 0.5041084267734708, 0.07535219097617074, 0.7302469714000692, 0.9557390553137181, 0.9942970171693939, 0.1339133953723407
0.07628645979736748, 0.1483629824998587, 0.793226385818219, 0.00028904247991801135, 0.4186876582025333, 0.3456670769942437, 0.33641372881710707, 0.10498261980920176, 0.7601434284487905, 0.38389056017511747, 0.49664233066767705, 0.1824823739392053, 0.3143228467339777, 0.22169722655205437
0.3718129770121843, 0.7044916212933926, 0.36324126552597813, 0.34398351315941134, 0.3559462360797553, 0.8188965216242388, 0.6550557823964214, 0.4183503658002413, 0.8059585768299874, 0.6520136980992496, 0.39875234405740545, 0.7806491223118387, 0.8885361624695806, 0.4838735915020558
0.07891451192085042, 0.501423375974385, 0.6545840157960745, 0.8465728916559657, 0.6448478712637065, 0.8058407617732636, 0.13123169869126639, 0.9131553317399549, 0.5434554959965548, 0.6326099557561479, 0.2538022383680041, 0.888393379995159, 0.5706795550053093, 0.6802891078517876
0.4790573064995073, 0.5752452885012888, 0.19875165856844335, 0.17708556285203192, 0.6346123049103587, 0.08183945946150117, 0.5935895900628411, 0.4553034002436953, 0.29745127611809385, 0.5790649846344348, 0.8488796394184004, 0.589961241894061, 0.3537496171110537, 0.12046114879548286
0.13757894070768173, 0.5436837818287398, 0.38910488305474566, 0.30485467769471375, 0.26611771775365123, 0.8284357519135287, 0.019900031580271982, 0.7522761799727467, 0.5176585277028127, 0.005436014463818362, 0.013302565928740018, 0.19693716114096138, 0.02091363343122532, 0.9069835661024764
0.913427919604538, 0.87973190281716, 0.6175695272193865, 0.2129239471549922, 0.5082607860281277, 0.7939516632027, 0.1966053211544927, 0.04308271347443571, 0.8426207783535637, 0.5542777772432366, 0.05499536258031301, 0.9095834543469026, 0.3075460699208922, 0.5875976995638199
0.5697174885662475, 0.009238437262526378, 0.3164052644325649, 0.6319362001803723, 0.545307307257401, 0.8679232474523131, 0.9855072762344131, 0.14414107575926383, 0.31843309481254956, 0.48801544235805183, 0.35851803214507494, 0.29784980365555025, 0.23828922418263865, 0.29954229616263617
0.07565726843621634, 0.005744029689339736, 0.48956870472027814, 0.43067833274607503, 0.5360402970431752, 0.9692860737712611, 0.1954309026011034, 0.0856901189344399, 0.3205215348735132, 0.8734344229133923, 0.674378559828248, 0.9499178653110887, 0.9065135886425576, 0.814031726958999
0.7568666853635885, 0.46537815118905335, 0.39818507006706283, 0.2253152529971213, 0.8751848270076468, 0.05932837482945019, 0.8240260839999776, 0.7865895490627361, 0.6944891557451895, 0.9687844006323681, 0.37654064822995137, 0.7712579545166893, 0.3059695549843383, 0.955418791121657
0.04013817176975276, 0.33144192228116287, 0.11592514151593802, 0.875562317293905, 0.7388149177760365, 0.44203033021144633, 0.9873935609187987, 0.983176704106189, 0.2859341238373847, 0.08354556168902239, 0.9359914894614869, 0.795770844749354, 0.8007963828711172, 0.4234047035021541
0.26456201662465617, 0.9743251945127278, 0.008240309872126095, 0.14290183357608977, 0.23476045606550733, 0.31995179684733244, 0.6638183067518831, 0.5717465399013023, 0.989351225959162, 0.32845126879755593, 0.14705653846932476, 0.024541668246206183, 0.9267858523232944, 0.6547126295907593
0.5995859105042066, 0.044248592908201934, 0.4294581380918815, 0.5129398581417787, 0.05311609754521274, 0.19757805858077693, 0.04129567759407449, 0.4793659995044487, 0.7765016405134982, 0.25766679711730067, 0.002553867281954947, 0.17241336877931102, 0.2755763340660716, 0.2636413960605627
0.11183200600124044, 0.5790678315983362, 0.08827384767848845, 0.20300041273799407, 0.5789729326163953, 0.19983196489520894, 0.6524429469161898, 0.019258520109718513, 0.13877401133025002, 0.8374722204892873, 0.1338021405097617, 0.05680072599899755, 0.8210104757653697, 0.29105787725388754
0.8746931924383358, 0.7976911199892887, 0.3078451926695541, 0.8820282748361561, 0.036123554799930124, 0.7882636545847784, 0.6981429565507671, 0.9409354511787563, 0.9317228203063923, 0.18629928023896347, 0.08606613224028681, 0.12081482192658122, 0.6489040028347741, 0.9966467360766662
0.5185453023534844, 0.741534953973849, 0.39828452470387077, 0.7132094551620043, 0.4874662946065913, 0.8067903291518029, 0.2775141876000745, 0.2549953739593297, 0.6992135382110488, 0.23531673373693807, 0.44124071213094496, 0.5556623829011411, 0.47241049078658437, 0.14698096924353843
0.20403815653808977, 0.14111647926893967, 0.5764674589309411, 0.2958524578711701, 0.7558162872506188, 0.06511106984401938, 0.9647253910274601, 0.2277269622929151, 0.2867359989201408, 0.1625997201882945, 0.2814883676266674, 0.505080954189702, 0.12619390453019308, 0.16869325800868484
0.18443538575063723, 0.5071434280446295, 0.22530204103417562, 0.0011216553352940695, 0.10193136101676159, 0.14872414057620154, 0.5181519953014406, 0.6515540930134706, 0.42863058924233055, 0.6886960133818266, 0.6344215086984016, 0.3117353279462636, 0.403151779985647, 0.5341480434111426
0.1802548891749799, 0.20855728722729827, 0.44712556404967163, 0.7076773147575449, 0.47586948056266853, 0.9198291884483589, 0.2989151680649669, 0.5675354896039416, 0.49208720852046706, 0.7150615410315687, 0.48812094523373273, 0.15568148634432466, 0.9564813168040376, 0.4054447831442529
0.42932134295794255, 0.0997452369289914, 0.023874683695918275, 0.5339146612631559, 0.4059320127085312, 0.3665508238310333, 0.177216841436439, 0.6762634204423231, 0.2216435559482075, 0.9998943128394365, 0.46964508711505093, 0.4077093983633048, 0.1762897890043036, 0.858985383954794
0.9732396403996346, 0.6944168776601246, 0.15680527114310072, 0.5007649901206142, 0.7654689209672955, 0.30150155690153224, 0.6214512683313043, 0.2475672139067958, 0.4284323262378904, 0.12899461848053329, 0.26927574524304976, 0.3840949325300209, 0.5886991028825608, 0.3481949926311211
0.2863763684611723, 0.6941389601107792, 0.013125363886639319, 0.4908092585330244, 0.42122106103807033, 0.8517586514770282, 0.8037316861271141, 0.2558111248557282, 0.563411149416261, 0.6206087305083725, 0.43358903845625807, 0.8713144497602391, 0.4002579456346249, 0.081046423761164
0.6646000285946715, 0.44220488267554736, 0.6184408372870919, 0.5751931098154602, 0.9637145900295321, 0.4853389952829753, 0.8981216377384628, 0.9700209947038124, 0.7843904179178948, 0.02814641081883451, 0.01663369658692282, 0.8219499652689491, 0.97790819814135, 0.051144842330069884
0.4692604628101935, 0.8214038830031316, 0.797247505709428, 0.7348972688475951, 0.19153431876732152, 0.7229732432483538, 0.532549016206092, 0.7612464205656093, 0.893522833730357, 0.93771974272216, 0.9765843004777753, 0.09826940797024164, 0.2820876245446563, 0.979543580318934
0.9660521954968292, 0.5559101077686288, 0.8874498058584801, 0.735782525321331, 0.26121187162679105, 0.5159898131100386, 0.21638350083991598, 0.7928585189217221, 0.3760611794931932, 0.8659690288032806, 0.22920805985217418, 0.55708303890685, 0.1626324188976327, 0.3934998591605501
0.028104081513487644, 0.2973465341625344, 0.9733677581159359, 0.14506150129198658, 0.9696961249863957, 0.6832124141970711, 0.3684519619143596, 0.5822271432701159, 0.10130444164231056, 0.7804978581290974, 0.7959134285802237, 0.392874457494637, 0.32723082397944614, 0.3210935294973073
0.6866657062198265, 0.19591723734879563, 0.44791881973746583, 0.5298411940586669, 0.053793539231854814, 0.1743664298765527, 0.19069550224072385, 0.3697872443021627, 0.32088804599718934, 0.5352608679706576, 0.15070054809266387, 0.12209412909817874, 0.18629782675897055, 0.49025198895042
0.8240853048126943, 0.9141012191235203, 0.10380499735059256, 0.05709962795279344, 0.3926827408936152, 0.582589024865021, 0.8489237946539256, 0.9047703889161158, 0.5228622460260204, 0.6229393726068114, 0.7138805864898115, 0.32663602122221924, 0.8522295521446621, 0.97977996662841
0.8317816252890905, 0.620456236845251, 0.8383108178182932, 0.03503484942928092, 0.8138966806490009, 0.6557936211687997, 0.8618671114821951, 0.7792779950111969, 0.6354473730407869, 0.2926009820284343, 0.24610381088486455, 0.5182090226322792, 0.08374837340166696, 0.5027206562679096
0.42376090639510544, 0.7841736259290376, 0.8793703613321743, 0.11711125610338191, 0.4229770374783697, 0.8855613181392096, 0.22364637337314563, 0.6236471293224122, 0.8564456487122081, 0.08424552292479826, 0.9879826743994208, 0.4455974587877891, 0.14164138318625807, 0.7982245116966712
0.9376052842737653, 0.3387281160026383, 0.03783613741415348, 0.8583603893148467, 0.4897574741153268, 0.6884455166421943, 0.7984039607568618, 0.5623415875014705, 0.47427025425630587, 0.187108357350667, 0.12268021945345409, 0.72307598457766, 0.9171038220876168, 0.2915923119058206
0.6468450829854306, 0.7113560370688564, 0.3621625343715128, 0.444020025251449, 0.7910311146965185, 0.31783837627298117, 0.6392442124687532, 0.5773338874708019, 0.4593650853701732, 0.32691042594819975, 0.45649247052600783, 0.9383297460245021, 0.9871752310469484, 0.6150877212595812
0.33541896966163665, 0.5665692920918903, 0.11357474961823466, 0.5320258187384567, 0.05239730761503614, 0.3232744247967889, 0.09260344261537923, 0.8178948983259868, 0.17010438018220408, 0.7753379443338968, 0.9364047429524863, 0.19142304433480117, 0.6482869278568638, 0.22943798612199262
0.3611424003006404, 0.41968475564482643, 0.07077958701012566, 0.16578862688795237, 0.10863580316943688, 0.15442828651560447, 0.1508848112597313, 0.7125220881351682, 0.878250949053257, 0.7067454206405368, 0.9485359693856082, 0.0845223117201841, 0.7210885568535902, 0.6085897693642687
0.4730944281263466, 0.9399112764168884, 0.16617536368777852, 0.49050034756110505, 0.6239470267554832, 0.8422313508032155, 0.6418281387255612, 0.3954659916007006, 0.7855498713239715, 0.18075226245643972, 0.12687295531156806, 0.3987325135906562, 0.1822050851295558, 0.5767294605547484
0.6996716583468982, 0.8127251099765982, 0.7378952645794115, 0.27123524787403785, 0.8863944503213544, 0.20391775253544941, 0.7079536288488119, 0.7188247757225215, 0.12226576288925695, 0.7258507784659555, 0.4705361767647013, 0.25960728162246904, 0.48755832308867375, 0.8807946291720636
0.8364979283350485, 0.2971744952420352, 0.5524491638544435, 0.994714266382072, 0.4474492716947366, 0.0912567198536336, 0.8386906468687472, 0.19240930039986914, 0.8101477048483432, 0.8805893612598633, 0.15193151081119316, 0.33159894153277725, 0.6164323992057716, 0.47296321360396376
0.18555822288284407, 0.34299859721799264, 0.013637272506978881, 0.17319142984970937, 0.10620560333452556, 0.505730780247515, 0.09059725903929383, 0.4096409557331133, 0.9360973713053536, 0.0060580697313958876, 0.5584996583842808, 0.40357622916422, 0.8001207359653397, 0.5166888678465711
0.19108211505165806, 0.8988710146421883, 0.9891471137605837, 0.6398936723869341, 0.7964734217270583, 0.6846451113023537, 0.5524060762853075, 0.861236832551079, 0.3498950635176842, 0.11185067204204735, 0.7078752586020685, 0.32269252916016067, 0.28443400955431675, 0.04763907506865872
0.6501647603858463, 0.30440267645241426, 0.016165867418114988, 0.48582536770932194, 0.3870284244476049, 0.7169708803288791, 0.48675853427267946, 0.36933573149465926, 0.9891139531420408, 0.5794361558026687, 0.3064581740704222, 0.2163048692101457, 0.6795444047277424, 0.39669001983123553
0.5322628828496275, 0.9309320696122649, 0.40191584170508643, 0.2751936292227676, 0.7203794458229662, 0.2789073764435689, 0.3186693292100381, 0.49772025889101557, 0.8911605225070696, 0.5033405280958619, 0.333569646224783, 0.05754718257385505, 0.7619180806224372, 0.05501239489615162
0.9163435973438461, 0.5743577929988338, 0.4749356422051154, 0.9008609930828065, 0.6592905548979175, 0.8299622680902605, 0.8618327422036283, 0.2780245045689592, 0.7495015447789991, 0.43024727451757294, 0.3207113178148858, 0.14545424744926083, 0.008559803881719175, 0.9026066444025139
0.8539963431655081, 0.10049129528860778, 0.9212190951153942, 0.8347646121974375, 0.8173447761899492, 0.07426383109199475, 0.13167704168304895, 0.9218643904955137, 0.23512722519895524, 0.27624151422665233, 0.5459008884008776, 0.9358702226434988, 0.27767245300657073, 0.3489873537871231
0.9042604068775821, 0.05008114052342372, 0.5999893077965075, 0.7866055994289507, 0.6475680790503797, 0.5136487016248017, 0.3665309792963296, 0.8393708714458801, 0.856904774945352, 0.20008925990829074, 0.25836272049572895, 0.5060594293866094, 0.8448682206178649, 0.6566823368348075
0.14642719210399335, 0.35594448759339714, 0.07708062551910078, 0.07055392147070916, 0.3158900551590619, 0.28584907154993644, 0.25216595808946785, 0.6419362969564044, 0.43788094981913095, 0.6196233663353911, 0.643838180699447, 0.028746809052478284, 0.4882593593333283, 0.22220428323426689
0.911545240961735, 0.5489189490270968, 0.6148072076756225, 0.728682513410971, 0.11545875466054933, 0.790891748149259, 0.07157696584623263, 0.3918549720496498, 0.8470529255126273, 0.794189348984198, 0.739940329519989, 0.5294422509092441, 0.9067548280653532, 0.16899605238114823
6.45467945713e-07,0.0423600942266,20.26587315
6.10670082302e-07,0.038764103106,18.3018420376
3.89966427112e-07,0.123546167624,38.9796564528
1.14111309226e-05,0.302864329292,121.722104786
0.00011205313775,0.899842911659,116.167760176
6.6686435165e-06,2.60015854093,115.384253468
0.000851490747492,5.7962575566,191.910500199
0.00942165934305,18.1851487371,259.099067363
0.19699284917,46.8645612906,320.105165089
1.14589012749,120.412676405,418.093310899
