$x1,$x2,$x3,$x4,$x5,$x6,$x7,$x8,$x9,$x10,$x11,$x12,$x13,$x14,$x15,$x16,$x17,$x18,$x19,>>f1,>>f2,>>f3,>>f4,>>f5,>>f6,>>f7,>>f8,>>f9,>>f10
0.8442913922794236, 0.8625897537204089, 0.08469717619530748, 0.05162705590764294, 0.4373627343049764, 0.5829676137467106, 0.2646701637405473, 0.487202181552968, 0.7901900821035893, 0.49692559253198076, 0.02600280205165073, 0.03921183322409871, 0.5678855266439765, 0.654978297211117, 0.799030039853947, 0.7055042197909603, 0.9944395205719749, 0.9821396547120291, 0.23600303475304896
0.15375411944760042, 0.529977373427999, 0.1966811935755136, 0.2225206587052171, 0.006813148055128337, 0.5562520229774589, 0.38371779570715225, 0.3685953705711754, 0.48406765140594, 0.7207583911326315, 0.7970664352172093, 0.595327363015428, 0.9266523655179357, 0.9675013233929949, 0.3581472769353343, 0.4890321053504907, 0.8301235953616267, 0.6466473268930688, 0.08970475741818373
0.9613428545688294, 0.3106366746195437, 0.9103249235517206, 0.10310381625523246, 0.9151138209590766, 0.9181311683658334, 0.1166222060440768, 0.20055245816797662, 0.9405044440566868, 0.9693564635813574, 0.5264182559851539, 0.012962287675360562, 0.18584176845194145, 0.7589527611625289, 0.3866605874775677, 0.5726675605501782, 0.2664260181195044, 0.021824704732756217, 0.6858255739723013
0.7033691205466168, 0.5402587539739243, 0.015735826081612503, 0.9922628419113977, 0.7311284586062227, 0.3904732868793438, 0.5863233709291414, 0.7229824840240783, 0.11042869062839578, 0.25279083673456604, 0.6961253897518814, 0.6189428127423852, 0.7428207232238884, 0.9126257276791837, 0.5966914726509303, 0.8729767751064481, 0.724864510986309, 0.5642481567538349, 0.5578795482942325
0.6526818406541378, 0.9835449194027494, 0.02698095219386243, 0.14386421622341716, 0.6790830695142075, 0.4091486797024868, 0.27270600791221467, 0.3410206035037183, 0.8408303645471505, 0.41797223363315517, 0.4873219704467423, 0.6832682373872447, 0.5031628318549543, 0.7043356077759925, 0.5663373543477969, 0.7292336680227621, 0.5557784573380686, 0.5371041097658134, 0.3367412408305517
0.4280152700644374, 0.47367743422965713, 0.37278714922368505, 0.5869942509831161, 0.47270144111505386, 0.9150874107916817, 0.6425011336398957, 0.45074334625728374, 0.49815607847592647, 0.8828571723080318, 0.11767572914520463, 0.9720590008184273, 0.44835823227417815, 0.11813904706986122, 0.3994147244303957, 0.4428783464703858, 0.04218930300252821, 0.6719047701813804, 0.11704042210700238
0.9611060974245864, 0.5813085986092704, 0.6973213064394002, 0.4575327053847619, 0.1430815972901368, 0.8938419698299624, 0.10489755798355072, 0.21288094096832044, 0.19388404267178672, 0.6277397434669976, 0.012942253893689637, 0.2070636383180796, 0.24692264426054278, 0.9446940260243359, 0.022136109517945757, 0.9929973420350553, 0.24374449124525532, 0.40404911375261354, 0.17733658410455877
0.030294902779406052, 0.8328559343243702, 0.38359141806868546, 0.5951736816849491, 0.6600267166984249, 0.3310501135665287, 0.7187286092312748, 0.3510126803629947, 0.8181270851768913, 0.4608737132017766, 0.30315412693519594, 0.20986242190026227, 0.09599739054979717, 0.052627996281126466, 0.7190367443169183, 0.599120517043274, 0.385636377221625, 0.8581852242674559, 0.008430900359698401
0.22869253418439617, 0.7547407562762541, 0.482748785110488, 0.5178475275074157, 0.3400027983932471, 0.39942490948284803, 0.2567725049515478, 0.20095085574983929, 0.9981491639298798, 0.5032505033628859, 0.04997405461404281, 0.5346786468077852, 0.6218356736092244, 0.2981469424384877, 0.4200064338576117, 0.39537177619880004, 0.03700896669140197, 0.8937224824865515, 0.6745380974937568
0.5558554815952402, 0.16083069649562887, 0.2661353008559225, 0.3696172797068994, 0.31255820319912697, 0.18917190490666935, 0.3536094494787694, 0.5182358863047445, 0.04105617321385846, 0.0570559570839303, 0.9066028486124398, 0.5451596008026823, 0.4547092297852321, 0.3404597211566772, 0.5428782107927091, 0.7310033300646558, 0.6570380788079415, 0.21306540258915574, 0.6831484861936798
0.9270459731800731, 0.5930273294873469, 0.8484116314443556, 0.6879970728530949, 0.7646472696434371, 0.2522099103035357, 0.6205483936578862, 0.26154452006468876, 0.7920650661510527, 0.9771502884355542, 0.054641220224173614, 0.6991372001923657, 0.5816095572900883, 0.5681574529852453, 0.7576590712739685, 0.3562861904885789, 0.46581944587447677, 0.3870128810361835, 0.694527438290354
0.49784734180270207, 0.8450913970891175, 0.4256229054932861, 0.15037209035624066, 0.7547685248734307, 0.23569987449324448, 0.0843861298684746, 0.6434622592103811, 0.5643945705351372, 0.9854060974718016, 0.5577689454788511, 0.3712767282035506, 0.7833447318300905, 0.702245181516355, 0.6912094845975013, 0.20783943704773322, 0.8084030194065471, 0.26114831049741016, 0.7341639597491288
0.13700880807168225, 0.4072218271544883, 0.558630114747322, 0.8877781829028988, 0.7402425505769599, 0.20394863758613402, 0.027444932157671742, 0.005976346857090475, 0.8094421746527154, 0.5038059568753361, 0.6354566322011981, 0.5623278048459313, 0.054206853716604164, 0.21917363331994988, 0.6511975899132506, 0.1833067100354715, 0.44603965345461527, 0.288604756728042, 0.2891803431032064
0.1552739276841475, 0.84091334735917, 0.07746583670167873, 0.6862870812413926, 0.8875700945478254, 0.7156952210051933, 0.17670471029439494, 0.5162391111928606, 0.23024448979120204, 0.8436332381043404, 0.9422880766544037, 0.5224426000611885, 0.6869434118667191, 0.6493100643618788, 0.9943832646476156, 0.4304423668859596, 0.17196917425437985, 0.09960681954717532, 0.9559587492195887
0.6143601176011818, 0.30835170429543857, 0.4122306939408441, 0.10513575176347478, 0.4294170358926168, 0.8271052780871758, 0.3746303385210674, 0.016699785610894358, 0.4480156973799734, 0.6929380525245161, 0.10669847392304632, 0.10601768387583466, 0.746468591062421, 0.16957027610889386, 0.19904927429439434, 0.2687507183618424, 0.6685623809901194, 0.9271161602001864, 0.3938536908540732
0.6536381883375008, 0.6877236374444983, 0.7898795395608118, 0.508495406514357, 0.023111558949705513, 0.6022238095606383, 0.38351921508858877, 0.48279662079450636, 0.6527763736952807, 0.688759117552584, 0.14133957076881143, 0.7391142834560551, 0.028552047275969494, 0.05476251063230542, 0.6265546946396331, 0.2299734549728687, 0.5214420168450596, 0.021539168301882627, 0.13513792646226364
0.35546769502783204, 0.5916331034161365, 0.7129625235960356, 0.6887424258236309, 0.7009269867098205, 0.530313391447951, 0.14166351091512908, 0.32069067420865294, 0.12313299788385312, 0.42311631512518455, 0.7596679363101322, 0.03199236150954865, 0.9695280575191908, 0.12825228926605758, 0.36734237214810794, 0.46881553745260485, 0.7152173154345953, 0.6007986818603747, 0.5913145629742261
0.07957049369773228, 0.7294705792778293, 0.42584760543177524, 0.3683626074245123, 0.7298355630818623, 0.31461703750904957, 0.9224806631981082, 0.2745354923669908, 0.3019593110198302, 0.4240176194515747, 0.14852677631792022, 0.18508691112439224, 0.3725167947772331, 0.8712423737310258, 0.6676197095862806, 0.3910979433900088, 0.2582270088962598, 0.6975443157472845, 0.9972024159606285
0.9944823712449191, 0.33600523979371544, 0.2531631203102752, 0.44932607341670394, 0.12567921751862077, 0.9834807124296778, 0.37085011455194916, 0.9023066711020555, 0.20608479292425452, 0.36773409626181497, 0.8264072547933479, 0.15476240901237526, 0.46970597695754557, 0.6930244065973112, 0.7331304353093436, 0.297291308203524, 0.5662485404972215, 0.5447364193823435, 0.041610887924420026
0.25636344048388116, 0.8145360870542696, 0.21676948789925798, 0.9870614990230298, 0.11484191425647405, 0.9071668261853322, 0.37560969733488003, 0.4121725885247256, 0.5102421305877151, 0.6112401182439829, 0.363278851908612, 0.4473903985386801, 0.9743201344498448, 0.13254973955206462, 0.6201220752542014, 0.1610372314317332, 0.10043085247519756, 0.03310240509185869, 0.734009267154753
0.6167040244542441, 0.7747671610950702, 0.80909374967473, 0.3288062902085058, 0.17782813159515176, 0.49100606450190176, 0.9570728007005257, 0.7128031227136591, 0.1680521889280575, 0.751310108986972, 0.8218017688857208, 0.35330279981023827, 0.17555457917327522, 0.14230378079685457, 0.6170320044509382, 0.11314835570849624, 0.8555009271718181, 0.30678062982257925, 0.01862291962959861
0.4130402987155679, 0.6032028054590592, 0.6765291507411348, 0.8503018070108467, 0.5710680302277019, 0.5258953047089386, 0.3960049020240207, 0.872518865708895, 0.6270905668776645, 0.8391331204961432, 0.7221532566892566, 0.1380634817158639, 0.33422851860449043, 0.563139804672236, 0.6886914139293339, 0.01669289030131693, 0.3321265959857157, 0.04313158713473397, 0.8521819406616057
0.40619845360711815, 0.10291808225772747, 0.8270003555531235, 0.4671852849409739, 0.32325012054858193, 0.23742475123162543, 0.7722541745590227, 0.12552214755880742, 0.014127073151612657, 0.23035407106082073, 0.38722521371037055, 0.36758836890490265, 0.8296681942341902, 0.0645676388693881, 0.0401684076045703, 0.22537263327848367, 0.935075652399807, 0.7335334012898881, 0.061444640402751216
0.5273555938088339, 0.35275056516055336, 0.4628740012912834, 0.42885151801185206, 0.09546356955644064, 0.9310675222515716, 0.8982922605094402, 0.00166153923330703, 0.13794697563373814, 0.9291781205962816, 0.9437391477285657, 0.8163992728192093, 0.42783602922242037, 0.4255685753683498, 0.24104780168142326, 0.7897550280727849, 0.6461376256980345, 0.9150097800501091, 0.2223152953630806
0.5877096006201877, 0.04217073758353207, 0.23735636407528604, 0.19691908053727847, 0.3356993571151047, 0.9719240124659518, 0.8519773905699659, 0.7769122962058441, 0.18111872394282613, 0.5566673110039196, 0.3970512709228514, 0.23250125178608094, 0.3028285274534308, 0.6498476099265168, 0.39857666649254775, 0.6705052859590184, 0.9470991072318259, 0.6933171261525136, 0.5908788514680108
0.18377080928686973, 0.23213182968602764, 0.345381011971449, 0.14804322418921867, 0.052769787407682234, 0.6692104699222479, 0.46561295541046555, 0.9683279897495308, 0.7877498130241549, 0.9046995701274525, 0.3750039932875704, 0.6230541451897095, 0.44089428393128416, 0.3881398582652029, 0.2731018042534519, 0.5615178182251334, 0.9872519712372734, 0.8716218621925763, 0.9992156308920356
0.7873089816624337, 0.4783692601222683, 0.7648220489464763, 0.5859081876425841, 0.2388140415856954, 0.9595764815283861, 0.7515673539593557, 0.09357311468881213, 0.3639977381479277, 0.9740315612384439, 0.7729212539366088, 0.8507060413150953, 0.6489036525263862, 0.5896836846580638, 0.6940856008715328, 0.3884649579349009, 0.8362056241608256, 0.7669641276798845, 0.5622069144135212
0.04372999890692886, 0.9513163598349353, 0.2831613424085423, 0.6858451149360707, 0.7513008047374238, 0.5726303492166315, 0.39632352667629633, 0.11601106342867229, 0.647518188602517, 0.7644892998817001, 0.2698763374479184, 0.9138036416206365, 0.5131327016235591, 0.32051014297231206, 0.742127714438191, 0.9998566248351307, 0.6041389121496493, 0.07680658571964716, 0.7275975937682916
0.2898974258318978, 0.38338569547876744, 0.07865412412809947, 0.3315877066404441, 0.892479214537899, 0.5453001081023584, 0.18250587305800836, 0.24076019953392103, 0.8142351408313705, 0.1550670678363394, 0.2620391472844277, 0.0724122109899934, 0.9277617167005027, 0.025935591835351768, 0.00752161298592291, 0.8604348191186487, 0.5819291516353555, 0.3173285969055274, 0.11352097212151702
0.683070882049629, 0.8356900879105802, 0.4314854792751234, 0.3013396051662218, 0.44672440730798846, 0.8215640162921688, 0.23836727893563503, 0.17096033415997092, 0.28627313677691624, 0.6870525626262812, 0.7258984250615232, 0.3646187558415661, 0.7725958487710587, 0.0726777641493962, 0.002821213075354434, 0.9192041539165104, 0.294654329750173, 0.33969346822111557, 0.7872523391796417
0.7277667017675856, 0.8155445528967523, 0.7992780173739247, 0.7317721480648617, 0.38404953844874, 0.9493439532316813, 0.8525947860189534, 0.25715024712601053, 0.5547047599773652, 0.9685895300657825, 0.5259733170486577, 0.4802537811232568, 0.11128382875500697, 0.13250548612955348, 0.5832381044157113, 0.019193403918132956, 0.42764946792416425, 0.13590186474084986, 0.617863365054873
0.16845252955226686, 0.07380722663972583, 0.5605145007189766, 0.5007238252570217, 0.1083277101441491, 0.9138910298088999, 0.9343770334874142, 0.8374063953339798, 0.5879241767174869, 0.9536183321734863, 0.07459034935237008, 0.46111004761715246, 0.5374135320988099, 0.5985045776382314, 0.6945587791037193, 0.7699005805049012, 0.34523307961771643, 0.14907184080420943, 0.7387073211648691
0.6786889125234159, 0.0325243629428863, 0.7630125551213911, 0.5637180848307014, 0.9258146481243636, 0.23632316850255852, 0.3432734996927721, 0.7140971783965997, 0.5959402003221698, 0.22871959686188204, 0.18871715332845007, 0.0550475162224463, 0.4296076523051249, 0.4937019553347294, 0.9144234760854898, 0.9742370821475247, 0.9327183211084236, 0.02353689277815929, 0.014672049093476969
0.3400012725849765, 0.9885463580683488, 0.07008439829846469, 0.20314656087956806, 0.4692268684348293, 0.5424921088546161, 0.14660706683658298, 0.44490491434548907, 0.454993964449102, 0.5746607642368675, 0.3412576706976308, 0.5995953180788398, 0.6542895476327294, 0.7068858129297245, 0.23056199740944305, 0.3087612434823367, 0.8696313610921313, 0.8223172162321479, 0.8451253996117299
0.73282298541191, 0.5833846857776381, 0.3925968019162017, 0.9620000721526422, 0.9798931124790101, 0.27170819387401945, 0.3079161299704425, 0.3201184218195734, 0.6090373495611623, 0.12839756856242301, 0.11843341866346058, 0.07117594454460985, 0.5132424073437781, 0.03997952315643505, 0.5626198553973903, 0.29517043392680997, 0.6342763895357969, 0.2838177706997218, 0.09101766376281173
0.8340918165596752, 0.721526927469865, 0.33628522538933714, 0.5602713195286928, 0.5002794492473839, 0.7739377878404375, 0.4508425044212697, 0.32935709713335437, 0.34674670986720757, 0.9180767523845546, 0.10935836328659565, 0.7354826653567994, 0.7740156935455297, 0.9912016227690686, 0.8045151777233713, 0.16904877814023245, 0.4350006169347348, 0.7787340636491101, 0.02017099257923982
0.4620612679328163, 0.12198529673985747, 0.3119026399967665, 0.42376293049687364, 0.22992580115928996, 0.3381291950198738, 0.3796549989954551, 0.30885320312759745, 0.7480156176661129, 0.03375725584349698, 0.45311098542320527, 0.8068134713042378, 0.314028138860312, 0.5933890652212774, 0.7000463353259443, 0.6412521174564441, 0.7992227054769494, 0.5974435655794128, 0.11620361035002447
0.062293543605996926, 0.49197072516268714, 0.09552272183435273, 0.03578982124130459, 0.5758597174916199, 0.3713860293399256, 0.6507721902451964, 0.999421113296163, 0.7582463244690817, 0.5136171237522955, 0.871225987359078, 0.44505241088044023, 0.2457879836584832, 0.630992788762694, 0.40346739447891633, 0.5537540186361585, 0.7893511189635151, 0.4780400998908134, 0.20290208697614087
0.5637465189894438, 0.3427131987374419, 0.7163725515873662, 0.9572050814270685, 0.27868166569619024, 0.7960523478359334, 0.08544168950251385, 0.332253814497809, 0.34353485137490414, 0.6536051682008551, 0.6289562929736789, 0.060405583012770436, 0.9825580749647033, 0.7902098775548745, 0.8143672244832052, 0.7554754910948186, 0.5272932536274184, 0.564048399971136, 0.8884875571877231
0.5252151753398222, 0.8392542135508494, 0.7400168745259126, 0.2622953654601151, 0.054981427999916455, 0.9968855017914803, 0.20270774585257811, 0.42794728635051626, 0.7690472688518812, 0.8804961482939239, 0.27771770742243973, 0.9415880810763239, 0.834831857567244, 0.20588833069539736, 0.8643561358801882, 0.8697820015119213, 0.15951156685622392, 0.6580937731941983, 0.21307245393534757
0.7067963133069008, 0.09902253456689714, 0.023236954913587904, 0.770445787998384, 0.5864866346094624, 0.6715613879808383, 0.8845812652594914, 0.8567359647281205, 0.35507150085448824, 0.8201797953965317, 0.13915897055444004, 0.8047748200535216, 0.09060901918025843, 0.23287155830012363, 0.8334396790723423, 0.20039896289711323, 0.004777087301991223, 0.31083164639551497, 0.2308450962550761
0.9852412227562704, 0.44477012198260246, 0.9713366931587188, 0.08355945507805729, 0.06460694238177578, 0.8594401418026204, 0.6386549672306543, 0.6995225354810333, 0.9476135103936763, 0.21143138759419522, 0.5251989101652167, 0.4136796666854956, 0.44123541474309746, 0.8281538239917323, 0.7542427097772321, 0.47468245914343654, 0.6634648471079541, 0.2629763314706475, 0.6657051363375271
0.9187116454016246, 0.10266472980157915, 0.9149344222999753, 0.32256433955995634, 0.9029053707664585, 0.4230544004965563, 0.12662999404473518, 0.8959859499544096, 0.6919869752954896, 0.3083814299931601, 0.8690765317992222, 0.6616241085985375, 0.6415615498959639, 0.6827170067517673, 0.113357027334539, 0.8162335492920526, 0.6633556692019478, 0.2921301787782863, 0.3599557893808394
0.9265602304531081, 0.5249230875472931, 0.5210222577104126, 0.6250048102825361, 0.7820392789609821, 0.026723355518734282, 0.3248752529132273, 0.3972848788033847, 0.44644912731179687, 0.1759174958709151, 0.7897952787695957, 0.12700268472484322, 0.14548886715246656, 0.6682063574957045, 0.9090397423936913, 0.1450239779058743, 0.9891565277646597, 0.16377559713524015, 0.7832400531315901
0.09560592771818821, 0.8918209647552086, 0.34344729760980564, 0.2651819638142914, 0.9566355445458425, 0.04887973570174342, 0.148136331294484, 0.3740479208663503, 0.016571872531858878, 0.38404628145996855, 0.9166927382427361, 0.9116752530674437, 0.7718671633897678, 0.8578806728458529, 0.4404812599202864, 0.3030481386395312, 0.3447677609843047, 0.5945736530248955, 0.05730551698592801
0.4269655829355282, 0.7304397830569894, 0.8563761110937951, 0.9734126134898692, 0.46628281857871434, 0.3122789692550487, 0.5571804511941104, 0.8328577110793624, 0.04954767815546057, 0.017227263093730016, 0.719953659465702, 0.8204729414132603, 0.9673937889909723, 0.6709242131896177, 0.5803320478215521, 0.929133004141512, 0.7268931346661107, 0.18548144168037395, 0.8491509418824572
0.5078549959828208, 0.7177422397864499, 0.944775824569261, 0.5001530764638422, 0.38161778038830463, 0.6565083305284235, 0.2873788010677394, 0.21527110930809368, 0.887411493739609, 0.5107054668830636, 0.7371950234972119, 0.9337808909245433, 0.46857232635400725, 0.22490353989411482, 0.14840229289286122, 0.3430439776048517, 0.589771100819715, 0.09587933164930229, 0.5723735443694232
0.5829575309914676, 0.8589207563819585, 0.5543575276810434, 0.352126298869036, 0.019446662836953732, 0.7655266005321073, 0.45457527740471715, 0.6450187412704304, 0.5122321286774587, 0.29150473800619914, 0.6184996273684723, 0.5118655348141058, 0.479227768177907, 0.8388552404473678, 0.84085602808762, 0.20735322464616635, 0.8568188908440189, 0.06690260502428291, 0.01910907151300356
0.017598553750781676, 0.9454138916614909, 0.04404445141404523, 0.6192840684645505, 0.890965056424126, 0.7821431100214324, 0.20488721727224357, 0.33582593711163744, 0.3973327192400977, 0.14057470762148594, 0.8346238391431888, 0.6113537684043325, 0.02416553601973237, 0.6782728377676943, 0.342592586263732, 0.2760055028302322, 0.4443989421327683, 0.08785946888280283, 0.07174635751057501
0.7915996486962372, 0.8390120661331925, 0.8271749020144307, 0.18292409458276226, 0.4130363948738127, 0.12004453749254207, 0.7178747044765114, 0.2490803717989638, 0.46144098863400485, 0.8025892285591204, 0.22899508263067714, 0.1505575823280878, 0.36190176273380936, 0.7809092488302354, 0.8884400925524779, 0.9353104471092862, 0.7105730330320131, 0.6609965019745472, 0.7207747436657321
0.09298656909157055, 0.8971611590208034, 0.3735990203870452, 0.27584922848893756, 0.21809712652322388, 0.007359445042490642, 0.16069019432891096, 0.5502685033980593, 0.31072654540573263, 0.4319886574925461, 0.062094419663673905, 0.3012487715534625, 0.8358837738308563, 0.2549276341290718, 0.605677069521642, 0.19093355062522466, 0.9901601738765536, 0.9393490631653548, 0.1295491547308294
0.8689611498687334, 0.03727774934906247, 0.5525460854611774, 0.6556868190309292, 0.0008157394911624261, 0.34188470238467217, 0.8308114516922367, 0.8405827419946916, 0.8566417222044216, 0.2347527317364797, 0.8701583871030724, 0.41515731141327494, 0.9965826622824386, 0.2732225136791723, 0.656937905647987, 0.39707652547014605, 0.18143365193527494, 0.2271071497797753, 0.8159306434658098
0.6048772130512294, 0.0031521245668640896, 0.11419499315902248, 0.5421810863750439, 0.9563671214957803, 0.8168781232449174, 0.9580517831467299, 0.6915825903097661, 0.16388193626076586, 0.7337032455226654, 0.19807560451614403, 0.31178460698920396, 0.881880680149974, 0.8886535995295202, 0.9612530958931178, 0.9061349313325582, 0.6953625672948025, 0.4241692947236164, 0.09102669815591768
0.3277423878942838, 0.1486148692729249, 0.7193058284610737, 0.7863338594519279, 0.7375617017812311, 0.45991767255432736, 0.9598407661957535, 0.4671736829597014, 0.13325567545544303, 0.35970053564025317, 0.8754869514476683, 0.1507089906729706, 0.6989241410041737, 0.049949512157224984, 0.012562056534529908, 0.2471563688813707, 0.11196808960610527, 0.2057689335801295, 0.2264226745687803
0.7640718066077042, 0.2844438469007916, 0.0006052928444498784, 0.21847087994656178, 0.3272018464623351, 0.7966879725010128, 0.8689082087214673, 0.45253644027651485, 0.23869828781797486, 0.9158732201234568, 0.01627479923666031, 0.4282863489030305, 0.05289438895051668, 0.6217725654359764, 0.2718610094023335, 0.2121955669263793, 0.7114219736398905, 0.082871136473736, 0.0017681560553850506
0.2578860334060191, 0.8022479448613425, 0.02542038690797599, 0.727191754600109, 0.7462593738161035, 0.1694467177804433, 0.643651415792539, 0.4401268219826068, 0.4531050345010632, 0.10249766141955996, 0.8854871488905721, 0.9624806816009572, 0.3714743440716868, 0.7412936477965149, 0.23819313700700173, 0.3882224837300766, 0.7940249815733488, 0.40580211506029107, 0.9041793353716211
0.1418000691130813, 0.3392979466607604, 0.5038651634123514, 0.4463275182664934, 0.38680873576884955, 0.871715768223668, 0.34402369201201466, 0.9622005921924153, 0.5284654607268094, 0.8887657761567845, 0.8154493643715213, 0.7970399790438205, 0.5116160569019017, 0.6759891443097845, 0.3259618854041594, 0.8668065062098166, 0.985791845763197, 0.3790218050707006, 0.9891424415921265
0.8031655780416777, 0.20556335793083058, 0.5930156570321891, 0.9747214546327869, 0.5070967293239088, 0.4292296261935886, 0.10189830064927718, 0.6352665536713573, 0.1853921845001637, 0.8808889454094253, 0.8701517083149368, 0.24277346871680794, 0.18871735551650204, 0.65486472532297, 0.5315826266194339, 0.7891924497244205, 0.7176571768363713, 0.9302844847416684, 0.19800471654308394
0.8182178996278718, 0.046736559266924105, 0.07355425293477891, 0.6225433709086068, 0.536885945972158, 0.36789532990097873, 0.8626171911336818, 0.054948803379818, 0.8030031766266904, 0.7791230447797242, 0.7310480455333134, 0.33829374030096127, 0.04842604075742096, 0.10857148275576556, 0.10006353848868721, 0.15622035646704058, 0.14378928455681705, 0.5055473943441401, 0.6221257004209388
0.15445966208751194, 0.47557480499236415, 0.06626207660729722, 0.26405564076131416, 0.5295478502922094, 0.2225626964640237, 0.19606449844380303, 0.15992638350300425, 0.25170885309030855, 0.6422401459487369, 0.43719198353937094, 0.32476699100221185, 0.9651429433488355, 0.6275128666105457, 0.43269666646903715, 0.2573304721195959, 0.915060410937128, 0.09132116266569501, 0.6611531883774038
0.9419401801101766, 0.08528625361812525, 0.5511876147971793, 0.2785767311410008, 0.19120558286132172, 0.6922247144738779, 0.002900269172288028, 0.19791187342675753, 0.559733395301032, 0.10193562950568646, 0.7928692659143226, 0.9006727276850351, 0.8037625860619104, 0.8241329633150684, 0.004203743020663064, 0.368951198280685, 0.6243853039879761, 0.6552605447219788, 0.3358351620965129
0.08918712316891275, 0.9759193181496981, 0.3944844535459553, 0.5193391271646726, 0.7773893291376021, 0.907900399159809, 0.2718891248134896, 0.6950630377330737, 0.33571483152453474, 0.4295711005230647, 0.0733113193617354, 0.851622791392396, 0.6377738786839532, 0.05538152512521377, 0.5626517632121834, 0.18970876463732556, 0.05952559668742108, 0.8090526162096877, 0.8852599889988944
0.7872296586075569, 0.6241931770950531, 0.11225424065655865, 0.08809956746293057, 0.1068383097717136, 0.7642897882367685, 0.06335965501568253, 0.44185896335433017, 0.5876395425069179, 0.02370304172245996, 0.04422109956986964, 0.32832635723719217, 0.8843134199486411, 0.7476794982870943, 0.8956473861251246, 0.7861563044318031, 0.6355454270439035, 0.6992318042614811, 0.2753683694492457
0.46142719180508873, 0.9431985151682002, 0.6618528901993553, 0.5823553385512589, 0.4411016189533944, 0.9100155095268305, 0.2782451704238994, 0.908130247007787, 0.08692707209597528, 0.31187766212027646, 0.17140401346842882, 0.8826931064789502, 0.833562086542149, 0.40389203307196286, 0.6900819282021704, 0.9923890310785585, 0.8205801408453597, 0.9058988545265729, 0.5146701379717681
0.8044465468935713, 0.3438009526379152, 0.2711656809716476, 0.2156120015224855, 0.06331646345247355, 0.1822333563145203, 0.1244040966245058, 0.25386650245869824, 0.9674453880115029, 0.08494930351133834, 0.028590857335833886, 0.9020413297830987, 0.6201375352791635, 0.5506568609394473, 0.815015564060315, 0.41900783503171657, 0.5398229758092118, 0.31799991446189746, 0.6702756225553205
0.5479877278599968, 0.4430537172263671, 0.20881493092132786, 0.34492461401631913, 0.735388096046854, 0.2225103242470282, 0.2585381120085434, 0.45746881958053776, 0.9894453356135028, 0.9173964731453478, 0.8445330950484214, 0.9244966021801763, 0.2922407130974889, 0.40985741632264716, 0.10519900256174208, 0.3875381599724752, 0.8782831916583493, 0.713560836559115, 0.2392199220390192
0.8662628522053846, 0.28601588788040433, 0.13225936677726202, 0.9559046603547313, 0.3402837623976498, 0.8647224714148805, 0.349796953429107, 0.08307336791945341, 0.8181929498095039, 0.3698701372806473, 0.06195690257096187, 0.28572091736367045, 0.4431854636919146, 0.4548715205598983, 0.13271934327205137, 0.6210256934226741, 0.302337081598418, 0.9630868171427694, 0.6701444115988505
0.14072754176921187, 0.9295227156259437, 0.42153790255520585, 0.2980180560326747, 0.11671770340322529, 0.23147739603816986, 0.0031062299868477306, 0.5512720440315445, 0.6151366663695123, 0.2671725717331632, 0.958183968440186, 0.9125599434319107, 0.49641292838300166, 0.01676490876796155, 0.8223344854965826, 0.7819158886718751, 0.492253543574696, 0.006786381405945452, 0.9600843635816675
0.0454138649905943, 0.15647515076742946, 0.9589838894330027, 0.200848858791696, 0.4171546241808055, 0.4685319371374215, 0.39091996282958186, 0.27808872727523903, 0.2304532961689566, 0.3181289208431003, 0.7853917655230025, 0.8820637221983394, 0.1949754383361444, 0.4490271862224188, 0.713297984792425, 0.8496573022927384, 0.8785849645292138, 0.8813723394730799, 0.11199996579731852
0.3937278509938771, 0.9483330016255185, 0.24976267286432774, 0.9941840810687465, 0.5299108718818555, 0.8567377626982038, 0.7451685491376356, 0.8205065414602388, 0.24451089889770783, 0.21870416004568405, 0.31509359364562795, 0.9704244032061721, 0.00021228940571837995, 0.2011947310192972, 0.1672191356038406, 0.5716428162697414, 0.269730435933919, 0.6897402970157376, 0.8979469568696028
0.16287248524740872, 0.22139944745840956, 0.6026248133528119, 0.8367698261411777, 0.9796190543541179, 0.8070862848365443, 0.387439167670913, 0.26264675346968114, 0.3874322377199738, 0.1963150004885278, 0.45033389719481465, 0.02274446168186528, 0.30189329314465174, 0.6779028091038755, 0.3486220274537425, 0.333144290142973, 0.18190956497355693, 0.46346699594952756, 0.04613807267726333
0.7578371664216603, 0.9501137266682216, 0.3556989932640193, 0.7983487732198921, 0.10183574112258686, 0.032565869369966416, 0.5243879794038987, 0.9044717668431932, 0.9845614366763871, 0.37017932048633984, 0.6266790440233617, 0.9336584555468713, 0.4968832405170295, 0.6464060731728845, 0.9126569837786428, 0.1744497994917763, 0.3195459047453876, 0.3755089146243996, 0.9045235220276651
0.3658228474569295, 0.44814664972547824, 0.659119802686995, 0.13191144081765716, 0.5866756617022878, 0.8189644030242168, 0.5570239839972978, 0.8135775234061178, 0.4876914395509079, 0.3398222427019617, 0.8304693618340302, 0.22957334829243758, 0.3359668138833627, 0.25636398098112856, 0.9712454138145973, 0.03568110394187807, 0.1449194769944262, 0.8915079464118256, 0.3191462644541413
0.2244036633035067, 0.8699469203754873, 0.9706658537027366, 0.5715178046413492, 0.4573727546776587, 0.30189647573179346, 0.0363309422022422, 0.7237547861849154, 0.2614382166279795, 0.010019261727459816, 0.4245049287204703, 0.34816890404602996, 0.5357936243036632, 0.14230266557751448, 0.2563695558479673, 0.38118957158669164, 0.45213616335488316, 0.021750641892473777, 0.8827054156424111
0.7646415733176642, 0.7985930349958704, 0.5937259625182068, 0.623611753282739, 0.7640204193740409, 0.5195792978571369, 0.7442714510027215, 0.7961415388538848, 0.5747219144708546, 0.024482602804134168, 0.043360284746879585, 0.8448738373636899, 0.4153173705367955, 0.751966715951639, 0.25683633183864696, 0.8564106258257621, 0.5812281654853949, 0.05164822797325297, 0.5467838404047615
0.7493293885717619, 0.7544279866558227, 0.08792093301206216, 0.8197659370563022, 0.8432244105675446, 0.16615352714122567, 0.944398417339775, 0.029572455245075013, 0.8837282345380033, 0.6005195279486499, 0.16362313476280566, 0.008462647015954006, 0.28421465420588377, 0.6388771573303679, 0.15459525689982645, 0.17167620120555893, 0.2145170477207229, 0.5124217933612778, 0.5771356000778534
0.750367293274106, 0.3979887323181407, 0.7932111926481625, 0.6707185451236073, 0.7764813315810309, 0.09367027540406803, 0.3753948682321898, 0.6071366072246817, 0.2289394108595253, 0.6809530264803955, 0.4923698110371879, 0.6930252982880181, 0.6760035439600226, 0.9161075042471175, 0.32909933259805624, 0.9867619538829003, 0.1129062607100354, 0.7933598804426288, 0.6996925533041947
0.03921070629376555, 0.7073489555252938, 0.03444139111167399, 0.5538219405084147, 0.7816065720814847, 0.615838133786966, 0.8398978598096495, 0.42555359355245725, 0.487248450635378, 0.36987960972600287, 0.9028527783243853, 0.4143086922367013, 0.09163321474132491, 0.010692272042415296, 0.08827254750436286, 0.8127065792340454, 0.8061546395864135, 0.8374652893133075, 0.3273693770195383
0.6178697433857929, 0.7616986950213587, 0.21865571672092154, 0.5332245789160179, 0.2327514986242294, 0.8871409364652072, 0.7600983502412106, 0.12211398788073158, 0.4715233372068126, 0.6410125589108998, 0.4923013329834628, 0.2323452359023983, 0.5438268236319048, 0.07178992006125107, 0.012360776949556729, 0.9756312590767006, 0.09155665767451793, 0.35056037436168186, 0.8733231926585744
0.05528996209996251, 0.5522220308779607, 0.2222939743019482, 0.9526794960291154, 0.06042110658237676, 0.21828764445876747, 0.5846911059725356, 0.6502424086770072, 0.7074558356252593, 0.023867264491196805, 0.5785047667227203, 0.31662467115669, 0.7135165369916701, 0.5651498284016474, 0.11524205715155944, 0.6143046244118131, 0.6996339980219507, 0.8828137260476943, 0.5730432398111982
0.4584750541849145, 0.968236460790513, 0.32615700763666144, 0.5496016485887614, 0.38079483793556357, 0.9093344316963405, 0.8982927265275682, 0.5781734540515691, 0.0025564962477605535, 0.9593958050948275, 0.6696877532785318, 0.699006381612359, 0.14790939354874988, 0.41224162692877286, 0.3957751268257266, 0.827243619752455, 0.2964571956054184, 0.6711038367135098, 0.3513919958006311
0.44607169463147056, 0.6156027212355374, 0.3493832212381288, 0.9650463391341623, 0.3608538524315448, 0.29079221791422505, 0.5778323069996972, 0.34000686774903355, 0.8798170582691792, 0.9060904984341556, 0.3559841977366828, 0.10200828752112479, 0.1489061287823017, 0.6158799762041733, 0.016490255223014394, 0.5695519714938658, 0.3042028807043621, 0.33331800922161914, 0.45402585275505514
0.08846395557542186, 0.8876546993399075, 0.8509541528449013, 0.9416274871846604, 0.8286073529432741, 0.34905991571093387, 0.8292690858728643, 0.2758439230840589, 0.29288254030188987, 0.8665169738147511, 0.7435052689349197, 0.14124756734546928, 0.5142378926331063, 0.13081526575020663, 0.5937606867167439, 0.1393894675314047, 0.723262521272289, 0.766563989558489, 0.9729398446272084
0.07970863488632562, 0.6832463267817476, 0.34137034802576016, 0.32813105607547666, 0.09657071005098605, 0.1581779963369344, 0.06504113521848098, 0.06027094499840302, 0.5324663559093961, 0.30835350255354177, 0.7723969615620101, 0.8978546125456067, 0.7066997261844431, 0.7656285614847655, 0.516301896517812, 0.15500704308426771, 0.8926919188636174, 0.12379861020230953, 0.09657069849617883
0.5319805015544397, 0.18145094440499676, 0.8652088909456556, 0.9694628650263413, 0.13283360571177538, 0.842622968945809, 0.22583455386612405, 0.5581525345579623, 0.9905653972159961, 0.7960029891583338, 0.6422444109976694, 0.8249878013410904, 0.6252618675496245, 0.9455374790790244, 0.27820990529049816, 0.2848958632146096, 0.29613667525036047, 0.6813699085572456, 0.5195727257029567
0.6696257426825705, 0.8218871418543781, 0.9996648454823369, 0.6595671376401796, 0.8130833559920004, 0.7392219276977595, 0.25558968271147187, 0.9542387035893733, 0.6470120801753192, 0.28704270131489906, 0.7215009842577719, 0.7405212646498558, 0.2636017155097028, 0.750751963296825, 0.0494232566202113, 0.5798946883938345, 0.6141234958074766, 0.7711514238776968, 0.7128029606597068
0.8958074777139091, 0.8394964178443339, 0.261413058162444, 0.5099582898753988, 0.9087020300132151, 0.34916203383812494, 0.5265521893176839, 0.290690809343506, 0.7461199709347006, 0.9710623454584012, 0.32651990574222745, 0.22169264379778097, 0.12188620415764484, 0.6931640128485632, 0.8772100017380079, 0.23522523216363556, 0.8854400673779765, 0.3135654966520407, 0.4648099905324632
0.6677680501366243, 0.2395632186847283, 0.698171573534098, 0.380420676236378, 0.018654027173280574, 0.5602711554120079, 0.25438956086140774, 0.3085433702590479, 0.7180010333822351, 0.8759745206456735, 0.4522765075001547, 0.6038662892418084, 0.7453058636721918, 0.7768422336096324, 0.028428969450263186, 0.09853952430681823, 0.47456578043227493, 0.4809749233899657, 0.3036304717726871
0.2940999342211501, 0.45373745157983314, 0.3438049774405265, 0.7407415652856085, 0.11608402192235945, 0.6123816989867825, 0.9344153108521066, 0.42893616347661945, 0.02349284372129279, 0.230722820773979, 0.6631634004463155, 0.8965171809113918, 0.41766277765143567, 0.12430496191087126, 0.34070741436994223, 0.5525252255737625, 0.43355638667206065, 0.003402322227623711, 0.2874803120741677
0.7983350816507386, 0.45772608346522603, 0.9155530548801635, 0.9898243565498172, 0.46659928087299074, 0.22366922679969947, 0.7671070223145463, 0.9070871928484859, 0.8500226539970087, 0.5412177539068246, 0.9411482237926251, 0.9141993993233013, 0.726969645663087, 0.825257217619441, 0.3444553744756731, 0.49970767895095236, 0.8566250420961162, 0.6073406783795445, 0.79681667832996
0.28227626400201866, 0.06306424032267832, 0.48591011876082724, 0.6030320773460567, 0.847535943543173, 0.22934126039056546, 0.8449388116558869, 0.7197836036270584, 0.7165431802472593, 0.5776563437905761, 0.030453661109065222, 0.39369116004364313, 0.8924621652273188, 0.09879874604018213, 0.6604099805979365, 0.635552911260943, 0.0510389904036026, 0.917755478678669, 0.3217086527974602
0.5836742971148957, 0.3895078185401797, 0.5974741262917066, 0.06039214764089518, 0.45317108238059367, 0.85240039463704, 0.13477766985679107, 0.37463690363783564, 0.42789225808976206, 0.9481839339122181, 0.32678537413324604, 0.5577929259257031, 0.5542026977187234, 0.23886461822562066, 0.31074712039959296, 0.5871324326387313, 0.9786050619724608, 0.3396101694354474, 0.5346814652870454
2.54971920211e-05,4.01771439512,401.405794996
3.24341853383e-06,3.30134900844,521.591443761
2.39826366932e-05,6.95795219385,625.657616939
1.65918987239e-05,13.0166324225,540.867463536
0.0160938385383,25.4899121096,1253.83973343
0.00228341714284,48.5951183215,1199.9315324
0.00773422496043,92.2375467126,1255.14073584
0.337444480055,208.351738069,1722.52456321
2.16747111239,433.195059487,1399.67087875
0.178102730915,653.928878386,1707.99227318
