$x1,$x2,$x3,$x4,$x5,$x6,$x7,$x8,$x9,$x10,$x11,$x12,>>f1,>>f2,>>f3,>>f4,>>f5,>>f6,>>f7,>>f8
0.1930144950415238, 0.6929375355799341, 0.9754328723592813, 0.6097872667085703, 0.8359833963331043, 0.6259160849825992, 0.0030225236036593994, 0.2617922398699183, 0.33502141948229314, 0.8198900227208785, 0.9846486610378173, 0.042769398426452554
0.3935601757761875, 0.9314396472716797, 0.6576718553256975, 0.1076900617118347, 0.7203047223259422, 0.11811779371181863, 0.44379340123472477, 0.6069548381310915, 0.7225655443061614, 0.44105217927769, 0.028530423961066087, 0.3850554585541297
0.9400730892911191, 0.8600164294535806, 0.411331185491874, 0.910014518790606, 0.904132633859545, 0.3585952517852443, 0.7212011007914817, 0.2696286639248805, 0.9347982101201905, 0.805017480373597, 0.15304004414815175, 0.44044425575338353
0.31764756025691343, 0.7884108168563942, 0.641887146492346, 0.6459272176074732, 0.7538390063061278, 0.9553507074188626, 0.6485891068648235, 0.30318702772918193, 0.5968497431270464, 0.3006841844624225, 0.7894187388256749, 0.9824002603749399
0.7836081657823621, 0.06583636989204966, 0.2266108218027717, 0.6128933832744351, 0.9268272162624267, 0.36277123355426155, 0.6129787579364135, 0.11767291142617398, 0.7388997959038917, 0.3668809585608499, 0.9446106670823624, 0.16320113154073224
0.8319990983798172, 0.3870438377168286, 0.7261648134480231, 0.7443014283359727, 0.09941537179999693, 0.3997778937494565, 0.07227768924871203, 0.9543746957608555, 0.14809561187136855, 0.12711078246941354, 0.7935573009085246, 0.0975832678538815
0.6885054925763794, 0.24637866827298538, 0.31202135101412165, 0.9807823318984621, 0.3491165580747221, 0.6500688395714191, 0.6843300283947945, 0.7019925591494295, 0.18743567663980576, 0.14623952327797085, 0.014310808702580724, 0.9621202628554606
0.049905100629052845, 0.6430576168901737, 0.34964515976904886, 0.9532917156023213, 0.5007901971303054, 0.8535104065710025, 0.08370418046195471, 0.7756296048026983, 0.10301698599996045, 0.6729173214019376, 0.473232874387573, 0.7972865899892599
0.14271120106823643, 0.8656039804578736, 0.1886932072621802, 0.9512633564860139, 0.3137161174318984, 0.38638878052038306, 0.91215491468114, 0.39866944929620707, 0.6931037470115252, 0.31657283643518097, 0.5019736783738038, 0.1573484299932365
0.007691107041735479, 0.6600551137708284, 0.4302178689141689, 0.05503255982109534, 0.16087167619355502, 0.3115361119774579, 0.9540843394374248, 0.860107122704796, 0.004022612318519747, 0.3325598013581528, 0.9639139747430971, 0.13848731775423462
0.40202199848835407, 0.19157438752492206, 0.5170808659383503, 0.43670447769019793, 0.9178156857225154, 0.8073453946803458, 0.15940064072765647, 0.5797772920867447, 0.07261853490313952, 0.46724452536780203, 0.9204692332827104, 0.5980447541108046
0.3991439358788069, 0.8365309280996416, 0.9911634457310986, 0.4794271478466968, 0.789406162864263, 0.8760671905557659, 0.6351329280068032, 0.2471584048638733, 0.6047602061035314, 0.7952156341632577, 0.1281045234592627, 0.09774981860201926
0.22923880124445095, 0.9019727443517318, 0.07726535391259737, 0.051597165921217214, 0.8600055771364529, 0.6258845737300401, 0.8195398572188646, 0.30969353510091213, 0.4952786677723128, 0.20402239983412185, 0.5859188135531643, 0.45911684216910253
0.7917122425466472, 0.876145137658091, 0.03890423364022633, 0.3536721037946986, 0.22905823483997845, 0.6179364259412815, 0.15594657310462323, 0.8271798434483114, 0.6651748213825527, 0.44458995018201264, 0.7600062888502682, 0.8689351818501792
0.23138209609276572, 0.157955363889263, 0.6221859237851511, 0.8320531604027877, 0.5333543467596281, 0.040087819680889925, 0.8995038884157438, 0.2516650098796941, 0.3960507756989883, 0.11528193050340152, 0.773101209491248, 0.24948389070251387
0.7705142882947184, 0.5749094003503856, 0.12911076998354232, 0.25929852903672357, 0.4576831082658628, 0.727293201877599, 0.825013392400907, 0.14039186719460195, 0.6320182117973171, 0.626749093280376, 0.8218878126057212, 0.5952899615592483
0.3788601975309581, 0.12128220517819877, 0.7596884179208928, 0.008702579845656366, 0.2464967941802656, 0.2651941398354012, 0.26064829426728686, 0.9519020954972333, 0.6914473560963981, 0.02024717094841999, 0.5023326259721326, 0.6491689469165361
0.005569718076104513, 0.4765142535407071, 0.9041876658232437, 0.10484890114932022, 0.9385283602616202, 0.30370435476820323, 0.9673885572006541, 0.7923409650296758, 0.2914782620900255, 0.8441850458344397, 0.433105234323261, 0.8382493703742449
0.5584453003716854, 0.54065965153343, 0.1499600780426834, 0.8212479914660779, 0.43196637966667273, 0.9623924959564941, 0.2534782494125237, 0.1564312189510625, 0.5243406643407476, 0.5933402632450645, 0.8724008569917648, 0.3089183372387594
0.7513990171980239, 0.7746700811668134, 0.44292024777255, 0.21402169100203905, 0.7672342821958414, 0.9586629545308246, 0.4242405000784796, 0.8239613894505273, 0.6945158674967439, 0.36835725720976453, 0.4153760152404252, 0.06391037036003777
0.742938767091459, 0.7960196902731371, 0.18090988275099107, 0.31465796750798736, 0.8617426366583758, 0.6724572364565979, 0.18261744693262927, 0.41911267643889916, 0.950864429099154, 0.11317787247809274, 0.10543237059570199, 0.31825760591248753
0.6048198041532387, 0.4546322967479428, 0.17560485319116803, 0.8661511277717211, 0.04244720767890775, 0.016193750890847514, 0.659520233149209, 0.06275969373838763, 0.6870124614551072, 0.2268084911673487, 0.6087621092661519, 0.9193974593125087
0.24838196676917512, 0.4736973119093343, 0.4188595725523875, 0.5165348318442287, 0.4445590133914048, 0.4783959001922461, 0.46962952024924376, 0.4219464446692168, 0.3045237247787088, 0.06223105660678474, 0.18027104919926062, 0.8920221054542617
0.3282839074651518, 0.7133191489398358, 0.7055992497727277, 0.22394331137178447, 0.12221616217364883, 0.9277780236950289, 0.2073684669565493, 0.8186713366832754, 0.9171740517264108, 0.9059668928868394, 0.011559578245700752, 0.23679861082787335
0.12048383017619513, 0.6373062256215599, 0.23986804387082883, 0.164357252071478, 0.3164750096511981, 0.2396115713355802, 0.48627981993481706, 0.9567778932347973, 0.8940277181210669, 0.16966187577284642, 0.5591641746655086, 0.30399154394934624
0.8981121847185395, 0.863720943372377, 0.44809120392841284, 0.928528542402557, 0.21052627048010475, 0.1065585150050139, 0.06011205525467578, 0.1492014736485614, 0.6697369546707961, 0.5612232334920472, 0.43881819013075496, 0.01758977509530979
0.044079454841155497, 0.9736022236719498, 0.8308908216718958, 0.9290133125392848, 0.1463187789841538, 0.2499679186785878, 0.20073648133408173, 0.10276838576344205, 0.6808954275814523, 0.7914841497616532, 0.7677139266834984, 0.23411243885579935
0.44224291288834505, 0.26045760206088886, 0.33138561334224015, 0.5013296180034454, 0.45290873738737336, 0.20509184809247472, 0.40638640591942077, 0.8745777841122587, 0.9518851014875803, 0.425508849612629, 0.6947159088196961, 0.36677921070131037
0.3718126007517989, 0.7842363020353882, 0.10985047782680424, 0.9288132995024257, 0.18826194075853941, 0.02611821848702256, 0.49962802496197556, 0.7421797984576927, 0.13312119162726088, 0.5632927577320603, 0.06335619056954933, 0.8798823186959664
0.4420912926427084, 0.09405071091266437, 0.4580898755720696, 0.2906039948559984, 0.44082323235280874, 0.004232648840926112, 0.6427620760137663, 0.05792920222702269, 0.35777138558959753, 0.8168164517734781, 0.13646429021527828, 0.7236750467475243
0.989630741240904, 0.8139776766086472, 0.9454445893745923, 0.23786797679852778, 0.05725499338248152, 0.9066924880357361, 0.6996540680924126, 0.5120733603626061, 0.43362878413595385, 0.7695718167801331, 0.30045406818866793, 0.35192868891124907
0.9481755835986896, 0.6131739076172913, 0.4095449176150766, 0.2098957561382645, 0.9822525648984088, 0.9090813604735117, 0.044400322698327166, 0.46505468166969854, 0.09782402318499028, 0.6838086693699099, 0.747215053989064, 0.07342580117005504
0.7925132010438657, 0.3124303072251037, 0.09729690281343073, 0.9129567177471455, 0.4279430372680423, 0.0313528566786373, 0.08951556090230584, 0.7768059356530668, 0.9586428083009794, 0.04151597319887368, 0.29743577789931874, 0.535467572026726
0.7452025814316924, 0.9676418727115129, 0.3366693366150224, 0.9077490768761709, 0.9095486766857186, 0.20634957226489226, 0.4943298518687068, 0.3036188639652566, 0.5306704287926008, 0.5936341635431626, 0.569912936377434, 0.8216712852077785
0.15604073978771738, 0.757022379419246, 0.5477556547948519, 0.7101558940483775, 0.9379424387188577, 0.06196314985164508, 0.6263779493711208, 0.48720545426727724, 0.824550658717547, 0.8650249152633773, 0.5318101761988138, 0.7020372711142622
0.4539647149954479, 0.9171844219435045, 0.6359391688893076, 0.8392725095989368, 0.3090474572179537, 0.41068263975256347, 0.42939847539430775, 0.49519863105027406, 0.20332497490032386, 0.8664606052648408, 0.9091365856357413, 0.21698469838711254
0.48117103371514336, 0.2961573108544433, 0.43271100579951527, 0.4599811778009312, 0.5575965573320301, 0.9019980930895498, 0.6488541365086864, 0.8619211584175505, 0.4377786416212158, 0.2242190271710408, 0.9791131123875294, 0.6232844386220854
0.1813247048305041, 0.01774850236881953, 0.48558126337050433, 0.9294928611112909, 0.6378390648518633, 0.04624833246227533, 0.14662531890980723, 0.03092756903241345, 0.015477482462198044, 0.7100684494514578, 0.27394027850996816, 0.13162372226943553
0.9797292548968735, 0.02813109684432713, 0.31473918273797963, 0.30129102182327705, 0.03435426804184183, 0.4304607382022124, 0.4286840597134499, 0.5483391940846379, 0.16965857262898898, 0.7546647235216026, 0.06739315696808879, 0.3504195755323658
0.15615006242001817, 0.1527417607203544, 0.4065768519044137, 0.19462135827779026, 0.8584552766213962, 0.35680108460909854, 0.13730396038603843, 0.9875107815479752, 0.16626527991412599, 0.3842332275048408, 0.6674491300562555, 0.18330094377142125
0.4081133230246875, 0.7840964474336967, 0.2207894742426585, 0.832098580679165, 0.07548389073125128, 0.8035702077266164, 0.011003342196495347, 0.92172012991158, 0.7562581157048845, 0.6383016591138313, 0.3325405982155084, 0.5926194309371926
0.572556461197928, 0.13177888062751764, 0.4075772071764522, 0.23568788671951002, 0.7552934871227147, 0.17435694324291173, 0.1873413663555782, 0.7927339003570645, 0.41055304957390293, 0.1428228871987437, 0.031083719383356523, 0.27493511313407015
0.6847938213646554, 0.8375847624757675, 0.7427890622864514, 0.08954308590794102, 0.7266728888100971, 0.5956123903663699, 0.48578815031796707, 0.6602561570460028, 0.820265658086379, 0.3687717814718142, 0.7104483857826518, 0.13094992514195058
0.8963633408374588, 0.8781603854616363, 0.5984670694256004, 0.9442823601009229, 0.4833124193106807, 0.6877541214349236, 0.3773561197772576, 0.4148277802502307, 0.618974682258286, 0.8464732170238762, 0.5012958325880349, 0.499332566106513
0.8557050545839952, 0.9657410021406445, 0.2693204982905325, 0.35236825760046786, 0.9718905309294319, 0.4351992919964195, 0.39072935961784916, 0.0570301077626596, 0.07809310551135229, 0.11660329057035201, 0.05605291506698218, 0.9025957335629405
0.5663433183044538, 0.6588226151086042, 0.27201350526116674, 0.9593555928951806, 0.06740664095047977, 0.2592989074134895, 0.4170901487916874, 0.16187946977639045, 0.7753778221784665, 0.9589179391824937, 0.7117911811092594, 0.49547102833963597
0.5266923135938028, 0.003815950754503139, 0.9490490786641884, 0.9105948133575189, 0.4458446177697841, 0.48662387630305626, 0.18543521790193007, 0.48974660841093653, 0.9307567118341485, 0.967206175484891, 0.39337531833170936, 0.43603058564921726
0.39995768215080774, 0.7239628886305616, 0.49892937696090933, 0.6043003951746799, 0.46906217982063836, 0.335367588034049, 0.6661500935546218, 0.13115590320560855, 0.9196355426045961, 0.6772322523371344, 0.2970153031914383, 0.5542682739060049
0.8678731591542299, 0.22110033270281493, 0.8199980375443144, 0.5664741219076208, 0.7917561269178659, 0.8904759543073367, 0.8118835860977849, 0.08683987831122109, 0.7341044392669194, 0.07628654336293528, 0.336988338251593, 0.9662316232544307
0.870125407061733, 0.5587616465958649, 0.5334429900159091, 0.09781614267896321, 0.3052263546653916, 0.23249489315139404, 0.43564299881904467, 0.050188191260857384, 0.8047990346175876, 0.6836028869983783, 0.7877184957927288, 0.8953003215574687
0.49082888346974574, 0.3854859730685325, 0.9433694214403312, 0.8709636033070661, 0.37991179255296725, 0.01606931536655809, 0.38108806817389906, 0.09861547399373172, 0.7177885211300289, 0.13134283132151636, 0.4884149159373298, 0.37029349895446273
0.3235794103650902, 0.17778309164894268, 0.8600233771046257, 0.6474385861867077, 0.6144956349230478, 0.4962901294646833, 0.9121392153476766, 0.7728515622476111, 0.8087442636977277, 0.4435794388654639, 0.9906354547432962, 0.10099776863364895
0.8955949048046635, 0.8402313039945404, 0.1807675728396233, 0.5001332410840474, 0.2057847588311985, 0.5232135390674835, 0.3243492524959518, 0.9897988725504796, 0.6287720141865457, 0.7208775420236538, 0.2622003953307709, 0.5320343364591087
0.4057414036011613, 0.8556244545452011, 0.6751288816379208, 0.14770028496748477, 0.1314492325971478, 0.5546732330566247, 0.6224568754677703, 0.8504085102396327, 0.31068945350603017, 0.22225481234633304, 0.08651981274633447, 0.3630659784664658
0.024696046483628886, 0.5653516506841159, 0.5274275279031023, 0.22755733266851708, 0.7373615056841459, 0.1940073563122241, 0.13075685515644264, 0.145839641362006, 0.007054115462716393, 0.8299418720350022, 0.8439445671748397, 0.5953283169938618
0.18800695400869982, 0.6524986438938373, 0.6149016818191344, 0.2973021054375663, 0.653169988350248, 0.8576846811010017, 0.7742611872264822, 0.020909366417955377, 0.6582295660379948, 0.1705644142584205, 0.010412171043771346, 0.9200676927918314
0.7770682737232298, 0.4458125958554705, 0.6180696242085095, 0.563790511867271, 0.8016763629287251, 0.6251652111521463, 0.8243729792134731, 0.6352653865949166, 0.059011097943153734, 0.5683219249527456, 0.07821975660762803, 0.3850186305183083
0.6688220141667416, 0.8080397479358667, 0.40292461665041013, 0.30632770642537266, 0.42092610913398254, 0.49412571634950786, 0.00513010254413504, 0.8586906107058485, 0.09033225299529779, 0.7430527575039907, 0.09516572216148067, 0.512839373648136
0.2760146385005643, 0.8434625237968105, 0.379903181324892, 0.17093544549580264, 0.7592167635087872, 0.10360423614843306, 0.5870076470249552, 0.7465940141269711, 0.5104717265091064, 0.016611336265247467, 0.5980964749415414, 0.8529558178078253
0.4142561857522622, 0.728668348523027, 0.6405228768672451, 0.6662432459484363, 0.30452118213871493, 0.6080638523533958, 0.7976666792683599, 0.6017712083955692, 0.8909634314282097, 0.48359864104326167, 0.787143859734282, 0.844099452073676
0.5938525172571618, 0.0008005243322913858, 0.0194958409667213, 0.48642614087478964, 0.751607233597297, 0.31336868699030807, 0.499053779612198, 0.13657913992510673, 0.7123835166762233, 0.14288348995559208, 0.6163700531082719, 0.12878979332516738
0.1752945884692797, 0.40703521414257127, 0.5451938861287341, 0.28842889277818007, 0.32392197162920966, 0.21762359352004546, 0.300381342452249, 0.3806526049382406, 0.9672325244783012, 0.4924396378575898, 0.13551419854803126, 0.9577018974712765
0.24712211945760898, 0.9463183601902369, 0.16443846292147513, 0.9913025773246368, 0.20896592259801094, 0.6249661921079535, 0.26924855339049236, 0.42654282713078284, 0.2917149486092103, 0.6510141215726684, 0.12008738876762526, 0.6431409383845726
0.6694672649879762, 0.14014168307233454, 0.5237699178517974, 0.7170659200942557, 0.4546472893643413, 0.42731556022665673, 0.09681580773677245, 0.005723338627133034, 0.9192163912982029, 0.7039851105882841, 0.09878420907774121, 0.19113586858305676
0.48679466398898297, 0.024060810428232937, 0.571184129834144, 0.975448349179204, 0.9194903443955762, 0.5469897332000927, 0.23273763145768933, 0.15356294536998671, 0.2375819106139746, 0.8387111391298465, 0.7994994903117052, 0.9611889295032855
0.7967627914119114, 0.20196507102802397, 0.8213103920360918, 0.0022413501109278533, 0.9464622027636375, 0.5490316888681541, 0.945247462202154, 0.08999737452929768, 0.7205613598393236, 0.7315846889399901, 0.664469580671, 0.4035959086069809
0.0032717389564299593, 0.2500032898203336, 0.4744842390739903, 0.3296408763949369, 0.6607437847520032, 0.024903282311222297, 0.024813295168430782, 0.6805777348791556, 0.6979226045197703, 0.6012295158738681, 0.43357815671101374, 0.6283598432605708
0.7668332401273105, 0.297521330860116, 0.3332156109499952, 0.0707566678070306, 0.2500721888344214, 0.9267098393806136, 0.5424802395348121, 0.7701869476394693, 0.7994164091433961, 0.6584925419531158, 0.9530799140958154, 0.2613427385015702
0.16126239166211964, 0.030703111142345696, 0.013953250312810916, 0.02399593082218454, 0.9951757453459259, 0.5286722764928148, 0.9456010932374869, 0.6876293642840038, 0.9971116709081187, 0.6163419262491387, 0.5099159962661075, 0.08055778507763955
0.6286884786299146, 0.20289190812117186, 0.25846517274540126, 0.13274720945646645, 0.3884722323680264, 0.09164905978363813, 0.1863784008563948, 0.8513561943631015, 0.2123346718103135, 0.9580385521171788, 0.7345924757142503, 0.514990603267925
0.7243367726182935, 0.1005628692928836, 0.8245931901483852, 0.48670179208707465, 0.13693661159328974, 0.7311447668881903, 0.8804511626649554, 0.4012984394595598, 0.46839351498543025, 0.3325580737322513, 0.2865814622435402, 0.34286495112487303
0.20389531310612585, 0.1746685661695172, 0.1995245035528831, 0.32627221782134996, 0.26565638788575563, 0.6405099156815013, 0.15226462483232495, 0.9615255980829527, 0.12455277089909378, 0.82923842223344, 0.8495062867500507, 0.9654550595185231
0.5764619122813232, 0.9408907401970128, 0.09088374946851097, 0.042292705045611445, 0.0911439518614231, 0.20839304889319576, 0.7897908199344322, 0.605439126006608, 0.15980108859962594, 0.8112851975053804, 0.1839091480425642, 0.6724707749220096
0.13253988148350526, 0.16669183760415118, 0.02469964922206136, 0.2697777789190484, 0.38234999867478525, 0.749282714965029, 0.43723944293291206, 0.18224087780087217, 0.006404454600296927, 0.07499081725905521, 0.32781110213220754, 0.5300482706094023
0.5691944955842553, 0.8159430035924226, 0.8054451127540873, 0.6240017247500776, 0.038136445789043294, 0.6756226850722247, 0.32437061641524567, 0.6862599845893255, 0.4141892889818488, 0.1862577001144995, 0.6456667603013577, 0.3500803805360244
0.7422664369308831, 0.350798221662164, 0.3974667429332661, 0.887887631440853, 0.20686731742946862, 0.6821602244179972, 0.2780609094755855, 0.27288669100614926, 0.052645009787648966, 0.8119809925808423, 0.8327538196627496, 0.3956422578169041
0.9977310275888485, 0.8856811555130689, 0.49361396699636284, 0.7127228666545522, 0.8934272432019535, 0.05028177075559692, 0.12171317427686079, 0.7495942874354716, 0.6405336678646181, 0.7250582904168087, 0.024124951075076284, 0.6527004508379536
0.5666441834749443, 0.4141204481230185, 0.04429543030475713, 0.9533351582012974, 0.21120896956886848, 0.5148060240986106, 0.7372369626241478, 0.475251982850562, 0.1274624182099955, 0.037616193900679495, 0.12947213572046945, 0.45388965588300645
0.004399060911235875, 0.8890431613843306, 0.10184475196633047, 0.6139054355753559, 0.8724424176549933, 0.9345890692242933, 0.4293525123013944, 0.6518821715648307, 0.9336626348936953, 0.8231618426899829, 0.01597478334918978, 0.8734297238930958
0.7596030764494488, 0.6867512616048314, 0.7212152547856371, 0.3992475564136915, 0.9110371236190985, 0.3990449502358957, 0.6827838908687912, 0.8819832700898739, 0.8088597365180422, 0.6979536274230379, 0.2513901605632253, 0.010701255737059712
0.8104804948304483, 0.31800424066535193, 0.6326974698031064, 0.26360172362210854, 0.39013027816286105, 0.3428261639784468, 0.1752427176730753, 0.012816015381443835, 0.1635320837061368, 0.47670855567270864, 0.46935590785694203, 0.9730515079470692
0.7145814116362245, 0.8438543109006381, 0.5382812488108011, 0.3084088642631436, 0.8601663065006981, 0.8240777983242166, 0.6054208818051967, 0.16670906202574454, 0.2469763868992353, 0.18924363746663753, 0.6278046174082877, 0.27502093901741664
0.4953955978103003, 0.9010876377823784, 0.8942273632106419, 0.9545973160367217, 0.5280730269778222, 0.8534613777954672, 0.7476957000928857, 0.6855974526442707, 0.20209248800920288, 0.3726921734492399, 0.9832358486433377, 0.7383586606127425
0.30906671664292296, 0.14121263734119704, 0.22077479431623825, 0.7972155134809412, 0.3286975763117801, 0.7150482136241262, 0.0170712940400094, 0.7387486699408954, 0.972484759137574, 0.6629166229004605, 0.5638911935624212, 0.9724988525924265
0.8289270795537192, 0.22501381184980462, 0.8622304086691848, 0.18072590587657755, 0.09624538020433415, 0.4116305789096234, 0.9744956643555268, 0.9723715400727321, 0.7059756229643607, 0.9724435126908622, 0.15830252055706295, 0.09199299564703634
0.9957894052905656, 0.516720999928965, 0.7223658226104531, 0.7458772342065252, 0.8062398689604386, 0.2609702976923016, 0.8577830237279307, 0.45966672582145696, 0.703078729057169, 0.40435593402975767, 0.5184384943144094, 0.39354710047105557
0.7217483356449461, 0.9711619272569507, 0.31038187410093354, 0.10010262180646845, 0.5497006313932131, 0.46567657399763396, 0.574466399095294, 0.6892606313239122, 0.650588923064127, 0.7432510524672777, 0.3216579773063263, 0.03034115191560327
0.07189623731688266, 0.7588183408901245, 0.10532956705579821, 0.7275575840025733, 0.7165118429055137, 0.17512141226335243, 0.41847418587187113, 0.9502244382310449, 0.049464400354736426, 0.6123779171764578, 0.6412173483872788, 0.3203979219817603
0.8435282854453748, 0.23742754334539162, 0.5364854277234605, 0.6396389583543153, 0.8666217680253894, 0.779565094725865, 0.5458497551049858, 0.6266018937985222, 0.4883721652613343, 0.12522837464554593, 0.25376374052031025, 0.47886292137162967
0.2808445712525933, 0.5373613090798167, 0.24435635779433063, 0.3376932414823687, 0.9799879256377102, 0.6273863016409238, 0.2674650960144114, 0.9300746752320699, 0.4681440075207678, 0.3745086484791862, 0.20645346836124656, 0.7468632670471522
0.21456039852981468, 0.6681795776776186, 0.7352322726004229, 0.9256165343554864, 0.6422856173179816, 0.29668208626013726, 0.3346612130792884, 0.4280181990391352, 0.6108188129531958, 0.6135256997346465, 0.017165729755276415, 0.5869565988495166
0.0049643628445875665, 0.6966456921035135, 0.3820857323928206, 0.8467558742658263, 0.4505493406960963, 0.8320907931626024, 0.6287869158409891, 0.5576101494404169, 0.7868597326501084, 0.2198151985945982, 0.16531138712192628, 0.7527237133602045
9.02931007236e-07,0.263372008469,82.6643471612
1.299484894e-06,0.278446946553,38.6164189245
1.19137949718e-06,0.732298520345,53.7191889108
2.84451419109e-05,2.39950181316,98.521226659
3.86174455504e-06,6.40006726379,240.639132369
0.000152035716904,15.6358380522,251.7079548
0.017968837765,47.7967176232,351.927396455
0.584272722751,120.885706909,397.224006101
