$x1,$x2,$x3,$x4,$x5,$x6,$x7,$x8,$x9,$x10,$x11,$x12,$x13,$x14,>>f1,>>f2,>>f3,>>f4,>>f5
0.01587274867237376, 0.6753963533302965, 0.5378767895713411, 0.9117453597308434, 0.9329199983326146, 0.8431384640555972, 0.7910277561883077, 0.41564128563005864, 0.8139078497311528, 0.7711617501524918, 0.4140842979003788, 0.5577797778622987, 0.5974685159849218, 0.7022286477404805
0.8043305060844367, 0.5292698261814651, 0.45651548304266487, 0.30215076339117664, 0.45859391166341545, 0.28227151868439015, 0.46754430501880306, 0.6584745207674053, 0.09357468106156508, 0.15834386743428697, 0.6484718065259337, 0.5399934359921761, 0.4201973401856103, 0.6605659360336175
0.37670095821914706, 0.38491851046892134, 0.6349321129784142, 0.02661902708431385, 0.14346428717233073, 0.48263799124703666, 0.5736300935461442, 0.8407583119579466, 0.39082585884805277, 0.13697482335597233, 0.16562682790846428, 0.6563783949551105, 0.8032592894866428, 0.981962270555913
0.963251898594245, 0.47887419073761894, 0.7438873819446888, 0.5342060447603523, 0.9711831956830766, 0.9101335975316537, 0.6802443257139094, 0.35845744400265156, 0.06756630308858624, 0.2103651764315343, 0.07559925145624369, 0.5536024838352595, 0.23790988509676259, 0.9027784310732497
0.7348145028424455, 0.21857145831019664, 0.401983802534009, 0.05793753999826068, 0.5155357162081743, 0.906736220317292, 0.7471251460668574, 0.29174375768209415, 0.17571394952892638, 0.875957091969973, 0.32734862991175184, 0.8105223447920633, 0.2751180183324169, 0.013033467217126282
0.98357278349369, 0.17215789314979213, 0.28735287803274656, 0.35956418980603533, 0.05403926477016696, 0.09735414315408686, 0.4467409278391581, 0.5870308706874777, 0.6183355254816106, 0.22625904043792433, 0.13504477574744378, 0.3016303327474975, 0.05384953773773893, 0.04662166701453496
0.6873165604771562, 0.7187775948201692, 0.9550169869963236, 0.9574164189152236, 0.15911334535332244, 0.6863158750539179, 0.8262791815397814, 0.7370203358217673, 0.5331336358199875, 0.5355024288729241, 0.5052198288471209, 0.4648801844290963, 0.7158212704586717, 0.15037484014822666
0.25342436124285306, 0.8109871844645353, 0.7294058868911147, 0.1801416743727171, 0.6721579257744669, 0.7620386360886603, 0.6218875835860921, 0.5116639018055652, 0.4945938677939744, 0.9861432239811381, 0.49385364579368485, 0.5293738002460099, 0.39488176552202037, 0.29469188366099097
0.4999800106532689, 0.1995689242787445, 0.6360149850395558, 0.14881044416976663, 0.5561017307172299, 0.6891868739755812, 0.0657879528040749, 0.5338714988212571, 0.196867501519855, 0.6568089737886015, 0.2117319225468487, 0.5629409371286478, 0.4277326402107984, 0.4959391611302775
0.09782892977309054, 0.7746226743330854, 0.3556147740790164, 0.17771372100081984, 0.23954758761850548, 0.03896245224895667, 0.21151807297869274, 0.8382523221925606, 0.0677773943228488, 0.03354608423120742, 0.2648097778513311, 0.7810131768699353, 0.6809307243916781, 0.9468889536889911
0.09780324321378797, 0.727805196353594, 0.1751755326225255, 0.9735734168512956, 0.9392084332131775, 0.6895491824861846, 0.23983152307828937, 0.46311119839275694, 0.6433575292120916, 0.6537338026297496, 0.5647580604929546, 0.7220411337356863, 0.27105255872985523, 0.8779129294342732
0.5695034458370587, 0.340205660025527, 0.3785142849999241, 0.3382043070610963, 0.13230860554911839, 0.44705633197631456, 0.9588891906127454, 0.5535809093188564, 0.7561094319832657, 0.9553132828572206, 0.35541595850487684, 0.11465350085872361, 0.8434865581744012, 0.6398151236765774
0.3775114170358532, 0.6187762586114837, 0.4115652279051686, 0.6339037343494156, 0.8215686109397939, 0.2525699928831885, 0.6375353916960381, 0.5557711466119084, 0.24268133517493806, 0.614382260893068, 0.9614763742148095, 0.46582278720672643, 0.7971079221151846, 0.6532677868648379
0.47936516780532457, 0.6837591439761003, 0.44935501313681947, 0.27174316440524915, 0.06292630297417678, 0.826875380807958, 0.04234379626531004, 0.08396681012402452, 0.5996731592482901, 0.5282596490407688, 0.23142864621429438, 0.2721888581702264, 0.1562267566373733, 0.5754690954089564
0.7054722576443483, 0.33980823038056907, 0.3256680344439806, 0.7494475729057595, 0.45287258652385953, 0.9597703832569705, 0.48749559879163107, 0.16221990850687518, 0.18700419988408068, 0.5408935680033327, 0.08327946236207695, 0.8371172347198645, 0.0811045268000371, 0.45137468243902756
0.2134488214144492, 0.9415844390630025, 0.9000277604198487, 0.9237616046551561, 0.5748503508040024, 0.4309928598682916, 0.7424973098409697, 0.5355881404626849, 0.3793416861396325, 0.46945609861677273, 0.5846403457809751, 0.3874340320653522, 0.8437008124769649, 0.8769182460581063
0.2600844502567933, 0.7441846427424466, 0.267612423406814, 0.7449233746208114, 0.7625400181098364, 0.25316154348096465, 0.2706499673861462, 0.9041409369295783, 0.11937641649509867, 0.8157659793574379, 0.16633565640962278, 0.11770553394332273, 0.4251411675080887, 0.1399277361639799
0.017123778496678566, 0.7810007187555177, 0.687769853770065, 0.805087321182333, 0.8500728321232257, 0.2010959235182882, 0.027407486304615203, 0.9413928986480121, 0.25029652276169223, 0.32137236875121566, 0.5672376944693439, 0.8775382616855901, 0.5705518110408602, 0.6472726841188674
0.5500577001701626, 0.9735880280094237, 0.8480636262651666, 0.7783954517816156, 0.05652976753532557, 0.004559290807701788, 0.22963292002741487, 0.714552959804667, 0.11822405821385651, 0.8337621938728542, 0.22314422336516826, 0.6158570765175043, 0.9169195338200514, 0.8049344028951668
0.6509554781849002, 0.47580243519141496, 0.7773654316441326, 0.5756559953080326, 0.8895481602872282, 0.5626373764702399, 0.972257191551018, 0.014090398376948698, 0.3095468400217053, 0.6805061624439392, 0.7242891163685455, 0.5207229764629405, 0.020241781417355997, 0.11011826001350788
0.6850092907891259, 0.6941932669471333, 0.30680942254908417, 0.0392825933015446, 0.3896471316694342, 0.5200594170264299, 0.8647936202196409, 0.9533460342059998, 0.9420477372038649, 0.5764780021457699, 0.4077077788696566, 0.7170398296633522, 0.36640696110277327, 0.6046546616613988
0.22616681845705067, 0.9665806816465158, 0.8098463518413695, 0.19768304254934965, 0.5887584248340609, 0.05327062117420689, 0.03361118330395152, 0.21068895153079092, 0.695141254009172, 0.8061301213965973, 0.37850068592307884, 0.7126431761150795, 0.941908646558374, 0.6876992542799321
0.5466394520168562, 0.8084176620712157, 0.8233247596098973, 0.37912365734299147, 0.48979347450811095, 0.7705370111638028, 0.3855970221528998, 0.30244448981556604, 0.7223942819894676, 0.608394971443813, 0.5759917112765048, 0.9981464337642624, 0.3585005887582331, 0.47973697520712
0.5041425761620707, 0.08038797860111324, 0.30632790020027545, 0.722950917475014, 0.12425804526525575, 0.12962678667466032, 0.009987588563611927, 0.019953718500726803, 0.6944553973608099, 0.9032209905624409, 0.9533749362618932, 0.8152833515390644, 0.1293117938804199, 0.0304016096554508
0.05551285990556398, 0.013751008455146874, 0.15359101513467865, 0.9008398323273688, 0.4535910618266623, 0.7615484927275552, 0.3535013517464809, 0.5371822519243342, 0.2935275004563941, 0.7525484656870732, 0.09070503091527049, 0.013642506418876654, 0.5225522070390142, 0.763328417368694
0.2646401013055777, 0.8257896008525788, 0.6108832227044837, 0.5910290952773904, 0.25301169257157186, 0.7587386548934993, 0.9655740697910477, 0.4353787495433028, 0.4969410329370063, 0.23116329276973624, 0.753092300943523, 0.5086043230624766, 0.8424878072636605, 0.43269959601359276
0.9573147010693618, 0.8116808824035527, 0.8125747408827819, 0.1710537340260151, 0.5670329292100419, 0.9735717542403776, 0.1765138483155867, 0.16075676635321134, 0.1522187146361491, 0.059100576531392, 0.761813783486752, 0.6654735524037488, 0.7843692712446104, 0.9891391742817509
0.1290643598919876, 0.07766071070810199, 0.6955031242693509, 0.3339592830970396, 0.4651160641504948, 0.09724614033042633, 0.35929283316675154, 0.470829754775031, 0.8585435132755689, 0.9002981757669337, 0.1949007674965526, 0.5625067109724798, 0.6570292905830944, 0.5583304130446121
0.9962074069058768, 0.22944200598971498, 0.8085730325707646, 0.7740451309129316, 0.43007644945797685, 0.16182645078205338, 0.026538507413712553, 0.6209472110542721, 0.898194104458029, 0.15917884745744726, 0.7465436432712892, 0.9266821542744267, 0.6850616691757354, 0.45179498152585096
0.8096702291266297, 0.854582907593188, 0.5400816967692774, 0.7910416442527594, 0.987909587721562, 0.8767241350027619, 0.2021519018168466, 0.30579855181183413, 0.6135028228047839, 0.23345989715760906, 0.27293176691191423, 0.6146240093869652, 0.7845366665068065, 0.2767951912463269
0.6005828783408045, 0.9754121015541143, 0.3765507570378144, 0.7844675287304559, 0.5123527860963916, 0.4582585703307084, 0.6661186991188399, 0.20124574305925835, 0.4218106041050885, 0.5651151363339774, 0.6676182890737842, 0.35573471893213704, 0.9355616004586155, 0.3851504787711276
0.711252080852109, 0.17005440565630203, 0.26043787833393583, 0.1465817709013837, 0.3936094137554058, 0.03332126208760111, 0.5497755079697678, 0.7417979572528753, 0.7145420672655635, 0.8166588960294234, 0.5127519522053678, 0.9806106336162558, 0.4955065906279791, 0.32266064232861746
0.8846523145885873, 0.49553280943868416, 0.857509764346046, 0.725206683112288, 0.5643733687511595, 0.5674938935514302, 0.3153373054448674, 0.5232602748023953, 0.025150429230338722, 0.24204082409932404, 0.2862511781025143, 0.8969684125031085, 0.46784302458792426, 0.8849568507951595
0.7502501194361911, 0.08702404437511468, 0.5841017835837707, 0.20533299948730066, 0.9274839370605826, 0.18696771520192945, 0.46250935128918347, 0.45185661409512456, 0.6820582417583155, 0.8858376089336335, 0.1618586253233093, 0.925284692452921, 0.672093982972162, 0.15235625725029334
0.27841856467252146, 0.9434057012237501, 0.4441486125293621, 0.17828356508906584, 0.6020788376184486, 0.2316515501659968, 0.7292595963078523, 0.36625007834606405, 0.27153798386950323, 0.5159108491954839, 0.2604875077035851, 0.6694135116974788, 0.4584941389853546, 0.2665417490821188
0.7533547158751887, 0.3733338078075227, 0.1422026429884985, 0.9279927105945248, 0.7151987609067397, 0.8187540542293592, 0.8713350740564868, 0.7928839664385089, 0.2469662660660602, 0.05503381790317019, 0.8112923546212242, 0.10136050880705838, 0.017371242021706035, 0.29408694066600194
0.3873545351346488, 0.14978211284673648, 0.47909153795943815, 0.0699243630466625, 0.6415610538783157, 0.589283384768478, 0.4709176440923404, 0.3080215059832214, 0.05711466547126465, 0.6538430468313151, 0.05755174938423968, 0.34376215181153513, 0.6976207226756609, 0.0665307959449174
0.3040598522727299, 0.2885617045957821, 0.7910109275791967, 0.856460593870013, 0.23822686402979354, 0.9097571721843961, 0.2740214624726699, 0.013647397012656826, 0.7223644585461201, 0.3508898326864024, 0.39516235093135665, 0.8888262783001534, 0.4853509813629223, 0.4002656129349508
0.9642589131334053, 0.04551290257712415, 0.6499463413434112, 0.5363749763476616, 0.4222157539659237, 0.315134090260513, 0.9601585190455718, 0.8799024662198213, 0.7088572025275193, 0.4829257408694324, 0.4592378672726565, 0.6797461233709817, 0.9058514250778418, 0.5722349802696534
0.2894960985306644, 0.0766043004737611, 0.5571089915730348, 0.007006117487993735, 0.31248961815692333, 0.6687701356174678, 0.011647303800094488, 0.9790302833679814, 0.5567226697987433, 0.37922271212515635, 0.9858368261967629, 0.7485541169133803, 0.9088574777527489, 0.6449288020308985
0.9114866023945659, 0.8242624634375069, 0.28256510543086744, 0.9814914574660392, 0.6055570146859827, 0.6643234277497294, 0.8627631206067468, 0.8739121314806904, 0.9021656781191305, 0.6212591160695272, 0.7816163709965169, 0.23578999688712643, 0.06617904150705356, 0.630165592959586
0.9120858907248014, 0.7135295421373509, 0.1366068362535443, 0.7546980543645997, 0.14243025425704736, 0.21638337074953162, 0.801747418521931, 0.6418556702888196, 0.5494938264542106, 0.40238035670854955, 0.7147889905829361, 0.5872855235662509, 0.5486347793689469, 0.6006796845935287
0.7819634614657852, 0.3873733280148933, 0.7064569530151024, 0.32359540861747216, 0.7273792981941728, 0.6305472418819447, 0.6831800815133983, 0.8350641414789652, 0.1837443418896657, 0.011957969762854459, 0.6245947537396265, 0.2462771755739901, 0.44901141666924016, 0.22844835370054828
0.6144070528797084, 0.6475704640885417, 0.5709869532888908, 0.20360370971209074, 0.5336197113670719, 0.6736923245635735, 0.4535925281711408, 0.544118597516264, 0.9807198513959061, 0.9512733366213332, 0.6001784420599334, 0.41267489969589566, 0.6936276541037321, 0.7365493438754075
0.9633537856058426, 0.5796079327666261, 0.03362051337804206, 0.39121429452086787, 0.8382154780954801, 0.9418985411512673, 0.27797191922943876, 0.944020566633621, 0.44894563963062883, 0.742004482944928, 0.25034031585909744, 0.19795305489603632, 0.43209965274289863, 0.904950986393951
0.317305307328291, 0.2163026454303647, 0.1049755190872621, 0.6308943140786489, 0.4196688563766299, 0.739844097293446, 0.2046358684774655, 0.1173084191446514, 0.536162849603193, 0.17790152815214177, 0.23251299743457599, 0.8380565513424811, 0.4150960479689091, 0.6039703872804767
0.24221231050646608, 0.591530493817742, 0.04820693249847274, 0.16992826413776385, 0.6147314696529613, 0.6139312344474447, 0.12464537809905185, 0.8648771610514439, 0.4920221598325093, 0.8926920800255488, 0.9159367885656295, 0.7050427216988864, 0.4441719279149544, 0.8825886177635444
0.009458277686506422, 0.24656426519577723, 0.6816057254763584, 0.40140960859390673, 0.8695423855275988, 0.13344315494840187, 0.3580447745115213, 0.5517938147072897, 0.9429375010063056, 0.39932853165158433, 0.9650967658504938, 0.24224199466902352, 0.889892166048507, 0.5493541926381018
0.9370565268387949, 0.4070327607941241, 0.9531262558437243, 0.7852877331247016, 0.3112960290096639, 0.16779869693208738, 0.6620902927244793, 0.49606809518124606, 0.6758661013655095, 0.011736784249722243, 0.7350551805035683, 0.4365281864852131, 0.1262249506379206, 0.6325495026620477
0.8575265941538069, 0.9160932686614406, 0.13416414580851976, 0.17242080361100443, 0.0752216192471532, 0.5690268983896075, 0.9689102738130909, 0.1787032488954141, 0.7743915619804838, 0.1824627032069006, 0.31860296996722637, 0.4610874345640654, 0.6770075257692305, 0.0929665004960134
0.4429961971107079, 0.08774825852408152, 0.6365110465041495, 0.23205490232981696, 0.9368732417667087, 0.9572879817451019, 0.3851540583687194, 0.6013402744751539, 0.910573080695143, 0.5736535001502701, 0.16395205207248276, 0.001940009727482872, 0.5939973429360298, 0.19000684117588995
0.933138752212396, 0.8642840902171197, 0.3246214755704667, 0.04154563990731441, 0.9608224795655812, 0.23685018910005795, 0.4234731349387151, 0.5582207706804548, 0.952132727728346, 0.2062640386793937, 0.5544375752196679, 0.8787267963358264, 0.1610765948755012, 0.0924453446205924
0.34336091651463096, 0.6081877670938272, 0.9690913557869343, 0.7606356610935491, 0.3634876250204716, 0.8267308263250496, 0.39567868601269096, 0.7656393925907012, 0.5773686807737315, 0.2726500687170118, 0.8158891480840227, 0.2637401717319353, 0.5938904211146021, 0.4921145126887121
0.5602612491870426, 0.5960346876672067, 0.5833472590272502, 0.5234260485077475, 0.5151699089843391, 0.33624194166324617, 0.41103052049381417, 0.2963063925020949, 0.2517328257515421, 0.7047629958280406, 0.6742845584834931, 0.7675872438526714, 0.5598840297345282, 0.694594112617142
0.6623910957760444, 0.6189723647221971, 0.8197700502194251, 0.08182724877452852, 0.30589997309989436, 0.34480466049453284, 0.8646626534951497, 0.24247268659590226, 0.41964663637709265, 0.7871737278424972, 0.8957953591331217, 0.13974238088525937, 0.12005662865938338, 0.8617228612733938
0.9678857055901082, 0.7015217094692091, 0.15234434281917808, 0.817901236285989, 0.17657007363181942, 0.26370929370303775, 0.07741247801057549, 0.9018988467275155, 0.5884351412962728, 0.6067996080730764, 0.3638299452484133, 0.5497224516047563, 0.9115581050495521, 0.8782918115340057
0.6258603946879416, 0.8929591402587682, 0.1606327215514658, 0.9058818468989294, 0.9468073068202622, 0.7183570856954318, 0.25410205826302346, 0.45916917172455374, 0.18770478351010478, 0.019450658924635378, 0.5180248023093666, 0.1671134409854631, 0.7963908274571403, 0.9288777999369956
0.7783935991994676, 0.9649949496311034, 0.8496590321029419, 0.24514525500587248, 0.010562683908394987, 0.9703193967984117, 0.20905536314496398, 0.7628872953037646, 0.531036036844298, 0.928886231886307, 0.6258893844283958, 0.644840278049831, 0.7769818249808196, 0.21476863923487977
0.5916501771242096, 0.1271157562683869, 0.11182552809304902, 0.9887151693843991, 0.6339241905114538, 0.6210146151729387, 0.2963883719957793, 0.1419999861053246, 0.5088031811270242, 0.2548657472752859, 0.3289568395646437, 0.5908614452162514, 0.5276940829195949, 0.18897227640290493
0.12202917637212207, 0.30255226559996595, 0.1481179195091915, 0.7960697849599527, 0.9226531551838901, 0.3955999914792372, 0.7750851484517315, 0.4185770848630861, 0.47559466114986626, 0.5308920807686031, 0.883371793070625, 0.003152230857241922, 0.9442146895029219, 0.5458946238502046
0.04453659970185986, 0.18013081617685311, 0.152016998812476, 0.5725659363061154, 0.16807461205085183, 0.22649613933557422, 0.6938075439268905, 0.6400984172401608, 0.5291585155391332, 0.5954949323558301, 0.20993661309447653, 0.9197888707818279, 0.6984842143478518, 0.7660674422451381
0.8087326061018765, 0.6519539738885225, 0.5869728698326204, 0.24544924918448274, 0.07056646898579355, 0.8740960270526312, 0.9912696544176651, 0.3605140016448044, 0.2566294117374751, 0.23349749111134077, 0.9200984143773652, 0.5576283428651777, 0.35582230688846683, 0.41170363284929956
0.5696112526537613, 0.7073716964699597, 0.1751964750967515, 0.7877812904568416, 0.8225098061224486, 0.987782319629553, 0.20021977182656314, 0.6595828051706908, 0.5341346840087556, 0.9656005101291123, 0.1292055637458014, 0.48715003135517043, 0.28950846389796003, 0.023295915789865118
0.13597744470965567, 0.750892761620545, 0.8198128396328006, 0.7122504441003382, 0.025134431639484145, 0.9942190384057045, 0.3293039745587317, 0.7010309975268697, 0.2423904176357835, 0.8201050846983139, 0.34884985626892306, 0.3062702665180901, 0.0688156271966136, 0.07051481369240487
0.024285464847163873, 0.31994030592788003, 0.35249289246802384, 0.14621440998100432, 0.037095713111976236, 0.25847307114970186, 0.6888150698131849, 0.8283892754822575, 0.6287271445916629, 0.08470926113020727, 0.11453301175040975, 0.24638501491175502, 0.4669742317448343, 0.6357157518280951
0.6131281508277097, 0.7756294092311765, 0.9868021345884741, 0.8350171908364649, 0.0034453354342720566, 0.256647538780469, 0.4239115866211737, 0.405559001877724, 0.49123292878382674, 0.4067911547870583, 0.5397849651733944, 0.28680820539645324, 0.3921338096133534, 0.16493703636505086
0.1550660584923813, 0.8623879600898342, 0.1639294689832289, 0.07404663695252012, 0.7474804234279617, 0.27704896668464085, 0.14651353958948654, 0.5608177666729525, 0.6351792169968282, 0.4136995081733207, 0.5592641454510796, 0.4056158433480944, 0.5935251662143148, 0.7251121682638391
0.8865640580573396, 0.9636393505440313, 0.2685573741970314, 0.011017161108029416, 0.4783997385730472, 0.401322341035411, 0.04431888352268498, 0.8659393021874676, 0.019325043056317548, 0.30572244271588755, 0.1323497141726262, 0.9428350427624596, 0.20497831007144907, 0.4046446118822893
0.9801909741320841, 0.7998207475500169, 0.07301922792130733, 0.8028742202868531, 0.9562186832716386, 0.24336339744946278, 0.3874772400313302, 0.4558802144991181, 0.4065028956646738, 0.9481731689756819, 0.5519102728890803, 0.6371508763003787, 0.6934845824903189, 0.4292365036360697
0.9640790255252164, 0.20293247070613496, 0.8884244288764535, 0.9681860957952754, 0.6819636247376387, 0.4693667267103022, 0.19908655939283537, 0.1786517701824194, 0.7571745895857268, 0.47740478279922616, 0.4050263977622802, 0.43414070776581104, 0.7573997158539735, 0.08190376349012096
0.535845422869125, 0.6917596152406417, 0.3611586633971292, 0.4537374982548821, 0.967355603520725, 0.2955441279785984, 0.13386449506803244, 0.5874352308242794, 0.8801329233405089, 0.3533217776229156, 0.9365899249048341, 0.4687269413282854, 0.4014126341547025, 0.6689014153051496
0.7538723236378614, 0.6064645729766299, 0.17704978479336153, 0.7909515809718838, 0.2735881474516988, 0.1426851968834213, 0.12461262174371057, 0.4524915444823395, 0.8349861348636548, 0.03152524731127959, 0.7391025809472488, 0.2876611284136956, 0.48925064733167045, 0.46990232328324477
0.7611405432198259, 0.3834964642615518, 0.6978954904803792, 0.539373758559568, 0.9064931471838387, 0.2523722227327345, 0.4129067459881637, 0.7797148967538475, 0.44902767431560664, 0.6447569692962531, 0.20033857139427502, 0.9990699508815702, 0.33611895170459494, 0.02276136509099036
0.6438493671011541, 0.5598920724171056, 0.7234996366876137, 0.19082504054248206, 0.3235900745617353, 0.10833629033661352, 0.7158816426877953, 0.9303345144122412, 0.06375298673637897, 0.8030766361643619, 0.4359213134912334, 0.051607424055883144, 0.06939542374914287, 0.7765012480767219
0.3415803767803528, 0.5559418086198159, 0.6005588339855575, 0.6633241746626806, 0.6933615204363647, 0.9791179297660816, 0.2741259754247871, 0.8089709810348685, 0.6051821750124722, 0.37520132037379317, 0.4233920865257942, 0.6886080765607849, 0.32191048758175833, 0.9735301162539273
0.11622536271562056, 0.8596893916281909, 0.03356527218507077, 0.8692623677255401, 0.7085099378255009, 0.8042188876047431, 0.7672907460039018, 0.5876778855567086, 0.051326113450739674, 0.36517459577222433, 0.6344904031688525, 0.6514785145510308, 0.007032180945304778, 0.2755523836284085
0.046617227082840884, 0.18498516669380727, 0.25456792534611405, 0.38036598322542126, 0.09428200815861354, 0.6192324326076283, 0.012655350148475852, 0.19847933744506296, 0.17195387018286723, 0.23455948525538117, 0.04918382148085498, 0.355151126923239, 0.7158398422391343, 0.0972635422308753
0.21353115345796558, 0.8563767862306254, 0.061515945496231406, 0.3896033045603424, 0.39628582442069127, 0.9538794754799025, 0.3357106806156527, 0.35513206342355286, 0.9767664283043226, 0.6816442342065971, 0.4716003255007015, 0.7135716437746727, 0.5456551718279182, 0.9281669476959126
0.6261102040187367, 0.6439402428847602, 0.07723975926708937, 0.9509266392747422, 0.55712554427962, 0.1801936562989681, 0.08157400334609055, 0.4622370086452835, 0.9782460268701043, 0.4027583373503302, 0.5566728858451447, 0.8800886191089993, 0.5894039388473246, 0.5309831174045292
0.8700422165068181, 0.6269905244700749, 0.12062984652585129, 0.252627417898026, 0.07035461858485081, 0.19972288880174371, 0.6681709357976044, 0.9370114639686482, 0.6640717887943209, 0.9821471500502337, 0.24992472648742725, 0.716353940133025, 0.748707771553425, 0.08046767587668158
0.05333973312814133, 0.2525044911351231, 0.005026236913714288, 0.6450131993352463, 0.9262483745546807, 0.9178408469140015, 0.07569583705204075, 0.5077141373579427, 0.6670400520270843, 0.1548152633564598, 0.903292562389707, 0.9970518201028147, 0.6280957126664092, 0.7263017286131095
0.8696010236133875, 0.6643817703199143, 0.3799701968974901, 0.6052296895991477, 0.7385838887452689, 0.587364770143047, 0.21454680976178409, 0.6669825158064203, 0.053306293199394394, 0.36195828876581837, 0.2940214868754769, 0.6029642632599012, 0.46505854501509525, 0.7968990176681185
0.9961275318986362, 0.6845800155285383, 0.13044332375487422, 0.311445329564481, 0.6122806986107698, 0.43788127791766496, 0.1407372908285719, 0.6670844624717969, 0.31185227124471526, 0.33765907431339004, 0.8646347354297448, 0.26092021524228126, 0.043122702725692186, 0.3504446970497067
0.7898157448229036, 0.33065907990451104, 0.1643840905988213, 0.6295917699477669, 0.3389140325351402, 0.3595942973623042, 0.29900559952857697, 0.9396070667660932, 0.3202369246488821, 0.7939251042084053, 0.6853015115234112, 0.30193564064081757, 0.16937607844418678, 0.22250694707198349
0.17187006969218532, 0.8808572588441401, 0.5104949643366241, 0.8967078046775934, 0.20327714096986627, 0.03799870471107891, 0.4299704329938291, 0.025250089426701705, 0.21986623084862789, 0.39925578461352096, 0.9562136899743994, 0.5190776726226272, 0.9531552165638629, 0.2452098548902617
0.3905998933988388, 0.6888158225369354, 0.7375362382739177, 0.6683994803934026, 0.3126693179014697, 0.8872772969862236, 0.2501266929846683, 0.8988143300848098, 0.38547555100972797, 0.5979589451539995, 0.5688519948574319, 0.7594065754678718, 0.48411657231330807, 0.3715721935970252
0.8620847487948208, 0.6189249311667002, 0.44487352938088365, 0.6638868419929326, 0.09589486044133766, 0.5001538915108917, 0.40237250750934583, 0.07132810775506693, 0.9109781960143434, 0.40831734478309645, 0.45519697825198013, 0.037490157677042, 0.24924663227496868, 0.33692613804398475
0.33277551306522646, 0.037286155480732996, 0.3510059022299221, 0.03764655534033079, 0.4711185372117871, 0.6055691006761249, 0.13814612407578064, 0.8184525050097679, 0.008564136300544534, 0.975138432582571, 0.7637526638536877, 0.9390558713534142, 0.375753240484759, 0.6027438654332348
0.9807054876488597, 0.8674270596541047, 0.17524996680291172, 0.2502627552312354, 0.8349018939252505, 0.9543972105058416, 0.04254183088094554, 0.9089732867355563, 0.5917256717162596, 0.2895327799264785, 0.6955109396458637, 0.5523836329146651, 0.5339105978216689, 0.1742667100279729
0.5166797512243089, 0.7203952175386369, 0.3150014020702556, 0.9559798754513303, 0.9569491599746968, 0.014064723835189086, 0.18861502591708657, 0.46625831827350284, 0.3348861753672552, 0.6313499377122301, 0.5749050997135444, 0.7341566639274356, 0.14446358465622977, 0.12881219395588728
0.1929515790398071, 0.15861961155685178, 0.7811543415918436, 0.6559273149895333, 0.0058807748084117595, 0.9667178760822251, 0.01154110024901589, 0.21679225375885036, 0.3401141345472165, 0.3950777296594453, 0.17296764199252468, 0.29026208404819687, 0.5816643239497691, 0.9937550137468663
0.27753937763859715, 0.9061928462544533, 0.85022148709445, 0.25207926963486116, 0.6282149584660446, 0.15569908439854152, 0.39067591305034677, 0.9759190309173664, 0.9329258859706018, 0.9069293596620255, 0.3450449454661876, 0.6695034121216222, 0.5420475922855259, 0.43818162644524505
0.000417869190735,90.4577348873,1179.69031418
0.0133643622243,80.5147813565,1306.39759362
0.0433360661688,168.36233132,1279.52276552
0.0408523445904,348.319209621,1291.52123983
5.32912728635,669.953744542,1574.18151634
