$x1,$x2,$x3,$x4,$x5,$x6,$x7,$x8,$x9,$x10,$x11,$x12,$x13,$x14,$x15,$x16,$x17,>>f1,>>f2,>>f3,>>f4,>>f5,>>f6,>>f7,>>f8
0.31415477804761216, 0.5514903935181735, 0.4163233825311119, 0.7038384915557395, 0.24828311093780286, 0.9157698500590162, 0.006951870602019294, 0.1746134302382948, 0.11669858829979918, 0.8361093708556351, 0.3566624311168387, 0.1732798440844825, 0.3986264928296772, 0.02366761435836129, 0.773642072008336, 0.6538896638069607, 0.5687087721537291
0.12091914367450696, 0.7182819114771916, 0.5696940110826417, 0.3725818682572196, 0.08326098342291544, 0.8899886608620855, 0.020576820051157574, 0.7785279429878827, 0.7824285295156348, 0.4415118231982449, 0.3987295042616792, 0.47964242124639334, 0.9474493966020779, 0.3324474108269976, 0.5227102318288143, 0.9239272459971029, 0.9163801378959068
0.4942341714588452, 0.4283870477537075, 0.9203914776783056, 0.8475582595636304, 0.864241000948248, 0.5757941892584114, 0.7081703489422045, 0.4278477999547282, 0.7033211692142911, 0.23656969928176375, 0.6209530854608558, 0.0476499604292695, 0.5708845005101789, 0.15300144873086718, 0.07903769787064552, 0.900670477769245, 0.2896721172709795
0.5684050780127956, 0.6502768450003736, 0.8347483812645554, 0.17600106216774047, 0.9621773348440157, 0.7092532720510263, 0.7382383694121293, 0.18417206347491533, 0.592875182929093, 0.1690744536927582, 0.9502966107821774, 0.7972152462891114, 0.6714825851021149, 0.06895910291190843, 0.6453509786248731, 0.549875333337408, 0.16153083819833824
0.7815480554510392, 0.3520470314944961, 0.6475077847221841, 0.40763692277251506, 0.9102554968678819, 0.9964735337025301, 0.012303988972142132, 0.4955839315632422, 0.0785487629078595, 0.11263477588047188, 0.7206484724554476, 0.14694608239601814, 0.7794302973181485, 0.1859273427521244, 0.4726148603736332, 0.028106980183964958, 0.1865878086719045
0.21438727071541475, 0.9868034287667545, 0.549494320852151, 0.9386547903938676, 0.4942996798324447, 0.2751389823839432, 0.7861913062133132, 0.8795321675152591, 0.47685821779891047, 0.2329640595090121, 0.5242402243761909, 0.6532946949732106, 0.4863685193662033, 0.36878487386434433, 0.1869505980066909, 0.9720390327225428, 0.20805317752656305
0.1558218210192347, 0.9146979782821627, 0.9802177209398266, 0.4787113270899427, 0.30451091386771, 0.7100060066635488, 0.8644632696018764, 0.8407907266352376, 0.8982342293999024, 0.14854208683036618, 0.4258902973627846, 0.2546884790008349, 0.9961604538932982, 0.3473591444392905, 0.6771213786544706, 0.7801468167088663, 0.5698903777098917
0.9872040833116659, 0.558596604326663, 0.4088071934554972, 0.3913534330870465, 0.6268169654557675, 0.07162651014880039, 0.5909408853501664, 0.5941154724545216, 0.9774282353273969, 0.14358712647342498, 0.4180889590961173, 0.6921204443125225, 0.6246526542191025, 0.020320887919799357, 0.28197004055578334, 0.6060483131642368, 0.6194027584922698
0.06285340021704944, 0.765692855252913, 0.24252414814463719, 0.7597479012358479, 0.4900797122177861, 0.6093876864596607, 0.400341518547504, 0.5877784413968421, 0.08075125370549241, 0.3692604592976172, 0.27008130911763306, 0.04356974434584371, 0.2555578831518167, 0.6115723259078574, 0.1703613328027589, 0.1006229790986195, 0.47521284247834483
0.02448913428765198, 0.464197037092664, 0.18205527045746273, 0.15040239827052804, 0.19556907372679422, 0.42215693466105497, 0.4922614336032519, 0.6988720706665991, 0.6863540584694338, 0.23283743742916096, 0.8805323869586519, 0.9194100715037764, 0.0681166153931625, 0.4012638855827373, 0.25168331046801706, 0.28458873600686063, 0.29550693820200746
0.6649583028069652, 0.8180523664595785, 0.8015823141843603, 0.8475464786911884, 0.20938120484955425, 0.1884971671234542, 0.13950962169647674, 0.6537991165343581, 0.6664164670089853, 0.7369931520469408, 0.16787953580025472, 0.691034556542892, 0.14557824739789338, 0.060967049731853185, 0.4560708271938707, 0.3097093624032524, 0.0507874264541901
0.3734573400523671, 0.8262515386190296, 0.01841432185641312, 0.2890201609308106, 0.3996313274850005, 0.5882686323833676, 0.7774718471944355, 0.02953834069444672, 0.34012717328931097, 0.6382666690787031, 0.8712886449738882, 0.7402178393362997, 0.7738514180632331, 0.017552958828774723, 0.33734642310751506, 0.20640326496810601, 0.10061501306491094
0.8850045274455803, 0.14490767574891217, 0.8000436569963606, 0.6825376784935486, 0.875621226024031, 0.6362713855787332, 0.91668111383816, 0.8884417349740392, 0.3447780163918732, 0.0794189796630258, 0.20160095636914888, 0.35602169927272387, 0.6243867499629393, 0.834968703753013, 0.5688915695917167, 0.06078363344896187, 0.23382586521466253
0.7108319174113541, 0.6579610447846659, 0.602625915756613, 0.25586260113786596, 0.6321822372576054, 0.7014185020216266, 0.7927048753696119, 0.7207969620834936, 0.5954490935802429, 0.2784281270291652, 0.03469984187669062, 0.0406460964091071, 0.2999702702027883, 0.4114478127502983, 0.9461183809563624, 0.07359094784569653, 0.9907441797909635
0.12052496125513124, 0.059619084745705986, 0.5865621111630743, 0.1411733559381455, 0.22677788325784343, 0.8737679906423479, 0.6573614420262813, 0.9236392403708705, 0.5974358935663097, 0.3821766772087244, 0.6152133586199603, 0.4016282739616509, 0.030587104550403477, 0.15055307259440098, 0.7891776829353511, 0.1887252863429396, 0.685431277705966
0.6571209781209203, 0.6855490673150804, 0.7014555938224318, 0.22235002054223574, 0.04368374867554492, 0.14526934890033372, 0.8444460156198761, 0.5367689058153106, 0.9841278232180006, 0.8649531141739003, 0.08145446790917188, 0.43095632088896163, 0.8965226705840446, 0.7445712507607727, 0.07230235680694697, 0.9869341817898287, 0.28063579208640965
0.05317145270485146, 0.7028801271977384, 0.79698960238252, 0.2732492174202992, 0.26971247799834874, 0.9758004252370089, 0.5824399784072813, 0.5844278001896762, 0.07754526946923146, 0.833227513857337, 0.6043986440415541, 0.9180789704667589, 0.14276714829008308, 0.061599312494418745, 0.9635701826550633, 0.44830929750348114, 0.02565298580121178
0.03029429617112378, 0.034560672507072066, 0.960177003081913, 0.395271848636808, 0.8258513599239936, 0.9130331186934916, 0.2630280891858452, 0.5785291428377513, 0.921908314403866, 0.8793025651181481, 0.7349543089081672, 0.2873758146527593, 0.2781261428256633, 0.29650058935588997, 0.4787545739303527, 0.44447614308174244, 0.33580679008356207
0.08041103778421643, 0.1888467805170958, 0.7015340601848228, 0.5134243754974024, 0.6634311248281384, 0.8136307947173742, 0.556765068964431, 0.5162105952946412, 0.4584702272017789, 0.801175550416087, 0.8586024059624154, 0.6093984461697097, 0.7697189400875989, 0.9527014211360809, 0.41691035664353293, 0.9010895907491266, 0.48167498356799876
0.6606870728251331, 0.44563503931544757, 0.18399152449642064, 0.17199738548103927, 0.5253046088189659, 0.5066621105856677, 0.3641616967788417, 0.49743443917186636, 0.6618196711355341, 0.914399038708449, 0.9463042085880283, 0.8315384597445471, 0.6841079723546813, 0.8573986786700676, 0.7976064119777572, 0.26674019329675214, 0.6453471607631043
0.6406958789742849, 0.13942240612551937, 0.08847434487062655, 0.08906892420687518, 0.3462097622328072, 0.5697175198607822, 0.8380985781829932, 0.5006842050045309, 0.09747779168872006, 0.9979670682836781, 0.004979754499064404, 0.5723711671156908, 0.8519225498740536, 0.6715318192749151, 0.4705832886295743, 0.607032921620778, 0.9927754018127694
0.33652740006283566, 0.5091263479990525, 0.9174383900526522, 0.7232502465041541, 0.8623443709315077, 0.896863692697401, 0.6484651090268981, 0.19792901977049115, 0.1775445403817002, 0.34318578123672816, 0.2464632151566465, 0.5350169048741776, 0.803299461922767, 0.43841811294136235, 0.09737678367183966, 0.3861201558650863, 0.10862052588266957
0.3153867790807099, 0.20580924193513128, 0.9013807653094075, 0.45637621141852913, 0.7418293126347942, 0.7526141114010164, 0.6231619070058468, 0.7406682531472498, 0.27655317056508943, 0.6694328964398131, 0.772805403139261, 0.9530386316114942, 0.8622925912622749, 0.5148599390470571, 0.8713812477217611, 0.32356388303705197, 0.8001280067844168
0.7532984407820537, 0.5490674728502641, 0.33308587333922635, 0.9181650501011689, 0.23018067953874222, 0.9477894480869368, 0.6431431096022665, 0.35309254036947235, 0.545028406120907, 0.0008184823371738537, 0.13442485778675417, 0.1633256527653415, 0.41189538227104017, 0.728032705640653, 0.5208059357937892, 0.8131234440848322, 0.20273892678347472
0.33964034451534486, 0.6888116225790016, 0.9676406410371214, 0.24590154818521748, 0.48252147522446087, 0.982835010514934, 0.4600221968464655, 0.12201482954839282, 0.9473371846848373, 0.05363087093107766, 0.878372474498804, 0.5348661034538387, 0.4509477067502641, 0.7375522836444869, 0.36997380203204233, 0.14208506389388287, 0.6334821574746591
0.4761783123019738, 0.097325728527211, 0.5554340888387157, 0.45253393131517416, 0.4211378811044003, 0.7731680398217825, 0.9843016305188106, 0.17401554754610749, 0.12329079648183217, 0.7895035138571858, 0.3532169487091702, 0.09315233882494933, 0.24514597188073406, 0.23407828010119958, 0.19190133938985077, 0.11500352737706065, 0.019467399990067746
0.16064360053911975, 0.9723365967752176, 0.35564857117291415, 0.1874408071320942, 0.5956224524298488, 0.4141998436319124, 0.451459373826648, 0.10026183688911683, 0.31356939772292214, 0.3767573922996047, 0.07793172493626255, 0.06269731112020371, 0.638576613301708, 0.44878438012931043, 0.4638669888160787, 0.2105473123642172, 0.10074199774603787
0.9470237260489902, 0.7074078151753382, 0.3109313388789724, 0.4949415989324596, 0.9677615787548373, 0.4637871885635686, 0.8063698598869629, 0.9794238521115556, 0.24596646264645783, 0.36781497363721394, 0.04330182034652341, 0.5001511629306316, 0.17788991865994663, 0.9328317410695238, 0.25460816030388134, 0.6123283840017777, 0.5552819492084297
0.17851351632017431, 0.9087898647264239, 0.6977080318613487, 0.8489048414815614, 0.8483596581961064, 0.3151539383686677, 0.5068228671209948, 0.6111567158586815, 0.9642160239569912, 0.5480626253888622, 0.2642400900741234, 0.03998051883322662, 0.9927241448847465, 0.24728860059638846, 0.017599058693435143, 0.4048271907216525, 0.17077169156166927
0.9883329216452009, 0.2196788912346539, 0.21296198224697815, 0.1658599151616218, 0.5645871684953934, 0.027567533423675683, 0.43664168729932473, 0.8698545513098648, 0.7515713509421688, 0.9964232748463673, 0.31225318585070616, 0.12954610165311664, 0.5902940238036825, 0.7063036775078457, 0.9229403630571548, 0.3450844117866938, 0.1669179437834053
0.9569759854578231, 0.3243030292762077, 0.14542101748919667, 0.40007287078212905, 0.12196298805926631, 0.8151948025920788, 0.9367624368711095, 0.56087620885675, 0.19185251916128698, 0.24431046166868997, 0.09362124587732612, 0.8848738847783331, 0.7829265985059677, 0.7488244265046587, 0.5972630660874334, 0.15008098907941048, 0.8048176624973951
0.05207946221970361, 0.9212171065343473, 0.629893544617619, 0.683137284888598, 0.8991575998255256, 0.025539868982729308, 0.05269686408811236, 0.6923919661388214, 0.4248811433561317, 0.6064145141349094, 0.011598487024882198, 0.7024800124907269, 0.9929384528937342, 0.803806735627093, 0.2578745978807513, 0.4475472489156951, 0.32040674526075386
0.17688006884931273, 0.39216315985470807, 0.24547413281421315, 0.9353396759445273, 0.41329409572541786, 0.3432117618782935, 0.9945195237341816, 0.3130668565781636, 0.3978636347000478, 0.394549592381773, 0.6264016685477226, 0.43030947380312157, 0.4177360212747905, 0.3953054168114788, 0.29767592808445775, 0.1772009372909037, 0.749700140487018
0.6292468043311777, 0.9725843805778798, 0.9511212345336065, 0.3241982896785126, 0.32441754395519784, 0.005894183047349011, 0.5897093495198661, 0.07144191482527695, 0.11715612878915804, 0.4703729416608373, 0.5481238259533464, 0.9331490412038946, 0.3475641091838524, 0.41509244205011464, 0.3243726959407943, 0.45360836671979254, 0.44703559020084416
0.6723624165059076, 0.9589274581297981, 0.8951717953194115, 0.8041973488633442, 0.0452925907155588, 0.48376465386569856, 0.13018411119416717, 0.14863138112642393, 0.16870755172456553, 0.23454795135682838, 0.6762093693021136, 0.08252764475371643, 0.3033474157344659, 0.11060587708704084, 0.19318108716438476, 0.25111355223840415, 0.33346677309759465
0.6322562657586761, 0.6963951311015802, 0.8260144901295573, 0.6971823362099914, 0.3966989072760837, 0.41612920697813793, 0.3341397807687282, 0.4274097523616647, 0.1383216473678892, 0.10079161268750947, 0.9296652032760121, 0.00459390591881792, 0.6688393519575879, 0.9780136326204302, 0.226795423012096, 0.4691551617723797, 0.7938502836285706
0.6313723357429033, 0.7835195857319686, 0.9806865100194817, 0.4549586949205111, 0.8816378069183786, 0.4417486279669579, 0.44795614618985413, 0.5382286945261282, 0.05024616269148807, 0.5444815733437164, 0.09662656437208805, 0.13398176804109307, 0.030932947750303197, 0.05542931680487673, 0.3839627551884772, 0.8020477899826419, 0.39591691531762574
0.9318112032378932, 0.41819250255445084, 0.5479340159980861, 0.7905894912891498, 0.7909178251472183, 0.300357810462374, 0.6082667170363776, 0.14743498419229673, 0.38020994314046475, 0.3448399938078186, 0.49725551888021036, 0.4743861084182188, 0.5627668279905782, 0.20363765158510605, 0.48094002917845957, 0.13189891692314926, 0.9411511910823682
0.15378918506649897, 0.32763193092790543, 0.13932607966829602, 0.38370038789839245, 0.5899251347541447, 0.9201554462090253, 0.8011958152602376, 0.14092276627121314, 0.2519698835360723, 0.8766087884121799, 0.5244431455462109, 0.7223479332877262, 0.9332022320309058, 0.06563381059286733, 0.6287486926107971, 0.15294557307009626, 0.6902278142934988
0.5226076349763358, 0.41197462979105426, 0.2788837204615068, 0.9056388429128683, 0.6589666383983522, 0.3473963432131495, 0.6760387125708872, 0.9251836601007708, 0.66463163111601, 0.28727530335747975, 0.08319300987889111, 0.7812365831641219, 0.031503749341626364, 0.7171689832102507, 0.5871999939642923, 0.4025255727562742, 0.5999298489276936
0.3889995793821507, 0.875228090629259, 0.6737339374717082, 0.16680728861940552, 0.3910272143682195, 0.2761863584366171, 0.4509022163652693, 0.989485985318098, 0.3250598807612748, 0.0816593118040223, 0.8080474510089973, 0.14490394531922035, 0.033283753107579916, 0.3483842749770273, 0.40697616745900467, 0.3946226498094595, 0.7394274512987561
0.6029995348290065, 0.34200442225842265, 0.5454436843111925, 0.7302247345391465, 0.7840925383985852, 0.9945939465157226, 0.8734911802091614, 0.07775834379120194, 0.5693920231036906, 0.07874230469061139, 0.665299175843618, 0.37376624152154503, 0.28035003285783755, 0.1391917426141741, 0.4245993456174555, 0.6420944507705234, 0.9454677303553054
0.545858807016589, 0.9668577103248143, 0.3761111042784887, 0.5092639353991284, 0.2385389184545159, 0.15219311167612015, 0.33468157901761664, 0.00600133920570356, 0.8894560351765085, 0.5513396653995727, 0.8982382636906725, 0.9824400461478116, 0.19242189428569534, 0.24803991056091212, 0.7385192131914416, 0.2825531575570688, 0.626095892550786
0.8509682531797947, 0.5174379879560155, 0.6949482847510269, 0.6091640393881294, 0.17011214744759018, 0.8937547793408357, 0.13528909469424522, 0.2653794985675153, 0.6397022683376571, 0.9339887340741502, 0.24343446104123256, 0.7868814580020669, 0.5352583621371219, 0.5301090474036906, 0.7583159613454098, 0.10449094979981988, 0.24424484852852812
0.18854584092841564, 0.2486571859690584, 0.033252178227220486, 0.4870840451706936, 0.9219508208173305, 0.28597742905848544, 0.8840285347680804, 0.3108698928131798, 0.6566725552400476, 0.24777702001772706, 0.41045550872796566, 0.6712943019701105, 0.3419167720638605, 0.6423889535575933, 0.40066483954677223, 0.12208419723474528, 0.9456678556863107
0.28601755159804554, 0.4940510740917342, 0.5964138695976104, 0.9655739447326409, 0.053907506674458316, 0.5738759528711056, 0.5505048749879383, 0.059460686582121225, 0.07215680137127878, 0.39657661142301126, 0.10640744554400561, 0.7231859792833891, 0.07792300921191497, 0.26352165809684436, 0.2854580816996898, 0.10256721164484117, 0.5546044200981282
0.6402252787931039, 0.8325135727763845, 0.694379918246533, 0.73146978619947, 0.21422108193764233, 0.17855661727040928, 0.12474416620965179, 0.8649867839052392, 0.8914139457623533, 0.10021227096200058, 0.1255464786523498, 0.72855760881564, 0.815694352453879, 0.5393402129540241, 0.7460084509578823, 0.8155537958511411, 0.3359211729610372
0.5240811476861689, 0.5662346570332442, 0.816940559197257, 0.13426878614619064, 0.027422746606765025, 0.9473794920907732, 0.5834175351174151, 0.34719543430138455, 0.8463235954103486, 0.009793381586716388, 0.8779969384885487, 0.3428909943324854, 0.10452111883150272, 0.6265890892553136, 0.12570455744768727, 0.89697952236787, 0.4415826287324158
0.33660271999137403, 0.6212026324159377, 0.7183871283403267, 0.12100381940904759, 0.15093640672379405, 0.6523717931242516, 0.08103838163929955, 0.7932233554034734, 0.5863324658524133, 0.8588624736854826, 0.5385552440910552, 0.39551163910532694, 0.4535729257486034, 0.5489146588671351, 0.9097835332688265, 0.8298254452825077, 0.35744575212657737
0.7587596878542495, 0.8000369569446992, 0.8126030689687543, 0.27283759173868893, 0.3890278788116489, 0.3494669567649159, 0.4769572888467555, 0.49833543199847086, 0.42547266567901054, 0.8073306672374643, 0.9125763438203278, 0.6044429276122087, 0.017865367133240495, 0.4190105378122382, 0.7976926579839909, 0.43244437032599925, 0.909903327572939
0.13987823539816036, 0.7203683640842629, 0.10497396673044046, 0.08030185676249069, 0.9998823131366125, 0.46224803472728027, 0.9961175125518525, 0.7405380361966288, 0.5850761126379302, 0.11385844235225462, 0.5024229769406255, 0.7176572141370677, 0.7160314812204392, 0.7399574564403207, 0.9203246786939663, 0.866619417860306, 0.7539034802034821
0.27712141496607845, 0.8078620867432987, 0.03453425430795898, 0.9189467625280467, 0.2632308405595074, 0.563253288011504, 0.31522545293372006, 0.7841791555284707, 0.04928164793188439, 0.7158257195079504, 0.22336151211138544, 0.9323770013788809, 0.9708624817329903, 0.26534970834060356, 0.6526200697361423, 0.23469512450216967, 0.8226995541877854
0.9384292860264899, 0.3425567255866231, 0.020787628351378484, 0.581430336308026, 0.5275804451428002, 0.5471767854908712, 0.03191807749148756, 0.6065042363110964, 0.14521618309614714, 0.06046133783850316, 0.3947465904259878, 0.9801883975628947, 0.8477962938173271, 0.7018044162519276, 0.42111007028574543, 0.41469812260007466, 0.36880111298116836
0.9322316570661708, 0.22982240848912483, 0.1341371958176918, 0.7801612428077075, 0.6004356384607537, 0.7713143119397613, 0.6063555765362625, 0.27298215514898805, 0.2213783373657805, 0.7678571185250775, 0.1986508213081981, 0.4807114348790159, 0.5127570227812577, 0.8558263000708934, 0.6111302414875616, 0.5310000723299816, 0.7949426796901844
0.21472192655773836, 0.01804460709101985, 0.515763308718913, 0.9080058944499833, 0.8575896141085337, 0.9757170193842352, 0.8302369726432218, 0.6849122825151712, 0.4425044290120155, 0.5067378047179375, 0.2628086386408133, 0.6358147352172768, 0.592751242437553, 0.4347313733049838, 0.8888109199718482, 0.9977715780982421, 0.9605675068271436
0.08917444483236414, 0.35234946917456167, 0.10353273317871803, 0.9508567166599246, 0.22196185289765424, 0.6053167926155619, 0.48707629242525374, 0.7737151829984251, 0.7334499309583301, 0.20815298429183182, 0.9623503552462028, 0.39113331180218547, 0.20000692673551967, 0.17828146800327205, 0.4271792622503494, 0.6587717004541115, 0.1415019356646514
0.7436567363029771, 0.35024876243614544, 0.004235693902214788, 0.6731120378138846, 0.9810250792957296, 0.5630326391334397, 0.06442726478773586, 0.737305885119865, 0.07530581274039116, 0.16584927909606195, 0.10137147857243167, 0.09669511577140355, 0.4631848221390352, 0.6280110897064715, 0.8311515563797132, 0.9537305344408318, 0.36313106830581743
0.42311651740730083, 0.9685176623417378, 0.11244216379833194, 0.8182078447204323, 0.07532722207931508, 0.10793956441790076, 0.6838918107069913, 0.540839101414901, 0.8381158211973463, 0.9168553088133814, 0.5433282216229199, 0.5990339170139133, 0.17472966699299441, 0.8842546389479045, 0.07996337797602415, 0.593025588273596, 0.4976179428571702
0.7663845794177611, 0.896734646317244, 0.3336657603571117, 0.5317895902507042, 0.763909007364798, 0.12467661608826752, 0.6989304363248714, 0.04397054207255435, 0.8993488232780946, 0.722742479201035, 0.9579835853340946, 0.582748599928808, 0.9365052974005704, 0.7482838905589728, 0.5172216692118864, 0.5072602270514827, 0.21999373428657276
0.7563255704454347, 0.1858805496516165, 0.28328519281108766, 0.558156478016769, 0.8817414645017062, 0.316764346408723, 0.48910031806216203, 0.3073050080557166, 0.47194543847124026, 0.5517816352330458, 0.17014594357003776, 0.5448163174101539, 0.31572454957817875, 0.04696179992503269, 0.4611382528703659, 0.19060528285036715, 0.7683855740945077
0.006998596353313902, 0.6030596547248579, 0.9543359108058089, 0.6799321534908009, 0.4805059363493259, 0.08075130052486934, 0.14678097340057372, 0.7749147840890672, 0.11561645963833334, 0.6433295835126203, 0.3493461676184806, 0.7282770713580916, 0.9518306970333632, 0.7958019098719274, 0.0015759441446129285, 0.373240939799941, 0.42011734477570695
0.7275743772689381, 0.2137585898953337, 0.7251068875812618, 0.8499409500754422, 0.1952837380918424, 0.6072236440646357, 0.3881234928923847, 0.3660355137755963, 0.14311855875541268, 0.10260992802341073, 0.12171766987011401, 0.6952000742006651, 0.3845405127378715, 0.8769685388656816, 0.26865534485239295, 0.7906504787694094, 0.3749692333686122
0.5992583004661072, 0.6057463849314852, 0.92448201056598, 0.19817376826845712, 0.910986884409521, 0.37415234647755546, 0.43697114941385085, 0.24259022614653292, 0.4723956830181246, 0.9899319285564933, 0.5784305072333917, 0.8788967504199057, 0.8411860026415882, 0.1388972402544223, 0.924098574665407, 0.12692941488550236, 0.2714788734010285
0.7737377780526598, 0.4732309716142401, 0.295113972532965, 0.8963908481504365, 0.9265138959214733, 0.5959102983115131, 0.2295744487972292, 0.12714513528615223, 0.5642477303748796, 0.07644259424047684, 0.005969587855568004, 0.6702669698206902, 0.7889247985823251, 0.14719080005026108, 0.9942567098833025, 0.4833684587710455, 0.5201936240788624
0.6017451445991697, 0.8672671703345473, 0.2551202731002298, 0.5627041403283941, 0.8657026514637634, 0.5601996678311533, 0.33168007148201584, 0.035700824466142755, 0.3990773923618878, 0.4240542778233011, 0.6367699915347526, 0.3936191170084006, 0.492078001240452, 0.8177578296762771, 0.48483446732125246, 0.16940663790505972, 0.5795392654743438
0.43140734263164904, 0.5547577294394229, 0.6182894601533877, 0.35065479014057765, 0.3771094901378895, 0.27962144869338623, 0.8844526742584597, 0.2183691772110128, 0.561656287048787, 0.10526828180257808, 0.6217371770089825, 0.5459566476073776, 0.08176362048734687, 0.9831570786644014, 0.8742656746867435, 0.400612275053725, 0.2850683504999333
0.32393956202761465, 0.8149355520395817, 0.15720697636179837, 0.5349656986545125, 0.6351763290347139, 0.20317511240334107, 0.8535281162860779, 0.4622367975828189, 0.07084563370494856, 0.6351012165961392, 0.036156756584478145, 0.6437583845315006, 0.4360331757661662, 0.48636977687695115, 0.34467073913476176, 0.6134130269462348, 0.937028200942743
0.5322136361258407, 0.9439347918596331, 0.6187284372257648, 0.0839188471701573, 0.34041011513204755, 0.6649793822218623, 0.9150516371632761, 0.23185960099438285, 0.6855129129441057, 0.6716099641862691, 0.38816710383806385, 0.39633460220204864, 0.8019715952803412, 0.5031787682893258, 0.39989727686392085, 0.04338689288473674, 0.6367592669512199
0.23967849129799634, 0.6252095959549306, 0.7900231716868094, 0.05886176783513053, 0.21384901758546637, 0.30382583854661127, 0.9993646021090733, 0.9415915492594248, 0.9963148827619354, 0.7228060442530279, 0.18196836464642696, 0.9007201212883322, 0.1562716891521041, 0.11710040557017798, 0.05842198776240193, 0.2591774328015023, 0.9671354988450789
0.662235277588582, 0.6555986275127401, 0.10338646710915511, 0.8458539122486072, 0.8814375329429529, 0.23042026536334714, 0.6599531916353175, 0.9014531180736506, 0.9401955748192533, 0.13606873804528907, 0.5230624904840137, 0.3900686342050823, 0.709135097139755, 0.7864911294841737, 0.5495867181188572, 0.527365470535276, 0.3154585011070469
0.455368739622264, 0.462337957715238, 0.5230250697704374, 0.5141085547455316, 0.3709215043198537, 0.5957864662562843, 0.04637024883126428, 0.06188094504411534, 0.676848206801596, 0.5321258561436706, 0.8334604326619666, 0.13678878189798016, 0.22510015080829793, 0.4840643317073713, 0.6982719951917267, 0.8326118205943599, 0.3862100095309644
0.10127363921800803, 0.5192953930996974, 0.9668086722124094, 0.20091989471025995, 0.600545582385894, 0.003686172071029725, 0.7393838216917417, 0.8584450241626143, 0.1269075045831385, 0.5183890100161351, 0.9237938488568714, 0.7327019700349765, 0.7828635036524692, 0.665693719409, 0.44306123511101425, 0.18042866433324145, 0.18434698731174792
0.817966894898055, 0.8566191642423006, 0.5874291191925561, 0.5880375367089855, 0.4730457187048246, 0.18497539356386272, 0.3558148908278368, 0.29174544389366386, 0.3214677038546615, 0.9236282836801569, 0.9603070656072581, 0.639781215465366, 0.7608441797005231, 0.07539878298046676, 0.020980183053547874, 0.10593777909546143, 0.2056031293465982
0.9840550156117657, 0.25514640607073014, 0.9030950232097888, 0.9020630043522694, 0.24155772276343612, 0.4124436759955281, 0.4294509072076086, 0.31674241462966557, 0.09173457243900818, 0.2841097616620659, 0.6689168085530164, 0.8742056792088752, 0.14062614595991674, 0.7155122956902655, 0.48466183595502776, 0.1660609914803738, 0.8791648920133748
0.7229279189504483, 0.1806912141861875, 0.7241317575903492, 0.6910801434783633, 0.6413288068577118, 0.2668320048922155, 0.6879823810208578, 0.28465028801291214, 0.18851640664756364, 0.8773978647379814, 0.8612399177943879, 0.8102639524873261, 0.20104027713890016, 0.9786654955201981, 0.6957452705267344, 0.5484129310884828, 0.3335102289366706
0.14824063618494965, 0.9592243107212235, 0.32979850732208316, 0.9913783615263774, 0.42210571138774355, 0.3398027059811072, 0.8239277459834625, 0.30507466442365494, 0.11324423718874199, 0.3179525609414938, 0.8206978333853086, 0.9087485045285769, 0.8298832943640646, 0.3189747564294636, 0.28201466988050405, 0.3661162989469514, 0.6031479657838764
0.819848170139382, 0.7016801797333662, 0.6050551903741982, 0.650453122329355, 0.4529758802060211, 0.8817948590612179, 0.46892398885069875, 0.15942956095551086, 0.7394265815103338, 0.5656608698648662, 0.18007594677360728, 0.8902563007854134, 0.9792785299845831, 0.4732816268657627, 0.8424023689009642, 0.4725221632579155, 0.13197967713099423
0.9317783112048483, 0.6017131195719959, 0.5990702838504026, 0.7709793241703304, 0.884925364919644, 0.15921876826806247, 0.9800528436956728, 0.6545601085995535, 0.3764258942963735, 0.6352441211144279, 0.19473751362754832, 0.520423055160466, 0.8630890261175544, 0.02187937990035027, 0.2660709224148362, 0.29115397129427056, 0.092152965413824
0.2755730452637395, 0.708497987903768, 0.6921682611095761, 0.26566058745687915, 0.482013667698321, 0.40362976341553913, 0.16692925387785784, 0.24150315629681296, 0.3928143030608652, 0.5293691053487056, 0.44263822780944084, 0.5683435106007673, 0.44091029346083077, 0.7636621834452645, 0.36475506378597433, 0.8914236417564373, 0.6557994343211061
0.2287076625914689, 0.6489338065227046, 0.859431007224025, 0.31672618194188995, 0.8338142194205939, 0.7194189174793364, 0.6278861708441814, 0.08813118326667779, 0.615858232414011, 0.12294273591282745, 0.9640517327828497, 0.34955252546473425, 0.7379678740986368, 0.7003912100943994, 0.4326088502338016, 0.18549108409036996, 0.9425771875075796
0.08327098227055219, 0.704152699674006, 0.371453671559126, 0.3783181244168783, 0.22444516188081276, 0.17455502894665442, 0.560878817401032, 0.5965116524548585, 0.12783365838881755, 0.8368674241118469, 0.3397100451031284, 0.6468044790098684, 0.41053481063997277, 0.12043700559204007, 0.5282775540378739, 0.6825197578306376, 0.7852958002551245
0.31319827802387745, 0.49772921917200375, 0.46631666612355016, 0.8331609480374017, 0.7892406770136211, 0.2873519798917551, 0.21601818168727904, 0.7364502539393888, 0.8696293569201946, 0.6460229633821426, 0.11616299424797993, 0.9733110822685795, 0.557354977702579, 0.4295078648642463, 0.9714551130155638, 0.49621604974013733, 0.5971551716742511
0.4491349886814282, 0.4233711465782961, 0.04663424819143058, 0.8851549539051736, 0.2126702849457912, 0.47015657968966007, 0.36968747969283156, 0.4485965960495871, 0.6386838496490882, 0.20441633225175615, 0.6398024348268337, 0.316702328139555, 0.9778912738568419, 0.12837167048701337, 0.5965816740548402, 0.901929259872277, 0.5813571423097778
0.7345228993401023, 0.9323780451562145, 0.05241241456319734, 0.2598912902534114, 0.9938739593303639, 0.7862921451267163, 0.8968602813149571, 0.6818416404664869, 0.6030308490370895, 0.9161163816093577, 0.1689033993524074, 0.03340215045248418, 0.6718363355587088, 0.8523001423309916, 0.23908638178039032, 0.7454523224015649, 0.8340336778494051
0.7148706737924206, 0.08477402043440896, 0.05538642751251699, 0.9750192205799002, 0.05977217201656271, 0.14056884581331808, 0.41430614510000785, 0.39130310932502543, 0.8391918351646319, 0.6293771298326886, 0.5002538325113036, 0.18069773778494447, 0.7049568615264021, 0.32380213775404254, 0.03908302536246078, 0.15244934824607215, 0.17442018690722483
0.5875724641897807, 0.226200029619669, 0.6292617653531362, 0.394733196045956, 0.8542837187826162, 0.5800614464278653, 0.4121431222624623, 0.16854030390031816, 0.8373026098999048, 0.6977979778776638, 0.565663073391158, 0.11747397448428154, 0.6786777512404496, 0.608587222302144, 0.15896267927391883, 0.7801359284894464, 0.06280484145272014
0.5319294082845829, 0.2834052256081494, 0.278670814630375, 0.8420768084914886, 0.8860884682134166, 0.7424583397470815, 0.2762652514949868, 0.8790385779370828, 0.8376556205494179, 0.5629371550446673, 0.8032473429544296, 0.7556841012109513, 0.9268152553703922, 0.14981319608471233, 0.47808474708196946, 0.07518649340350314, 0.006259379170059698
0.7682306675237452, 0.5566752822339143, 0.33254320172391716, 0.36034626193817776, 0.6288777139200367, 0.015255204849261572, 0.25822213623750045, 0.5733873001419585, 0.12290345690854299, 0.4522204921207492, 0.38772322730934394, 0.07915535350036285, 0.2857315736088287, 0.15049118323418398, 0.33191683746402867, 0.025219592023586035, 0.6049226635322397
0.35706940111485286, 0.7011437835996005, 0.010524780492464858, 0.5949939078783237, 0.9750416490629031, 0.3769072939773541, 0.7007931767290306, 0.41931785406175204, 0.2675277655991113, 0.15481409068581464, 0.9913695027213081, 0.5817418912234233, 0.6372229017606899, 0.22441623473692363, 0.47256770925376723, 0.08711593282685492, 0.02871449418675509
0.2542602103668915, 0.41718544846790506, 0.7177429827268164, 0.9329068080506715, 0.8852037714778311, 0.49447182228679554, 0.14229947402465803, 0.7654269246334694, 0.03552124363000364, 0.11089709867034825, 0.40130769491869134, 0.24695221339697704, 0.7090070810324367, 0.5159021215788173, 0.688787802577139, 0.12400168575559334, 0.09556581670687103
0.5846453115810507, 0.1677631867113425, 0.8509151253391564, 0.4109475826232595, 0.060600500287577574, 0.39301418734149407, 0.24324242813847718, 0.444724900881346, 0.8769568904707208, 0.8501670513408255, 0.13832916074069523, 0.890211579348716, 0.09358916056784672, 0.5730490998283265, 0.2666083477555896, 0.11102332423862127, 0.9523551206937539
0.856523811254061, 0.6879305412234836, 0.6255674573719755, 0.8803703645690039, 0.4383743674869911, 0.5632287290640192, 0.11957595734892612, 0.4307793018691203, 0.2399995023169521, 0.9317449867616254, 0.32100413455885213, 0.1739175734394841, 0.04922893564108577, 0.6785479612466462, 0.7934779485655429, 0.5586493028383825, 0.42389551395818137
0.000822597625667,9.61245434786,571.750882093
0.00268211077643,10.8625168299,571.66599256
0.00254388713883,23.2134643041,901.123341141
0.000689417959886,45.3719014272,1114.0121934
0.0154648796154,101.497313538,1214.36550081
0.0851176191984,194.092841007,1577.32941768
0.613014249084,375.293479307,1429.33713899
0.297349883416,682.466989383,1548.66278348
