$x1,$x2,$x3,$x4,$x5,$x6,$x7,$x8,$x9,$x10,$x11,$x12,$x13,$x14,$x15,$x16,$x17,$x18,$x19,>>f1,>>f2,>>f3,>>f4,>>f5,>>f6,>>f7,>>f8,>>f9,>>f10,>>f11,>>f12,>>f13,>>f14,>>f15
0.6462091074726062, 0.7019822953802296, 0.6001921604642378, 0.5702527056355123, 0.581293697012952, 0.9695861827014682, 0.8580949314330663, 0.6878690242658256, 0.8273664075061521, 0.8165499825956776, 0.617515103665888, 0.6612681109871879, 0.2628298837051021, 0.015395140746326641, 0.6382904562260162, 0.3694656876286554, 0.6849815098173424, 0.36602938084082015, 0.6349351111950662
0.6802852410549354, 0.6894213234312748, 0.6413465769651417, 0.22614054900233582, 0.263674414428977, 0.39802075111349344, 0.26949679025546935, 0.285281313346169, 0.6599843101402446, 0.1063747009218069, 0.2862983829096427, 0.4428602627520416, 0.42383415622885967, 0.8896969932505832, 0.9329752469547761, 0.04800634676322002, 0.9180896844097997, 0.5483912468657702, 0.08995585711066523
0.1180786543343133, 0.667105024371467, 0.8873436207471253, 0.37041808801533804, 0.7085205528596658, 0.2547062853490606, 0.9520943509318838, 0.9634308914592215, 0.14564018293672987, 0.29300048038289384, 0.04067702199426959, 0.03211560872251118, 0.23150527152276357, 0.20281940582538238, 0.8786637880368329, 0.061339403968948436, 0.659416700308603, 0.6305652652027276, 0.8869853360241958
0.6392037948226662, 0.42792959545690545, 0.31960708037563246, 0.04124257125158559, 0.11179114415895364, 0.8822455057554555, 0.5154366084517622, 0.8361686710860512, 0.09828060865255739, 0.19784249062280468, 0.37496407851940694, 0.6019289755692435, 0.006134133596233493, 0.8338708895956097, 0.17959429414729344, 0.8888675056554419, 0.3068905246901762, 0.9333072029316669, 0.7759249300847483
0.8863286014844614, 0.8726345625160935, 0.8132158467115833, 0.5944641754696409, 0.6316483143655744, 0.8449349035055383, 0.9588385623804082, 0.2918005416797942, 0.07708695800328591, 0.11646132105906748, 0.4014041932536221, 0.9766386394421962, 0.7046588065365488, 0.022922063780885127, 0.39569200231906565, 0.6859684976894284, 0.4245098034659588, 0.10949993653702383, 0.397710654527923
0.35370662465575065, 0.7202687254832248, 0.21322405155397106, 0.5650474931659328, 0.5931608851763696, 0.6065656240893582, 0.8617148356709659, 0.40855470166342234, 0.23342529910159604, 0.2264935218812224, 0.4641207540386798, 0.8603087687307857, 0.04668108589392306, 0.7071308112551357, 0.8191306177017523, 0.15649379797325103, 0.3190671935341324, 0.14015634771177377, 0.23754267623044634
0.11831123097202356, 0.7554643399300045, 0.9477734187066515, 0.5730056880145906, 0.24009172893337238, 0.21347930651747504, 0.08806158911969808, 0.025139068721133584, 0.8594843930188216, 0.991555094383788, 0.1962600751404986, 0.011227277236417699, 0.12364811362879613, 0.8186001224425654, 0.993969212568855, 0.7889965596161539, 0.03649742096108466, 0.6082875168478954, 0.5551831088986402
0.4668930589363478, 0.5465540139960227, 0.6938973896533376, 0.7738386360078817, 0.1798558991238397, 0.9155980047485978, 0.3022799338196912, 0.5342257292419607, 0.607810116571332, 0.9971359624123444, 0.01966055216109952, 0.412484025637626, 0.867902001385384, 0.5325409512394016, 0.7929712897649752, 0.9190980693778552, 0.3804376316949155, 0.6287154962662451, 0.39662457409515317
0.7743128002625902, 0.8313404054338401, 0.23298074141991365, 0.7049178920068832, 0.3484111559172941, 0.5533838802057358, 0.6495753900124142, 0.5863402849397121, 0.716443799344449, 0.7833220629952148, 0.600786467999454, 0.31821726758917, 0.5250666823989794, 0.2605357872462305, 0.5399003852984727, 0.9607524042770357, 0.38835224669854507, 0.6782938617633173, 0.19003165365513996
0.5860038428771508, 0.31728275745776446, 0.9975424027616434, 0.9943935393004811, 0.8092113027910439, 0.2687411082238562, 0.41821404864421363, 0.45928939934475577, 0.7081655379316849, 0.5852861939261144, 0.6598408893597394, 0.19913703002952965, 0.7840181647565976, 0.761987153928819, 0.28218236740963953, 0.1552666573828002, 0.10403171535877254, 0.0892444568505405, 0.3192351684793119
0.41467112965690966, 0.34245754228312364, 0.3750170621557315, 0.4101470787680973, 0.8054310498808935, 0.5120633084997724, 0.27855594158689145, 0.42200240539434053, 0.046820150331068566, 0.006731270086269392, 0.8223793687598954, 0.913527925670427, 0.06600843135399814, 0.9931288778055835, 0.6114530321227308, 0.39912797693843194, 0.13934792898754933, 0.9267619250361131, 0.17283253909289054
0.37567356077774494, 0.07771942560677547, 0.21760131053795317, 0.5394386227272183, 0.7896693571492873, 0.7248681466273226, 0.07064700766494214, 0.4388197004740011, 0.9233926585723196, 0.2981842299940862, 0.5802457434515101, 0.5439073917845799, 0.24552393160498642, 0.4219083868468253, 0.4826883137760972, 0.7644488830307014, 0.49609832116508656, 0.7902645406609945, 0.8366619100096924
0.716393279942341, 0.7925028941622498, 0.7497810475042005, 0.8783383924758075, 0.610479872043269, 0.9419601937026632, 0.2537324988079248, 0.13278823486378688, 0.027924650012213004, 0.19436593513941547, 0.030888017461136785, 0.03888716731894937, 0.5325084889710031, 0.2500157568423511, 0.9046716992111578, 0.34003458869491077, 0.5783431560547675, 0.6461235057795349, 0.30969338310612116
0.6310080418561849, 0.8865766848761535, 0.8306555324052165, 0.039978584807777495, 0.07060368740444345, 0.11223828564352012, 0.12751608844610585, 0.49352243433367193, 0.605343940086011, 0.05025112522997055, 0.610143282303603, 0.9772256983129083, 0.2001104874991283, 0.8097841596920926, 0.37307805439313524, 0.4368763677345151, 0.6027033601435078, 0.1350696189800875, 0.13025396490693397
0.5081806095024011, 0.6675681318968171, 0.8897073695650539, 0.07825816955580023, 0.4445993274138853, 0.542529252289274, 0.8123947448802854, 0.8291830056277472, 0.9781593677422357, 0.7936685663124387, 0.8209672180548796, 0.780427986398821, 0.47547254324788624, 0.05296405415090433, 0.09541903853443856, 0.5964331214030226, 0.4768365409570632, 0.29419540196974503, 0.5814310947388668
0.403768483134212, 0.9662344628590913, 0.28759581734312234, 0.46489829840001284, 0.8507182681623139, 0.7565348916596103, 0.30590329190993837, 0.6544973861138348, 0.5629337363434174, 0.34023469537293594, 0.6612350540464982, 0.35057282119769395, 0.15044964608733125, 0.12287696073004128, 0.525035079551751, 0.831226995216166, 0.7753305154652261, 0.3481503114830278, 0.07097745385192278
0.13162274120680484, 0.34626616339086125, 0.6731063978495888, 0.1645610590657245, 0.7077606429862218, 0.6223559647698895, 0.030553882822068057, 0.286708947565407, 0.6275529068783168, 0.06971502389795647, 0.6652249457211182, 0.4625336374092449, 0.10660514631169493, 0.5622941245869589, 0.39876545702722943, 0.8102039580733815, 0.489461414901633, 0.8311442506548998, 0.5365720058839584
0.5982420677581264, 0.548604919144928, 0.5296118724407866, 0.6847030666665743, 0.5693889391782089, 0.33885458922148326, 0.07296120719017407, 0.5764968695462559, 0.23749204086300224, 0.188114968951143, 0.5337507834816845, 0.8750011578235234, 0.23152799842126748, 0.22513422278000605, 0.6162255360759219, 0.04794244707619155, 0.9450386528537814, 0.1418133264181196, 0.17893069636989445
0.5067608363585411, 0.1130466696634792, 0.7611271402203922, 0.043597703648745934, 0.49894821764944575, 0.853913892892788, 0.3577817166356386, 0.936759952405033, 0.6299165368727679, 0.22369357601047046, 0.14981270393966828, 0.14814156240252652, 0.7798529677201971, 0.18763987704181506, 0.31980396469286454, 0.09613877476651767, 0.6655993324752145, 0.7931295968063179, 0.8548598142010752
0.565615421763953, 0.6940730998463904, 0.30468002613258627, 0.5395022778279315, 0.7760201756141734, 0.5102385479782473, 0.36357977114811135, 0.06264867295200516, 0.5548342156658788, 0.8212821977854442, 0.8318922412440097, 0.852702540934494, 0.8764619263700878, 0.04423523135850904, 0.7056768777384714, 0.5995462993119794, 0.49484197630451565, 0.0679172186340361, 0.9818844749814692
0.017812755643476064, 0.4556858557420814, 0.9410790173366, 0.9173595456768265, 0.4771485173033243, 0.1067902543540914, 0.8340323525551793, 0.23786510782424253, 0.9049851815269767, 0.8173443439227409, 0.5042043731112936, 0.7505179092432457, 0.0026547135376625564, 0.33338441869003954, 0.8547359135097454, 0.479118236468724, 0.8086992312399913, 0.9356459937902328, 0.9827245116774124
0.14459510104045903, 0.733165175078892, 0.14137322813300968, 0.35482399329936976, 0.9306647624313945, 0.4622686491503747, 0.05698437032774517, 0.9657199000600741, 0.1551219137369092, 0.37206969100938203, 0.656656918907308, 0.71099745564494, 0.8404645230000154, 0.9399594249940901, 0.4554500735396313, 0.008331059802459406, 0.30596211059150014, 0.8341822011884136, 0.73280939404287
0.7180136709878745, 0.1398187046334678, 0.3498641426787634, 0.74181083066866, 0.7011664398694197, 0.14738912783700675, 0.6451186555380485, 0.3804550777376343, 0.1034621235719212, 0.5484185707165454, 0.9219196226182301, 0.3179091072507416, 0.8635455431341773, 0.7429111983363273, 0.6217858261494043, 0.8193014666642406, 0.6964575527072661, 0.7517744492288877, 0.020965462684160885
0.9735228884038822, 0.8561774687448207, 0.9372120989905256, 0.34924860404762825, 0.6092330624142777, 0.829174988834133, 0.13395856453453436, 0.07504408322249656, 0.11963974888101137, 0.9998062770230962, 0.17669556172803802, 0.24659343776577314, 0.5868065495556877, 0.9538859910545514, 0.5739984780877267, 0.949486099343605, 0.5335987321827914, 0.9801492427723613, 0.47932919448769506
0.6068772558131581, 0.6138371430133197, 0.24411594763498168, 0.8181980630493038, 0.7612916132317211, 0.7581241580056416, 0.5116371137952908, 0.35090424889375893, 0.13193605602002623, 0.06477591629262414, 0.4268636307605471, 0.40497782154836137, 0.8310227173894006, 0.8089530375094028, 0.20005231173179494, 0.5451692792367486, 0.7538504256560652, 0.5641964806462426, 0.738620316093012
0.572787322673465, 0.35510769681432286, 0.7760642737570433, 0.48655108023670524, 0.3956182453543021, 0.7785042174227145, 0.6695844787073688, 0.7107663250404491, 0.6960180645313992, 0.840143197252591, 0.8260983397448256, 0.83686658772959, 0.7960912706699977, 0.39077587832783667, 0.6266705580498945, 0.5569360143082792, 0.8855843686012461, 0.22816437096308972, 0.361904637555979
0.32184050065489755, 0.4732203305730872, 0.26939383235612047, 0.22099872362671313, 0.41364841371232974, 0.4240742194313867, 0.07845988005096316, 0.5906990563370718, 0.2367850591113323, 0.9407950604460135, 0.7794678417647837, 0.2864332738395383, 0.4434896769953165, 0.2559362272591523, 0.6221871744297155, 0.04211091701862857, 0.909962442310496, 0.14147056382154888, 0.2514593728583514
0.06922537131517636, 0.9772173881084197, 0.81542652306775, 0.9473358090396933, 0.6051535355782264, 0.4518548308197722, 0.9082141216035259, 0.24029864878649276, 0.4336010492577459, 0.47294839265695465, 0.21768336977452984, 0.5232842371380972, 0.4641661264324556, 0.12107561555187119, 0.016920174215224182, 0.761255289310206, 0.5134256579143269, 0.9803321192145624, 0.8458352751616522
0.5472248209391516, 0.5978094825118172, 0.8385815789813345, 0.054658681857388314, 0.9593318730524253, 0.2122652566804386, 0.20569987135967782, 0.5205914282986326, 0.27181458489637556, 0.7126619085923622, 0.6040489827065405, 0.41782076202833796, 0.2486868492716352, 0.2551241128697854, 0.438033894538262, 0.5645706117160098, 0.47495494936262783, 0.23596586171089284, 0.6463811421769441
0.13725140203266917, 0.5755646081450607, 0.03396977701316317, 0.04394155351040452, 0.5183025572269485, 0.9753922512482914, 0.2124821057374897, 0.9111202395446883, 0.6919418544678252, 0.4360172090987301, 0.8485268633900159, 0.6188962859263184, 0.9956941674364672, 0.3354613837123881, 0.0011581218749842082, 0.5341475131174057, 0.4197974383315267, 0.9135385544875972, 0.19953242546821093
0.5723303676202764, 0.7712085263787752, 0.3483706202330723, 0.2674558587788832, 0.7181747879944881, 0.3791069024127257, 0.5761098794831596, 0.48056084460031356, 0.16391340594009463, 0.6502100721790008, 0.14482271843297023, 0.2395667637795601, 0.9603656715219038, 0.04883480664087181, 0.12680440000954307, 0.9400595400337717, 0.9439532763231165, 0.6784717932983332, 0.9030247459697476
0.9853053453955797, 0.26654831688146774, 0.2225377968597586, 0.36769304162980476, 0.1987822932769141, 0.5474439569592732, 0.06722177690183184, 0.14771238267387798, 0.6136634110321587, 0.9353439511920326, 0.13487067781330553, 0.6081523336702156, 0.499323790821522, 0.5483628968111633, 0.35093952634448966, 0.09955151644981242, 0.7958417630963757, 0.8598485347881792, 0.7320814078871064
0.9170365907043111, 0.29857567236711235, 0.286410288801178, 0.19747270418043072, 0.6651620467059709, 0.2872786202276427, 0.8405438870224592, 0.4363015592351237, 0.8227140625154608, 0.24261476870109622, 0.5133426416227757, 0.9796199985250571, 0.5982335966813328, 0.5879256480771292, 0.4074766199832679, 0.34347126403291783, 0.2934121853806092, 0.1678836010000252, 0.28658614199114796
0.519761367986855, 0.02020644924599979, 0.9580576619103388, 0.1703675126741635, 0.4961583308754287, 0.8124386911936055, 0.958407561966438, 0.15758400255499017, 0.11217657446078488, 0.07246777719762365, 0.16313645906715202, 0.5720124369890603, 0.828499984984879, 0.9845520899294415, 0.06422419174226712, 0.8851464253912384, 0.864296549013112, 0.88328807770855, 0.34204663417786285
0.7804532036536952, 0.7403623495986488, 0.06379106614840369, 0.2340180703967787, 0.9440666592231101, 0.740538986919547, 0.16403087366292513, 0.5755786764501407, 0.7750281185071747, 0.7116691530222289, 0.6331957912500339, 0.3354863263233606, 0.30737933854416777, 0.7325708837491502, 0.3682406357377188, 0.12196167331764607, 0.1855082880031288, 0.5260998168591032, 0.36505245367914396
0.5006464221533817, 0.7602535929573189, 0.4508950203953106, 0.5629683329533518, 0.09724561557678846, 0.8842834705458598, 0.17049789086793887, 0.6105189318481082, 0.3884738900496433, 0.6734155374233982, 0.3640284086202876, 0.670998068906553, 0.5330923002157552, 0.7574300370440297, 0.8238684737673293, 0.4118296131309882, 0.10529018183964212, 0.6930282787329627, 0.46209464359986563
0.13519065367809957, 0.01399015396562786, 0.47518419591228356, 0.7096603831439322, 0.38608804459962, 0.2589721213502142, 0.053053305232177106, 0.07580984096079701, 0.9933527378673683, 0.6627979485043601, 0.08778185303715869, 0.6190339415637576, 0.2690692233854455, 0.006007108818562479, 0.8371384840772529, 0.4281107520130991, 0.29392167893128696, 0.6230213170548405, 0.2646813604172449
0.07828109564087371, 0.009344453594708257, 0.900545783263888, 0.7555860057112901, 0.9965348880076507, 0.08387002032193214, 0.4769732445006315, 0.22776001099030652, 0.22113581728874354, 0.40464423374479663, 0.7981635060680037, 0.11225085264327617, 0.1346133237559174, 0.5778257097361731, 0.3947892703174176, 0.3884985026589106, 0.060891349813682716, 0.9105852622635874, 0.5680227796095857
0.8772977570274157, 0.8397896251998096, 0.942458404439219, 0.7309055861251579, 0.18135229666750263, 0.8031936894826731, 0.13529327195596397, 0.5998932155753067, 0.5903041528187802, 0.933335601126807, 0.9606626411478756, 0.7102629304931742, 0.9590602861661609, 0.2836495964756258, 0.83453880699927, 0.37812146789840184, 0.02827832870192326, 0.06836256312263878, 0.2266064217624567
0.09350412236209804, 0.12249487061602127, 0.6261414336159532, 0.34836258232990513, 0.8592930230007103, 0.8282471436316532, 0.7793897003230077, 0.1748176873442805, 0.02498592827450885, 0.7823570113468906, 0.6334809111807488, 0.03339210155807515, 0.2869675477989877, 0.8619333486072008, 0.687003614999427, 0.9308063661143431, 0.7898864274502971, 0.9949907475631283, 0.8781393989793714
0.7333107566527943, 0.9676613959007379, 0.3700600561793723, 0.07848170999103132, 0.6792775061240345, 0.6937645891176967, 0.3675312063621762, 0.5075021402761616, 0.26163582102804506, 0.41814786021857886, 0.6097592951519394, 0.7174612108025008, 0.6652668659963737, 0.5056283143908653, 0.9489779289337225, 0.4706408256982191, 0.45501308101083215, 0.8445552822144381, 0.0716841671576588
0.8421969455771392, 0.6795186763371309, 0.29157492872639657, 0.7739750918814274, 0.7063961225307127, 0.5613768544376405, 0.34152234738296217, 0.1402632785953718, 0.9941114468481242, 0.761452731113556, 0.8034299138608443, 0.0664454748809592, 0.9216301248643319, 0.33680010554993145, 0.37627406910740135, 0.36402688717660037, 0.8165919507183086, 0.4300414817213766, 0.612309937328133
0.5143578372999351, 0.008260370022921681, 0.8786057323760895, 0.7859678805140483, 0.2901115409432711, 0.9593453488642618, 0.4886941089528253, 0.5790586707061122, 0.2782978244423687, 0.4996869977790951, 0.37189398342559554, 0.8864156820077208, 0.6661556678428963, 0.4204390631930359, 0.8662055422492323, 0.5119718921014248, 0.9206558846288738, 0.9781224863740773, 0.7767280117468789
0.5601939313783197, 0.43741652086011185, 0.8048686232185175, 0.14300034687228258, 0.10459857359822056, 0.35449858880326335, 0.7837035080844518, 0.34864865769426345, 0.6234601121851961, 0.06443566930244093, 0.48257753204890164, 0.8773314917201546, 0.7744725096700019, 0.5770914230073994, 0.40606060755615125, 0.8381973809864488, 0.7056547085020335, 0.15855404970289944, 0.7994316154836502
0.531424806441058, 0.5435774740484935, 0.5870902930215783, 0.19494887272706618, 0.1926124857554351, 0.49894172995896935, 0.8538279209873585, 0.8212672603462439, 0.34438696896800114, 0.2990200743696445, 0.8539764574175559, 0.7365225737632792, 0.7645434890462643, 0.7391723205837275, 0.15589800429321088, 0.704460945121311, 0.2982669807387227, 0.01007513142526073, 0.3692019420696643
0.6993906332466573, 0.430216342219084, 0.5264503540607378, 0.26613900282552116, 0.5792982601943872, 0.2573681064354342, 0.24993069655918498, 0.0439444642591974, 0.11664420597517178, 0.4731729392713092, 0.28101178351602607, 0.17000756237428527, 0.34062575930670014, 0.40139294872250586, 0.7968771628690448, 0.4411181085902163, 0.6679581812886217, 0.13357755532501558, 0.6073848127334633
0.9050775186207316, 0.5968297598145065, 0.7289773738622781, 0.7408153246150009, 0.1528988250692781, 0.7642641702519822, 0.6428695202861485, 0.9889636086887145, 0.8512071270819442, 0.2781853363046596, 0.22978135515666254, 0.2762740866290616, 0.9219348841983894, 0.5979432751991645, 0.5839780159032775, 0.758381050915243, 0.5013660803982173, 0.4293350496463989, 0.8805801444811028
0.5899342918488849, 0.7529549708107043, 0.876415123854474, 0.5566771231616434, 0.8796464870279183, 0.07313183669837098, 0.9604125453734021, 0.23151868293551214, 0.3035686841096371, 0.30792097482973035, 0.46939375214688006, 0.7506389303357661, 0.9051328550849711, 0.1256355087419997, 0.2218480687733182, 0.3826119709256469, 0.4957843181124757, 0.7987758892782312, 0.11502664302651044
0.8449526654128813, 0.6972553208195336, 0.8804393203195685, 0.7642784548926418, 0.08845071273878524, 0.5200448961880899, 0.0838427618141998, 0.6129511482058454, 0.2419573280780527, 0.9757823888529809, 0.34037472739852825, 0.8060771384285076, 0.7342885317812191, 0.15868890723426277, 0.329746423989147, 0.6316916436753457, 0.660608449043311, 0.4218760107504974, 0.7209270087246037
0.7536642437644875, 0.7613529442471761, 0.8237428998001891, 0.4626073922952668, 0.4833196452772598, 0.5639938551466326, 0.7205812681419724, 0.5368169999331948, 0.21987249286951505, 0.5011568616157782, 0.6021920849163164, 0.7805803632112679, 0.5741957100653606, 0.6419446228964121, 0.0027631776061161073, 0.3228432606754901, 0.3719745505530939, 0.5979517165215671, 0.7662041995149347
0.12355120226979022, 0.9719613613818114, 0.41649884598599995, 0.11204982628048188, 0.49328208795827044, 0.007732593303465651, 0.2553950072562867, 0.8553880970980923, 0.43194396006723756, 0.37673690702974305, 0.4737640648317295, 0.1600608016873475, 0.4412589795813362, 0.7350953212286114, 0.18791256303500448, 0.7892960568369215, 0.0747348505539881, 0.3492183982179151, 0.850938734955108
0.30923119877052463, 0.9566579528081973, 0.9609275154322828, 0.8072399893073512, 0.46218702035764603, 0.27135183035725496, 0.5737417219421311, 0.7688198413759254, 0.9121978986444147, 0.10019540591033549, 0.8043963613507169, 0.6281728323212495, 0.9965746562863183, 0.28851215314337497, 0.787797777950847, 0.537418044082854, 0.8245280056017392, 0.10490293144154805, 0.40153226237382755
0.9423557903266198, 0.568439841388766, 0.26941392979622114, 0.15423023658210544, 0.6656097837086463, 0.6513802960158231, 0.03545628661056277, 0.42350740107423823, 0.22145934059766204, 0.7376898637164103, 0.5629735505020707, 0.6808368096351939, 0.558919996246155, 0.27436995493561567, 0.8416854000526428, 0.19374779182131674, 0.30527293690586743, 0.7449986504225222, 0.6862862423295422
0.8899175773497101, 0.3191762283257029, 0.12057555547595034, 0.6164791129118056, 0.13614080380190063, 0.4238055074820588, 0.08604257317393316, 0.5674888140582897, 0.5554731147037371, 0.15785682293189573, 0.19643329633621942, 0.32532167496191977, 0.5586512366623898, 0.7705241504260066, 0.4747532865545586, 0.00967188266677399, 0.28004244062618233, 0.8034682315983114, 0.0020018092969024126
0.546802148318943, 0.3881721190589851, 0.2692095830629929, 0.742131687376784, 0.31238958286573804, 0.2584140667265977, 0.7318279890420739, 0.12803238986610388, 0.5789287807774788, 0.28180925085174957, 0.8899184404341105, 0.2917091650909319, 0.50526374705211, 0.8090457684711385, 0.2614397717335114, 0.5361586020056879, 0.4198886970682397, 0.08918961142488646, 0.6176501134929884
0.09482541895666441, 0.6692392326387607, 0.7991069680507008, 0.559867440411951, 0.5022787277457321, 0.24273630899446308, 0.9386536946271553, 0.8738803092743251, 0.5396491668216767, 0.6707535236245086, 0.809209775144181, 0.7856435113192027, 0.6757704971632227, 0.11672726836295588, 0.34477269019882417, 0.25516952892807765, 0.9674379543422648, 0.5699811213976551, 0.9006636688381092
0.5958950043988194, 0.16248754148745892, 0.8982751187703908, 0.5517527059520442, 0.8514935338138709, 0.3914840193774548, 0.8440665532073751, 0.5665424024927118, 0.4037811228737318, 0.7931138937828491, 0.5071990157897966, 0.8090553001755781, 0.07149385035998912, 0.44476261847286325, 0.4827253189454491, 0.6255531487816296, 0.8286126656542709, 0.23120686865259987, 0.08360896392286032
0.9122168163937129, 0.16626514406284454, 0.9740709180364399, 0.21208116489699447, 0.4002513295454234, 0.21015161402510207, 0.660742189279003, 0.5997224691307688, 0.8614395788269177, 0.3850596585428925, 0.6845642394813181, 0.9036574322505155, 0.4045257435015548, 0.773310167376792, 0.24376327847952473, 0.6314129806500975, 0.07754763645361429, 0.6239327044814968, 0.3755365103736875
0.43142220527115205, 0.039346926968454876, 0.9226590844946941, 0.6865990921343055, 0.2988339518195168, 0.031087615702826255, 0.7103152856962701, 0.14741373139497904, 0.752882061736539, 0.7146900215343559, 0.17327337615162874, 0.9036543975988373, 0.19174696386740386, 0.5288799968644156, 0.9969477387503808, 0.8231931943478563, 0.7270189720959445, 0.36516486605076837, 0.2717630563648705
0.9792303454229742, 0.9372937868660097, 0.7010208606346235, 0.15563793805960702, 0.05599211625352385, 0.14812157805919157, 0.8512097195292578, 0.2868898002694187, 0.7838664622711552, 0.0504028653496178, 0.45853070250592975, 0.7213242669770993, 0.01841661788323934, 0.9763630579829522, 0.05675025516370713, 0.3226480064754429, 0.10403887089992059, 0.11309494821654631, 0.9029956710198969
0.09670101232992767, 0.3324453261960132, 0.991931341920584, 0.030673207996724794, 0.6114141881628717, 0.2642549349708091, 0.2826901783422522, 0.7951908548062653, 0.2225342809123747, 0.501553001379648, 0.5690558707141163, 0.8085202716804396, 0.3011351926574942, 0.9972640329816674, 0.096703350750458, 0.9740490381152604, 0.2645995010301483, 0.3527300622290598, 0.5053050915196917
0.5739780904246575, 0.9103435266843414, 0.9772284284092994, 0.6703252200389441, 0.8243500715878682, 0.1675900809144203, 0.09771460902832352, 0.8789282413241265, 0.018837075391125446, 0.09206502943231598, 0.7725663200054862, 0.2378806286712083, 0.7686698638131774, 0.8433938744000782, 0.10551074503672142, 0.1879665999745196, 0.7209987108836179, 0.31246698187250754, 0.43187921779954563
0.10579384829369465, 0.6522501594918041, 0.12201818259167985, 0.19787133273933089, 0.9532724340174501, 0.9126250427272145, 0.7075260609614997, 0.23374317915083076, 0.8108370523010591, 0.6878908913967922, 0.9178692109626998, 0.4598338550821136, 0.8095563708365058, 0.38926976815696945, 0.16785593726872994, 0.7037689306149721, 0.14526427913504958, 0.06242147998469505, 0.6139189776154553
0.48460610221252753, 0.8395548236140213, 0.36976648230621034, 0.2919348358108911, 0.990092019080501, 0.9933653649726029, 0.37988426813841014, 0.03741807010552789, 0.146500210513691, 0.9196127600597944, 0.4372227996539537, 0.8779213842252716, 0.8347586199335058, 0.527974990024091, 0.42682120767607157, 0.387718347991334, 0.3794603360259341, 0.7277213473177121, 0.013058228638098912
0.8493126870045932, 0.6847752857023973, 0.6237048378341726, 0.6047435591459903, 0.6858489140197642, 0.8392358114926255, 0.1770297805249439, 0.34795757783149106, 0.39644990811893355, 0.6783582791188647, 0.09689547175221491, 0.6625886174484159, 0.9947764398496426, 0.4830182807528718, 0.7991979665966709, 0.024649493848058257, 0.7189975836619691, 0.6525111761443975, 0.13445946366018002
0.42129984452094416, 0.9682640709747674, 0.7269055400034069, 0.4149674104607529, 0.10396271694418924, 0.614346471196149, 0.16482550899898696, 0.24908553795534594, 0.9943699036377835, 0.5274637876638018, 0.9667892082266413, 0.7883172050907932, 0.24998702399295913, 0.560444247068481, 0.406378134645085, 0.7491714963000012, 0.601883814148898, 0.6306971407213797, 0.5720816853140106
0.28991226751140275, 0.6835472920410911, 0.5318425684603572, 0.7418696389685095, 0.9842375111446768, 0.7525493145249934, 0.41899313077619693, 0.3342673995742306, 0.19524789083499938, 0.6629224074534963, 0.3979304232321087, 0.6054649828418449, 0.4494100410331988, 0.7595576458848076, 0.5381920464379674, 0.5894976573825946, 0.03154654166466775, 0.8700854730065082, 0.8104544242194195
0.27417587713590286, 0.26510417541594655, 0.3731259088009812, 0.10457610667494999, 0.1452826840036423, 0.6237471028127823, 0.5642105994049782, 0.10716677945923558, 0.7918490473708256, 0.45619253325140885, 0.8660030810461596, 0.3355224908137041, 0.42606434355112155, 0.4538957348665372, 0.31376738393217607, 0.011352205514621017, 0.6484783229120384, 0.8971192450597967, 0.10893372533884538
0.24834496982459964, 0.30600984711866064, 0.7998657953259608, 0.05561793652194824, 0.1260495294069598, 0.11595848933538067, 0.9380849483098954, 0.3190314912035399, 0.7447759652794891, 0.5319311646161929, 0.765758277780649, 0.4366658974972696, 0.6193362097814403, 0.6917231479494821, 0.3579674479176893, 0.7700202397909972, 0.16146022939326898, 0.1573497038789915, 0.8659800036937136
0.49125632677027775, 0.7835542890430477, 0.579314475506337, 0.3443501844177531, 0.5852790438570553, 0.46191458890658, 0.058719175868923834, 0.17694049660742206, 0.7107552802156394, 0.4018784032868381, 0.5312073343566739, 0.649748025201324, 0.34119886394425913, 0.7334690534987467, 0.2499791947922233, 0.9201280657535409, 0.9847084308482558, 0.12829587433621992, 0.9606255615791933
0.8324730955166453, 0.7888278816634362, 0.37137114258201487, 0.16447671196470703, 0.7075418890210802, 0.5608879390088596, 0.6927189438704439, 0.8207276543628717, 0.03948673091438515, 0.17077844400835418, 0.3189234666588808, 0.4211495823171568, 0.18388181729054476, 0.7538947599273035, 0.7606832324487803, 0.4036502984595539, 0.3217999610896384, 0.5207100126553578, 0.9711604513680934
0.6400855566588433, 0.2606724155384236, 0.13481330711353734, 0.08271410828255965, 0.49487733012603263, 0.9203093657670969, 0.3787764872169992, 0.0314964292664458, 0.0945337496477694, 0.611674311204054, 0.44413796690676344, 0.4270831026821894, 0.8700820995048298, 0.08393356160205456, 0.5365715061090711, 0.15319286986331837, 0.682931735736039, 0.8038906413940771, 0.8148777889203411
0.926005386956523, 0.41068824212068755, 0.3157674839808424, 0.08022140077575002, 0.6775515766603397, 0.43495216644531165, 0.878826419668722, 0.5265687829049779, 0.0015267547473495346, 0.4203133431887627, 0.7213426102917576, 0.2818868304749449, 0.0276984219046571, 0.91736015125449, 0.6753106716571684, 0.7555158418501464, 0.5246506596509394, 0.6980114941734094, 0.6635922150285719
0.24556657997677722, 0.06467385744325282, 0.30053948442677947, 0.44455130885536653, 0.5828244049473816, 0.9119312667673308, 0.49314506361381294, 0.9479539213742755, 0.2918302425954148, 0.3164100313716597, 0.20384085750260628, 0.9088055123257666, 0.20294845538947948, 0.25709530105097333, 0.3324201012636733, 0.5099154696188456, 0.651643603603969, 0.5509141255232041, 0.028435785809816205
0.007079995030270347, 0.7554381124259911, 0.4139889274285057, 0.2748718642389554, 0.7671062704075711, 0.534077707391621, 0.4658314135375602, 0.2530796727277973, 0.42315816065930556, 0.5660873159710872, 0.9270110508659688, 0.013729889105664528, 0.19294650272744962, 0.6389949162908102, 0.8815410516774453, 0.359034363088757, 0.8680224388766246, 0.024423986064371794, 0.6327982961519432
0.8366312014866428, 0.2942190970096876, 0.3101993760527123, 0.9358282445844477, 0.8368497983193723, 0.34351439387293237, 0.986130128784816, 0.7767086595099401, 0.8780782733367778, 0.5404450937265903, 0.9165957508199924, 0.14240095078690274, 0.1694968718038482, 0.45231822463071003, 0.3493949794600947, 0.2893774812876534, 0.6540424481233127, 0.7964829452446482, 0.994124361670392
0.1081452425713576, 0.3212416587670176, 0.8864109905525245, 0.7110270085502775, 0.44657649149456236, 0.469602949396557, 0.33288166522158247, 0.9911338149350706, 0.9598359613285546, 0.19999961080068163, 0.7073404281042337, 0.19621310574028106, 0.9659094173562263, 0.281145870077835, 0.7115054332388966, 0.4526918953123428, 0.043803640279407974, 0.19288758610894285, 0.1952569838264081
0.6512633189116147, 0.8338715673643318, 0.16057991741165567, 0.7948016292879784, 0.2974018668515036, 0.6609077564579583, 0.9912217426377787, 0.7470663813620974, 0.8504944852020552, 0.2154598192421423, 0.5600179483861817, 0.8421040849405795, 0.24492979355601419, 0.8706146569493655, 0.3245676557663947, 0.780673999918921, 0.6205366317560372, 0.2792331531022936, 0.5098217828762988
0.860810224036932, 0.8324659332916299, 0.7501251157873579, 0.8552290700254621, 0.7648409794133836, 0.66245237946072, 0.28619911471360593, 0.2062373068339013, 0.12844348499542246, 0.17557893432179628, 0.22456295750891586, 0.1897024722076357, 0.46210016783114727, 0.26570905191406846, 0.7204662866397168, 0.7098547136241966, 0.07240583289479363, 0.46428726272923304, 0.49547840366125473
0.6204288004227559, 0.21270871688279003, 0.09852137259145222, 0.9774618838557623, 0.721798965043467, 0.0678465080194538, 0.13450969274175495, 0.25346535469488873, 0.7605559359841506, 0.011255417538108659, 0.8281567276174204, 0.5146774761117267, 0.39440502367829766, 0.27012208996635423, 0.44911221514764854, 0.6092310671882092, 0.22495386219829572, 0.12851529283724128, 0.5609190280663011
0.3078390970603292, 0.7902284486197216, 0.48400894880831213, 0.9666189592758418, 0.4274004614905331, 0.7254848871000713, 0.29354859730995697, 0.039091893319024185, 0.8947271155864055, 0.3871337116239226, 0.18161828854127904, 0.3320779993649503, 0.21386846799141535, 0.002810213506318493, 0.329714716255582, 0.05351738007634321, 0.1581384371521828, 0.7562152986591805, 0.3206343795092297
0.4730837148835926, 0.5496761245539435, 0.6734853179628081, 0.6003391246424897, 0.638962141787144, 0.3530237162719774, 0.9579426972900089, 0.31912211680973745, 0.4408239774576964, 0.8114596016263546, 0.523702911448895, 0.4518186116663896, 0.556565105663479, 0.026721596814294313, 0.6044069415791418, 0.45947564230940163, 0.6730008640238772, 0.4665390593701725, 0.9865821497963707
0.3505864672670065, 0.19493220306922054, 0.2015296617074982, 0.5969514699237787, 0.38467894452144, 0.7497547624094649, 0.4583873235317172, 0.45035294925889535, 0.7855237666515187, 0.5178429826873391, 0.2255857776214506, 0.9739939030473733, 0.5742081728205171, 0.054376216194834015, 0.2787858807735637, 0.8036555172649777, 0.38903036348034303, 0.48705988392698685, 0.5004791883376368
0.22597524806739122, 0.3610902073045321, 0.0728716032825164, 0.013406952401721295, 0.7452669074036418, 0.1369608693415274, 0.08199387415231907, 0.43785785390184084, 0.1666806485758794, 0.6130895266341184, 0.7683747301101884, 0.4954920497999191, 0.12461577907522459, 0.5375676611405871, 0.031107359889256947, 0.13834420433635208, 0.8892621909957485, 0.11310056589402884, 0.19521842927016264
0.6397258287637398, 0.732155863422929, 0.3883713764101382, 0.12241362733442995, 0.7487465652941951, 0.18624384476262823, 0.9546642016760292, 0.5552225921831783, 0.3676966395686194, 0.9675418306809247, 0.12672617183266888, 0.601768781424847, 0.9440668498912541, 0.7374123641948116, 0.008628019422632027, 0.20844162525597265, 0.6404113362772319, 0.95458557264348, 0.21461944346898443
0.3342877665674753, 0.9092627429042597, 0.5979354699868037, 0.7997475789571586, 0.9583771572843404, 0.4787220407723377, 0.8664832866843105, 0.06342184412829455, 0.5837115039842357, 0.36659089111418264, 0.8874755887228244, 0.7498325952345265, 0.4426297938428858, 0.23430557152557308, 0.45441328767103994, 0.8005504724371532, 0.449465630072705, 0.7264624938274722, 0.2890488192298202
0.15031977560214527, 0.8138144648219545, 0.1153165134496239, 0.971030340666828, 0.6664658150566428, 0.33544513287123867, 0.30539737330860084, 0.5955298566292585, 0.8524084302898657, 0.12998016587296024, 0.32317796946724076, 0.9498323466270152, 0.8683597994131047, 0.08209620261364536, 0.7388085102012688, 0.6722255291023952, 0.7185294880655078, 0.13697962522783613, 0.686140942698149
0.9459673247792301, 0.7310563961035208, 0.14928522177786385, 0.7372004311253662, 0.8589835317781362, 0.07441015243573912, 0.3965521292536561, 0.8243477169478433, 0.9925609469590672, 0.17978840681058927, 0.17637365533451832, 0.474129458202704, 0.16946203927206416, 0.2066415005881368, 0.8650942039215536, 0.8573574522413552, 0.19935916447912094, 0.942477951770545, 0.11147234451203314
0.9245428760184287, 0.81057671371117, 0.18361759488064433, 0.7152030693501156, 0.106890679142713, 0.6348835578383457, 0.8660730408404939, 0.23828191798916354, 0.1697531062663571, 0.7766334701677039, 0.546114071859623, 0.25937668555861304, 0.9404466030938818, 0.181611810417305, 0.9756438290184483, 0.4042976989955771, 0.5690930342784313, 0.9974201532130056, 0.2796584809895809
0.05861207569269333, 0.7577650470539217, 0.7618202847460489, 0.9890038509382149, 0.3275937892675298, 0.401843830980562, 0.369132226380286, 0.8237851264236548, 0.20566669189916575, 0.703584686831029, 0.31310197311983956, 0.4116611799754196, 0.9594326614411066, 0.08263857147313958, 0.6337318473735487, 0.5944695726939783, 0.09051955954503832, 0.6148990014504678, 0.322738974864622
0.5020682963511566, 0.693770115633277, 0.9563987050845589, 0.504422908993596, 0.5118282882745797, 0.5210367083419265, 0.31815119058206565, 0.4254553227903676, 0.5859100023229726, 0.1896380462624072, 0.0036486689341207468, 0.8018236858817135, 0.2347680425089912, 0.5743207718278005, 0.9759149168404013, 0.8226351579283973, 0.34262303429973606, 0.7509438644855824, 0.18185037155084416
0.5991245812344239, 0.09560309985220894, 0.16960606062285388, 0.13435870781251813, 0.4366770320769727, 0.4427699799032253, 0.08881301134936925, 0.46096082282029194, 0.15790170639109602, 0.9663650438462951, 0.806290058127429, 0.5076972323480479, 0.06627315538983136, 0.1399465367615761, 0.2195733506253651, 0.755624433598097, 0.6556871213359937, 0.4815601967767349, 0.24852326750186782
1.88048088587e-11,0.000419363330275,1.02945676191
4.08478013643e-11,0.000381526373981,1.91743749735
6.06789874925e-11,0.00082190289128,1.96327597983
4.40735066742e-11,0.00209868003746,5.03932963109
2.43343365306e-10,0.00596498760706,8.98271058225
1.68971216093e-09,0.0176420097134,32.7079188151
1.81478865287e-10,0.047893620649,31.2547544243
2.08650932982e-07,0.095273549043,86.4171949384
9.03504100154e-06,0.291903338859,63.0181492119
5.6740143488e-07,0.780824993909,95.1282123642
5.30484311284e-06,2.05697484439,72.5217584964
1.02423483911e-05,5.31498566921,222.918940088
0.0143268819845,17.1685315504,320.175589621
0.0374062984867,43.5545752616,366.46510383
0.268798178924,132.387714443,428.279456026
