$x1,$x2,$x3,$x4,$x5,$x6,$x7,$x8,$x9,$x10,$x11,$x12,$x13,$x14,$x15,$x16,$x17,$x18,$x19,$x20,$x21,$x22,$x23,$x24,>>f1,>>f2,>>f3,>>f4,>>f5,>>f6,>>f7,>>f8,>>f9,>>f10,>>f11,>>f12,>>f13,>>f14,>>f15
0.11323641980131383, 0.32899409714398165, 0.5130548509320838, 0.6744817368601942, 0.35041708566355634, 0.9979886859527985, 0.39036235482853854, 0.0663585591812984, 0.4270811421056322, 0.25645133705312717, 0.7667608656701446, 0.526421107544812, 0.3326663321593797, 0.8443370941544699, 0.395617766546153, 0.8560548889229961, 0.8711842385053652, 0.7505758077878788, 0.7996417030147444, 0.9893964094312271, 0.6532871630590079, 0.032703111771736015, 0.4401483695309435, 0.1566409831550155
0.32543615409898985, 0.5457159483503933, 0.5773462350748112, 0.7606144240405335, 0.9464720938243943, 0.0893819297384364, 0.1531949605544246, 0.6448111993995428, 0.009557076340023896, 0.01565529316438652, 0.11576242374563739, 0.9420831602148781, 0.6580785941519379, 0.913139393379611, 0.6579568335451518, 0.15365010229978127, 0.6912578333233376, 0.2302322406777887, 0.6802506846651574, 0.8338211108357633, 0.4996912512570071, 0.013431719422908772, 0.4950520192534418, 0.12316597364841941
0.31998807037869825, 0.680524939651008, 0.0913378313808656, 0.6096910154338062, 0.3817140287010995, 0.1383516888268942, 0.07399061930612783, 0.7189550647326679, 0.5071532549239586, 0.7645861845478699, 0.6882151425041565, 0.6040336676698631, 0.4915795125439075, 0.9613337706956432, 0.20253264068860521, 0.17314671736158438, 0.10807640493364923, 0.595836297177827, 0.9959179008578541, 0.7081353377495225, 0.20691532476273777, 0.10986086500588077, 0.7859982250335605, 0.9817019299393512
0.6495697096251906, 0.43213439606774806, 0.618398635671378, 0.5422885040434994, 0.3808980955994651, 0.9800166346637353, 0.016334930966217964, 0.6093845966454515, 0.7294458922890468, 0.5364185825075622, 0.04806592283354749, 0.15297201832177876, 0.26936933751535197, 0.9545724775087948, 0.4401664157092109, 0.08412180796442215, 0.033334432492554966, 0.322795826019986, 0.8322522163418804, 0.7582027950371547, 0.56067784526343, 0.7981084703435094, 0.6410604518688848, 0.7666222839875121
0.7372125519976264, 0.8747075238944194, 0.4845403035728324, 0.8794451350228943, 0.42629391953018503, 0.10095128051407531, 0.370518280737113, 0.6468569531428504, 0.015614562743701654, 0.44324496173995565, 0.14118453504604334, 0.5631942189154334, 0.1640408945567403, 0.8246399108571306, 0.24774504622522642, 0.08808323491777204, 0.3953576205682958, 0.25651817352676143, 0.03188613741078339, 0.5331539934813468, 0.5300862172898272, 0.4821842564108295, 0.4100331469052201, 0.5617624514949582
0.25695140674696126, 0.5368429506720633, 0.8245885748183004, 0.9171893418504503, 0.4884235887841011, 0.9904183193354312, 0.0875478803758033, 0.6614708851896648, 0.7493793983703209, 0.8531699367312182, 0.2851628860157359, 0.22407797707509935, 0.7889296277578063, 0.33984886661035574, 0.3912918675408551, 0.7176735881124542, 0.8401450001140611, 0.6427517649247606, 0.7608830850257564, 0.18487719354645926, 0.5327705886713462, 0.9888824825175386, 0.6675574099396834, 0.3480199365333916
0.45478830125464875, 0.7182177844425617, 0.1699158987571877, 0.45279134851818215, 0.3602054530262515, 0.06491212238589539, 0.8854373365642284, 0.22484755135976742, 0.9513268818238838, 0.5312533333445355, 0.12365464362336065, 0.23786220742944975, 0.7713414800314332, 0.4584449565580341, 0.77531167140995, 0.1719338756037957, 0.6377421748239858, 0.42107551458339343, 0.13154680419068754, 0.1593815312520077, 0.5407535348149907, 0.10269717878223816, 0.9288254460590147, 0.9332350780990039
0.2740862996802864, 0.3360974597269707, 0.5521309439791753, 0.8869604349491361, 0.42191006945160414, 0.06997732914185129, 0.2728625660769576, 0.03259110544450006, 0.9082774809257771, 0.4342136391069177, 0.09974453956967888, 0.3506859559417651, 0.18445846359083384, 0.39308685573137003, 0.8905826789031988, 0.50954287259785, 0.4347120139364765, 0.2715081517136916, 0.12275906555855876, 0.4053038200897754, 0.8897882835907469, 0.3487800797614724, 0.9870116754726479, 0.46974863770562514
0.5371391671070591, 0.3207218091421181, 0.5142913504247786, 0.11788162200944419, 0.9817937422780822, 0.5720501349654659, 0.9382230486493343, 0.16540048801623564, 0.2049235696459315, 0.7195811171482625, 0.6616489786670344, 0.34345004923249056, 0.367858271766648, 0.729117033404269, 0.9542163030640728, 0.11288857304241551, 0.6821103785104742, 0.9220929040650555, 0.8828728318057987, 0.12941242181282742, 0.5288961573674331, 0.2645314198372569, 0.9011873105510454, 0.15465499246290437
0.8398938504953714, 0.16679556396159012, 0.7681764555061255, 0.4161274209153446, 0.6631809973402109, 0.06661962707680891, 0.6851271436213828, 0.19436674154582523, 0.24345868891917166, 0.882934560208247, 0.24803459083303592, 0.7078580604321434, 0.4113012595243529, 0.5665945730384233, 0.38806258645406344, 0.40085091477977586, 0.3033181339266533, 0.7136162003922506, 0.7937002528096948, 0.3142395527623203, 0.24156309189362035, 0.2973500792806456, 0.3491187919987827, 0.5136969099092888
0.24628537237524217, 0.4020796925613691, 0.7335103339893542, 0.1587771247659704, 0.8016689605380504, 0.24833548647176862, 0.3257136616812337, 0.0026440255011703773, 0.39208544896216, 0.9728787163043067, 0.5568426772470025, 0.5762053538910396, 0.6428597119996761, 0.21653375730646263, 0.6847129334068075, 0.5420643629827429, 0.4466441762199861, 0.0231974927541837, 0.4307332161028048, 0.5645920930087155, 0.9876440089700701, 0.026767695443934203, 0.5764344940995737, 0.8535871074068179
0.9025824067652838, 0.8033456891236408, 0.9305129247439226, 0.9263497141567194, 0.7764129552791743, 0.8389796868272946, 0.29872568595998805, 0.11648313096296736, 0.9610423350542399, 0.4669181256314985, 0.8137163393389878, 0.001020081615470514, 0.20863083992769704, 0.8043271799460326, 0.6331539199729919, 0.15184154427946128, 0.5424815050110353, 0.9843933399320786, 0.6066650555332883, 0.3332624695239984, 0.8328384769849212, 0.20680447938938185, 0.7807003615969048, 0.7174729307107517
0.4208718992550591, 0.25238023002822385, 0.24241989197394476, 0.41565052922165, 0.5957506294180656, 0.4315718732197382, 0.5481044287574148, 0.1566115127813169, 0.8140269180801728, 0.9240837394198687, 0.5792636616007156, 0.9739159539765508, 0.2569630034366086, 0.46935463924407617, 0.756112923240693, 0.16239582201343816, 0.4711273451851865, 0.11918755199610476, 0.05994082308259219, 0.7847225098897159, 0.17166561964358995, 0.3400211981269069, 0.5465574808653557, 0.7886054419359334
0.6000379501703308, 0.5930937358360885, 0.3364001693444171, 0.42512304004357604, 0.6084010568093425, 0.041454400779698086, 0.8707576221865606, 0.06325059472198324, 0.6098580624347298, 0.0734470782366069, 0.4270477177717593, 0.545181095535255, 0.10254927272949477, 0.3271408570117781, 0.7930323231966939, 0.8137272325023417, 0.8363199622308986, 0.2516860366129313, 0.5998664178076037, 0.5897638447163197, 0.5687043064290654, 0.3229992082743993, 0.09667919435920524, 0.28685125862686733
0.9227693577165728, 0.594744705819267, 0.8443796830927982, 0.5562205162188024, 0.4051826740370583, 0.5010610076252225, 0.3317043394989475, 0.13424785305795672, 0.9520058528792684, 0.41791420289611114, 0.7688246316179882, 0.776288975197766, 0.3831851320823053, 0.43936644021386406, 0.048612342463640545, 0.09541469962592075, 0.8221956033298725, 0.7609402416109953, 0.7491815167200776, 0.0029786191855479816, 0.1950588604543546, 0.406867723046318, 0.5429887019004966, 0.0161267366013933
0.6548191089273244, 0.4157302754930532, 0.5783222199040561, 0.18692954526862615, 0.32866352579302727, 0.39935740999963776, 0.8623878828340957, 0.6662693649471683, 0.06278187532709878, 0.544239567985616, 0.835209987147415, 0.22443857353351215, 0.5776416379761107, 0.180178721389876, 0.5566426612205767, 0.6635925545952016, 0.2523683600362733, 0.6430250041431241, 0.7248677538409741, 0.8427296710104716, 0.3591122458046393, 0.07791722251238886, 0.6432567320075973, 0.24504172919031653
0.5662864462132435, 0.9799499188547327, 0.39937146235297594, 0.0856904096807034, 0.9299196805212626, 0.7144780403459394, 0.681623071599926, 0.0230553386359853, 0.4318380521096219, 0.999471284020883, 0.642567588353128, 0.7913065580527475, 0.48715138930826984, 0.2598783708027831, 0.28326929636686693, 0.19119059216012346, 0.5959126665086674, 0.8170596389165535, 0.6814164591735352, 0.5984564449542535, 0.83767598758673, 0.8498260254141843, 0.41655122255565524, 0.08809088068403437
0.4917321806111602, 0.2544412776714433, 0.957461292612089, 0.5929447910159847, 0.5382765691859762, 0.008580498479729526, 0.04823430483826274, 0.20615120236995388, 0.6284900492905068, 0.36446773390725484, 0.22199604192033406, 0.016176385459907405, 0.9154351375141292, 0.6594822804386502, 0.5083627889139194, 0.6098522999300635, 0.37512702908217765, 0.1279554369036675, 0.028566653443721002, 0.8095353017625742, 0.27644626363434455, 0.8647333193292533, 0.08758910661286001, 0.048416394433904664
0.005415677992766876, 0.28282478647626486, 0.6629151108075327, 0.30901757316586287, 0.44791761276741904, 0.2591200805287087, 0.46222084462318114, 0.860569759274514, 0.7710063172594276, 0.9000862591015715, 0.5916114422574414, 0.9047008260337565, 0.38257967365428747, 0.5816454604495207, 0.6401793935914282, 0.6880039735741194, 0.617602910472603, 0.32077658595104297, 0.3606600558987971, 0.24854245456367985, 0.7406120585435532, 0.8335475185703337, 0.9768791757193179, 0.7526698843713328
0.9266024639767989, 0.9605753801579536, 0.21287100292539118, 0.5822271516342701, 0.6913424647525725, 0.44106021967988973, 0.39327762905906405, 0.7773275188003271, 0.24073565267538777, 0.9591630538800632, 0.8483297833571081, 0.580485506249551, 0.9806238416139459, 0.8347275555008674, 0.40590197250995863, 0.609761143977721, 0.4971758120064127, 0.16888707015436444, 0.7802464613797728, 0.9635114116708371, 0.6032628051161018, 0.9876923079978345, 0.905376374057282, 0.8087056024992142
0.21487381006849116, 0.5031383317392377, 0.09522641751239314, 0.15418273491502044, 0.6759258401557525, 0.1584462384353027, 0.9916348447477712, 0.6027427748762272, 0.9221777667451216, 0.564164630233906, 0.1428566357604032, 0.8629374724489055, 0.481335092041662, 0.24322854656281667, 0.30612934091275745, 0.5847836788795943, 0.2032041338716959, 0.7561679506106482, 0.1820913755459348, 0.1493052569831561, 0.6039628665118933, 0.922569836785459, 0.5990049061324076, 0.21692418643007716
0.7962071117794901, 0.03234307198864317, 0.17692561114179262, 0.3635418302559764, 0.6366353428401215, 0.9321880081853691, 0.6041255543776942, 0.9318253670558055, 0.5843251869012261, 0.5568274163346171, 0.23274079554030203, 0.97950315397865, 0.6996591763519654, 0.6396469960818438, 0.27687823000722533, 0.22515639992257275, 0.7258146230430178, 0.5393371286742191, 0.028471023395759243, 0.8319777583426256, 0.6845934847958957, 0.49728320014823546, 0.46500692367481855, 0.2346684740870384
0.6212981337145463, 0.19160727664628519, 0.15004772589704285, 0.8212270593872266, 0.2687332377079691, 0.5945637690102122, 0.49875637551658003, 0.43002837552621387, 0.8446063189515114, 0.6710009340516898, 0.7239212996925461, 0.9158551369953006, 0.9545070279786818, 0.5866689344885093, 0.2918265041281817, 0.9324411250641994, 0.9718182437701492, 0.607081698422462, 0.43506991440222353, 0.211371909422703, 0.1486643490629772, 0.16558207948319936, 0.02070852093568598, 0.1808904201677669
0.2528301870644146, 0.25706511850107616, 0.18174254547479118, 0.6215369138583121, 0.2973328016964186, 0.3773420242315103, 0.9364845448846327, 0.357109324196518, 0.25404610867070654, 0.8266436220441845, 0.14177324467367303, 0.05973342039468632, 0.0002701940884177745, 0.9432591871727937, 0.3205760322140271, 0.997894299469085, 0.6124731246417044, 0.5811895039955791, 0.7057215674777216, 0.6742761329636626, 0.231473556953938, 0.4617336865505355, 0.553485886418055, 0.42354237603589706
0.8679467888482146, 0.11583258027852905, 0.9567945494221881, 0.03951651765184927, 0.11025149807550028, 0.010416389841262363, 0.32349465673392774, 0.7747371805619435, 0.21827006349041456, 0.8916110796911804, 0.4607616669423702, 0.9100488898584286, 0.21333487962625275, 0.6871520463975734, 0.9176277518162449, 0.6047470475329181, 0.3620059667293656, 0.8545395561127147, 0.6453388438639379, 0.146822760523305, 0.12684954390725445, 0.3407027784806106, 0.38569382089696747, 0.7148092398784915
0.7298835056079553, 0.37087104787755976, 0.6993654255442305, 0.4344995526966098, 0.0033719166494082797, 0.9669614233172206, 0.7563844322939189, 0.7902801441368781, 0.2886443087940459, 0.24499037149252534, 0.03788882564589513, 0.49277917676432703, 0.6177775102428384, 0.6691492439947138, 0.05042302331644133, 0.4146158539558824, 0.6433457164790564, 0.5171931668230301, 0.9499364712761258, 0.42259007136460425, 0.18908689282008861, 0.030532553430840492, 0.3123627704469898, 0.2841144269166296
0.879519203040711, 0.9957021823177967, 0.0930011050086963, 0.8629730420423909, 0.8683219807376559, 0.8313050435994397, 0.6821184715012512, 0.2336468446030716, 0.7246225010455787, 0.9200350020666257, 0.06447952902787724, 0.2428101474334895, 0.296184547239445, 0.9905684365970007, 0.3155292358446278, 0.09270414498352797, 0.38865210633814706, 0.6179565691319074, 0.10069460103007932, 0.8554778710305285, 0.2703752757966469, 0.3914999542048446, 0.6468385079047393, 0.612572798612918
0.443953266421912, 0.5080054987254562, 0.601321051456977, 0.0003568709836594408, 0.8390420278044173, 0.15757551781565793, 0.15228832608085308, 0.8149509027095084, 0.7608263744407002, 0.9552060249757814, 0.5994717484595818, 0.27575411189011323, 0.7844423448643711, 0.611864650736468, 0.8411761946005678, 0.9751091068186459, 0.18910383236976358, 0.15289945664574567, 0.5046467894384942, 0.3128078775267593, 0.8271503299543289, 0.63149568718864, 0.24122852595839928, 0.6908741944912992
0.842643781888021, 0.6707907423334748, 0.1620257834413924, 0.6142600095478928, 0.2570172814164732, 0.5264779947134212, 0.18725802622592536, 0.7077019263414445, 0.7125803321255865, 0.8895664672497262, 0.6185052298997558, 0.1307787541475015, 0.7226930478644109, 0.6924608047305989, 0.009703647779107816, 0.1852882454394401, 0.912996083017646, 0.22773026850864364, 0.041755858945918045, 0.20758128949508647, 0.3815712176890439, 0.16867513481648777, 0.15902944900398608, 0.3046769347992583
0.8986006116303299, 0.5197423504517682, 0.5993899336068721, 0.379892255290342, 0.46129935351920404, 0.055769554696263324, 0.14317274661086687, 0.05984732699101214, 0.7677010995096213, 0.2642289658784922, 0.17713845157855046, 0.31802980496315814, 0.2461759580126095, 0.2050853384608784, 0.02091235515525136, 0.34591556246281807, 0.10762212755288603, 0.5351458065568976, 0.04557815881562277, 0.14957918254389913, 0.2889137273914797, 0.5520682043871975, 0.426328085373445, 0.49084851193089685
0.4255308968807232, 0.5023610629805126, 0.9807810076400013, 0.3808258905786518, 0.5306068015684164, 0.5433491097376435, 0.895149143427219, 0.7299731977514359, 0.33213518422492905, 0.47762910511031065, 0.36407227266537845, 0.3246952495858003, 0.8526532863137367, 0.4459936627129122, 0.4208630674881453, 0.929063272159566, 0.7737618854431976, 0.2708759669276758, 0.20543819992939105, 0.5292848102146659, 0.49110857604427294, 0.385037417176871, 0.41864756069102127, 0.7542369539060401
0.40081709862214776, 0.7953158708231252, 0.6460703924447989, 0.15811960134997172, 0.17979124483092923, 0.22781110024934004, 0.297779274472021, 0.22050348647348272, 0.7138488329972698, 0.4551117903023332, 0.16416138689289617, 0.5178896950638824, 0.27024432699351264, 0.6064583603780065, 0.7221470485884904, 0.27121905093820586, 0.8909913396558192, 0.02529859966920367, 0.6469638642998642, 0.03659463298595578, 0.5550406178988739, 0.5653365739897049, 0.05019370111779198, 0.4094491289108272
0.3091674662691778, 0.7927113312128409, 0.6007492086747211, 0.3285939429720641, 0.8826555417199947, 9.01109540177858e-05, 0.0035449175235987562, 0.835822242835921, 0.20402605907191262, 0.948287465164758, 0.13048886396795378, 0.714786059153818, 0.7117666742751612, 0.46766755260799364, 0.8411161052392281, 0.642432518676229, 0.21593162360103713, 0.3477331873752345, 0.9658269249159445, 0.6436839942241277, 0.9742345501645586, 0.782796520509604, 0.8090442598934753, 0.1999864734357959
0.6188312792703454, 0.790152396808915, 0.19664834444247747, 0.5929760444975314, 0.8966646998645244, 0.19164027164476338, 0.9301105620973176, 0.6915284430342831, 0.6077182350023637, 0.15810448007157374, 0.3000220375947117, 0.5397069928736947, 0.942003231302602, 0.8640704957634895, 0.7478167182460932, 0.8614084696707345, 0.2953693680435442, 0.9352718439999816, 0.7821784717287117, 0.9995343531509516, 0.2633071162551399, 0.5181454930095073, 0.8691616225199937, 0.15823312750613217
0.4179863278078302, 0.3401639542285544, 0.5570663772685693, 0.16138135714885282, 0.37969251892428846, 0.3340992765868649, 0.0044148410498489055, 0.45373544841771585, 0.867026588583141, 0.07578098460060567, 0.24377943804500368, 0.9749196578191272, 0.9578632880059392, 0.802889104375584, 0.7225285059349584, 0.3931900126337502, 0.25429875635867794, 0.7441494033752125, 0.5268606888808063, 0.2768234282151517, 0.09410719684498814, 0.01747523794298189, 0.4705582692619621, 0.6478761854870579
0.5820367135960124, 0.02536440063555445, 0.6839556613335128, 0.37844411682464585, 0.6780039192304493, 0.33866076483188623, 0.42163190791754723, 0.011977556229041397, 0.9930295534169109, 0.0856946825319963, 0.9545760231649103, 0.46706838614674273, 0.09579322094591036, 0.046121744833145684, 0.9428729325061725, 0.31074363478923483, 0.45866691966696904, 0.5742855392767875, 0.9281458386871827, 0.5117775680218535, 0.13758929484260085, 0.9140575358169767, 0.19566658831269146, 0.5227094356321244
0.9456024702304953, 0.2487449785351572, 0.39958587897095743, 0.590721903409753, 0.6705448013134674, 0.22481088559627405, 0.27332652391929757, 0.09244037108920855, 0.06417397753225185, 0.21519591367938629, 0.890297303544477, 0.3778598751664586, 0.03766975077161505, 0.5849288408403448, 0.06170448437880571, 0.1898896468880148, 0.5379516168680094, 0.7253497751869102, 0.7097140674519405, 0.5165993952689301, 0.2579817895608073, 0.027458242089013374, 0.8019574198342034, 0.130248288654238
0.6860607526518344, 0.052244333838712964, 0.13381822716002412, 0.8203587248101492, 0.7238975011319375, 0.23585750028708985, 0.005341806724503018, 0.3073235329422386, 0.24436920246226546, 0.9894284786046329, 0.8397600088335914, 0.9988121497857331, 0.48970855263434054, 0.8314575715333444, 0.32142686855362246, 0.15484904186517023, 0.5662541220111825, 0.22938004083723373, 0.20658025615722653, 0.8069046789725283, 0.1819013089682162, 0.5636091382096581, 0.25740370593660145, 0.04036886564334985
0.893236468922892, 0.1525226063659253, 0.15589670040758064, 0.9658936044467024, 0.8574217577137379, 0.23876141322748134, 0.2650635183356871, 0.20281928025722962, 0.7809876187474281, 0.22293599596825164, 0.08716553001043736, 0.21355131725773346, 0.6822311816982195, 0.08994766168374191, 0.9549724496750543, 0.853800881283086, 0.1652099241718581, 0.5437896668441001, 0.3577169380168993, 0.5324296516014728, 0.20616769790445744, 0.20233828094435502, 0.9719588766424564, 0.9412162058023166
0.6305655344769405, 0.45455944601145915, 0.6740872490680018, 0.9210809303248504, 0.688666817008857, 0.22757204859844915, 0.2165268213128223, 0.3434897738857309, 0.2160291586315205, 0.3733967200242524, 0.27714207251990775, 0.040633976453261056, 0.2141831866423144, 0.3403486862013231, 0.719943549581086, 0.23049406716049636, 0.2604031420591377, 0.6431967925497761, 0.34597957040174876, 0.4813868759265123, 0.5204774398949703, 0.1314037161584064, 0.1646753839721573, 0.18592739851712825
0.09843258436662516, 0.35037084329967483, 0.15499367462066493, 0.6174373531562654, 0.5602214498824831, 0.7843187099526054, 0.5303292052381664, 0.5916952428184704, 0.38388131168721695, 0.3037694885328177, 0.5479092720012368, 0.34339456288608095, 0.8822032360774901, 0.9159120799776944, 0.4094408658057651, 0.047852650316460243, 0.4895053978387198, 0.6012229282346522, 0.3277155232709228, 0.7963649986827213, 0.5761388821549472, 0.5931625843017427, 0.8468707950524909, 0.9689493901985284
0.4458447894571831, 0.704766474034342, 0.07273057751561851, 0.7131437189651397, 0.38968616713666815, 0.6148909315512753, 0.34391699382985563, 0.34854584405202027, 0.5247563569933189, 0.21352303946341278, 0.5086850182970377, 0.5513721043595747, 0.6765855790671035, 0.0327774613456534, 0.6199044279165179, 0.5131644808084403, 0.7277271319566081, 0.7714811831738942, 0.7004960327399805, 0.7295229024764898, 0.12616369067523492, 0.3643302225790178, 0.9130155452487732, 0.4098468397681835
0.7488263357656553, 0.12441373003368672, 0.5597549333503581, 0.48151909530290826, 0.931524450065421, 0.5266922818906675, 0.1166368874150342, 0.8937625570272189, 0.9252749091023623, 0.34304376412684845, 0.32948435078735694, 0.5894599010948519, 0.26893040748943386, 0.5785242650164788, 0.5921553885244206, 0.5182719349890089, 0.17185816444714985, 0.4018150015095123, 0.7480087320424995, 0.8774888966534918, 0.2259804709618587, 0.7859540871734845, 0.6468007595432941, 0.0915746839286895
0.9065774738432262, 0.890055545217825, 0.9579285606166968, 0.9391542263986227, 0.20047135157498797, 0.3557460367607267, 0.2046328969129233, 0.821583016324131, 0.36265535598878396, 0.09604889050921761, 0.9326592424994886, 0.2856107284828818, 0.3775940394702836, 0.6149998659082542, 0.6408068805368266, 0.9678634087292367, 0.41617108365292543, 0.37801467812168466, 0.11807522681801186, 0.2701686879877575, 0.5278678341112967, 0.7476422204428568, 0.7638450124563644, 0.4534816664579845
0.630804313746099, 0.44170622293284456, 0.08074877068072395, 0.7789099484447403, 0.12215835426788269, 0.3920467348466571, 0.3924705435383158, 0.15249764021440448, 0.2091804298176202, 0.8224153259831702, 0.38476656201038173, 0.016511503912356895, 0.5968415959773069, 0.8580787057941051, 0.23731914848980873, 0.4983420089845758, 0.21818838710832988, 0.5025820246493276, 0.3704858055819943, 0.4022131927127618, 0.9565113468449915, 0.492143521491314, 0.05428947632944947, 0.2739695196013916
0.8424349357587299, 0.9245373574769985, 0.09884660879701201, 0.5637341584645136, 0.8958660871204251, 0.09590112315439514, 0.9866282575025831, 0.26133663388482253, 0.6521382933314276, 0.01897410861811355, 0.501460610725328, 0.8941513057466115, 0.8457832576330281, 0.916571643847084, 0.7403156010252929, 0.4294870955065755, 0.0791657398865907, 0.957978918465701, 0.9757902814819167, 0.29777510439264954, 0.9266202046983641, 0.34964035812355343, 0.34397058204448494, 0.036938128576509244
0.5256813670982252, 0.19264047669446882, 0.07867421158605004, 0.18618135084760867, 0.5159948557172769, 0.17545762405866172, 0.2276069640559062, 0.6147461281686437, 0.3001638381205285, 0.8146870449350176, 0.2291130792722279, 0.1543141306227246, 0.7920016150434154, 0.09791471564989562, 0.16990503700639636, 0.2350264466486468, 0.0785778635245622, 0.9415408456421596, 0.35525506801604245, 0.2009640900466746, 0.2971555067309728, 0.6779482035934145, 0.3994110907874405, 0.6668917899822415
0.4702559181110437, 0.5061378938164166, 0.3922111238372098, 0.07481126480540912, 0.14136665020930084, 0.28159073039446747, 0.17206034056938568, 0.6682608359893244, 0.7392259806908703, 0.9515527770486923, 0.4133094270646206, 0.3851009537207596, 0.8865840690060355, 0.3296706185829027, 0.24477180020771272, 0.0392175122737094, 0.027402608819199648, 0.9452539451428267, 0.5166445482096834, 0.9830054341472654, 0.3938706299726611, 0.5197277230016734, 0.07160256341353355, 0.3851756249281635
0.6602462093818671, 0.5777075827101021, 0.46289404775295473, 0.22907667302641765, 0.8488894055062136, 0.7596280860764751, 0.3815902683614777, 0.32386743260560313, 0.35499969314340696, 0.5893012559241673, 0.4910771674434129, 0.7714082858124734, 0.9505900140385883, 0.3761752717948258, 0.1082191495294017, 0.8757804033685729, 0.8925168112112533, 0.16667126334846816, 0.6065832426021709, 0.5449252124265117, 0.47968373827504174, 0.08230593087051474, 0.846530786858026, 0.9714206112876862
0.7052496453869208, 0.08704189325307976, 0.8226204127677769, 0.6909589811389901, 0.8487474601440055, 0.984908888446814, 0.7245659484048339, 0.4544555263394193, 0.7883675371751334, 0.4929990247743997, 0.08613009389256099, 0.6068146664069752, 0.8943945608462693, 0.9226350143619756, 0.6788149723131568, 0.5247712176849586, 0.15637985690068812, 0.10709393412602508, 0.24640864965401643, 0.14236015199840424, 0.7981289907685922, 0.836869251543974, 0.8042734935294671, 0.3162095507148365
0.20038366559840703, 0.4520198495698483, 0.14240171553200254, 0.9715540498457232, 0.44083679845141166, 0.5990318456555674, 0.7647299823187316, 0.2895293595637899, 0.7304036615912111, 0.8330808614237375, 0.2731903952261383, 0.6278620360047674, 0.12112419360619897, 0.7534592075670066, 0.18724153936091614, 0.2942807355663306, 0.4258274083899424, 0.22556425991478402, 0.6513463706643031, 0.392171485196117, 0.4058225453843626, 0.8878795095538229, 0.2793534786042904, 0.33489914831521816
0.374219824313907, 0.3659532147735821, 0.944532656439738, 0.8571583214811891, 0.6776188702471853, 0.020912354330392624, 0.31123869712862307, 0.3896895573551067, 0.5344656457290485, 0.09137856399772204, 0.16139285155090932, 0.008359234898954848, 0.3569463083387028, 0.17534358111550918, 0.9172425487320233, 0.8570653298841858, 0.7276799176914233, 0.22631018105620082, 0.9289265524762842, 0.519843371119267, 0.6860828735290627, 0.02489193959236602, 0.9644157413631729, 0.01671336325016881
0.7783454089075516, 0.12584667690024376, 0.8750849372378903, 0.23715560554000026, 0.7252330995850417, 0.46617031030156864, 0.5072524581225597, 0.2161596288119948, 0.09171217255918973, 0.16374453830612568, 0.042260358574319756, 0.9872669949478942, 0.7647101322390496, 0.550811105528689, 0.7076369108735855, 0.5274584533106884, 0.5651337453819563, 0.2570170278033208, 0.42351953724480607, 0.8970227659919319, 0.7630628013419952, 0.4340393290378647, 0.9207512367713887, 0.12916133972263033
0.1353435908681927, 0.07338436174043028, 0.10838002753989096, 0.7049307926226683, 0.8305059563961552, 0.6837287335370223, 0.8950579500085671, 0.8232991203710534, 0.8791264286178754, 0.9606927796378971, 0.3566548859362062, 0.2340063435383294, 0.3513135750318107, 0.48034208731618633, 0.6105508259042071, 0.7599823779506552, 0.35204580844118993, 0.07788132219486466, 0.6284786072013127, 0.28886153179797913, 0.4757430682571986, 0.19371899689144711, 0.6809492564844729, 0.7452718168681555
0.5835682601402894, 0.9169493063848734, 0.3017097032759204, 0.3110815746514982, 0.08267658214387108, 0.2010479632855101, 0.2895063235133931, 0.1499209240558499, 0.09631251027604326, 0.5043495692853882, 0.6227614736313073, 0.052317576853692316, 0.049737398721004245, 0.19170333593324984, 0.7416343386390822, 0.6600744269290689, 0.10524141880747706, 0.7529948502756334, 0.6242219356274787, 0.2849245492697998, 0.07397320501664151, 0.8034740779126431, 0.4389754055364612, 0.14665636761960477
0.825113043833177, 0.3532382272152751, 0.19557410699244548, 0.8310261935841421, 0.3167041624079384, 0.7302630766379791, 0.3719733663441017, 0.7173793787141459, 0.7290084869932587, 0.9000198466013405, 0.8490977061116358, 0.6314791572979124, 0.6579719603640815, 0.6833946192243885, 0.26411798918332285, 0.4016128893422717, 0.5991626162566049, 0.05036779201914199, 0.9153289067942928, 0.0044792499265433605, 0.06940423861500833, 0.8751788442194018, 0.7531934693622945, 0.9595362667935121
0.6018359912548892, 0.3245802768433018, 0.01725812426789275, 0.19263209693198458, 0.26328039751015675, 0.7282111724608777, 0.14460771851186027, 0.2510427053786123, 0.3065266366019337, 0.7208995094878735, 0.4604538224125966, 0.6860397884419126, 0.4969614001079381, 0.13996516437556272, 0.7886237079342606, 0.05627915929269378, 0.18591080901901302, 0.48870470724174186, 0.020107852588374775, 0.9642102191155727, 0.49008369829010434, 0.7888579724139377, 0.7665781025321307, 0.6673551957048497
0.783558717727232, 0.16207372262428044, 0.6585802019909696, 0.7979622306795129, 0.16142518140641804, 0.20672476294722975, 0.8460502672488867, 0.17608325568496408, 0.7936281101769969, 0.4836922919611316, 0.0548263620519539, 0.8367250955824922, 0.8219851118024687, 0.47329090808863794, 0.9326868414172542, 0.19919812397963998, 0.9936882553682524, 0.043139379977270464, 0.8961612465619677, 0.4883160074308397, 0.07171151077221427, 0.11618275920372345, 0.5456872717971423, 0.9752197224519351
0.5544536136554736, 0.0229512987239604, 0.694798927289544, 0.8553785320475062, 0.9709085871328422, 0.3919062564019117, 0.18708423065409674, 0.19111044148817846, 0.20626788577848976, 0.5421568819570695, 0.07053193214910203, 0.9068562769891163, 0.09577021413952047, 0.4056843315247006, 0.17592698091687564, 0.42121422245715534, 0.13557561650202088, 0.38518626940822365, 0.6261182068498862, 0.08571020381685157, 0.8518605487567718, 0.46013252641097946, 0.8998172029759467, 0.7761520430370427
0.31936608722246684, 0.5614338391710152, 0.9102743976178859, 0.5598643487606442, 0.033151622621135246, 0.07370478414472947, 0.21357996858170236, 0.8098818817655138, 0.5506622340620847, 0.24779766663268044, 0.3216899174544676, 0.8240462769577455, 0.843152648784605, 0.2440343600575462, 0.9621429660721645, 0.8982253154389057, 0.8589747339982519, 0.17802935823690902, 0.6990122800863555, 0.2080815775569249, 0.01291564072390905, 0.148106399998151, 0.48074116642081355, 0.7501085335000691
0.9994702021306322, 0.3914090378837155, 0.6618275235389515, 0.03706295012107086, 0.6204121446226596, 0.8343962040347719, 0.6884561510166135, 0.9953619326293198, 0.8577135123146671, 0.6532905730928678, 0.39573653268136444, 0.9406449639671671, 0.6783320685725438, 0.4728911390973106, 0.8781338879015658, 0.4842672943514631, 0.2736532826640584, 0.5469350708173976, 0.6200660484938317, 0.3813494734570043, 0.8307408020667133, 0.6647508143846027, 0.5900975716901169, 0.29984685959453417
0.7514332578737151, 0.2814774670580822, 0.6142509246564588, 0.48531703464826115, 0.5424957523720255, 0.1372660143911375, 0.37024294632602617, 0.8593084430055231, 0.9486122091891543, 0.31019600831299865, 0.7128114977882305, 0.2770258435816978, 0.24183060101828957, 0.09638209808509313, 0.7584211315652375, 0.12337997754837793, 0.19708951779249873, 0.40304290310713586, 0.9908392767743852, 0.49409858393622974, 0.7963291283747217, 0.7485756297016603, 0.990608788332587, 0.9737140753996653
0.26924331158701564, 0.3318805649933835, 0.6294782966306073, 0.7517584217224281, 0.9274095987598393, 0.7223748228530552, 0.2988000313106052, 0.0897263991685412, 0.25959313984047183, 0.5362811711016662, 0.8630654376303118, 0.008038217388271485, 0.28042795382637375, 0.735158285367888, 0.11596684461026763, 0.5179420630859891, 0.2553866113821184, 0.23698936952612737, 0.949379049706292, 0.22458796642513013, 0.9154756308133785, 0.9741825273378584, 0.19303009179735175, 0.10919748002652319
0.8360287771648005, 0.569994915353247, 0.7411790514008558, 0.21615515625525517, 0.6412336132334067, 0.7215947037721978, 0.8360180371203916, 0.11474597673818199, 0.13296565277880268, 0.6170741086602316, 0.9964779496391987, 0.6206173958106322, 0.0004923539707962776, 0.883304270688769, 0.6732587802022602, 0.07779709404811919, 0.7873974954015371, 0.08830290721050493, 0.999878370600245, 0.9818208830859042, 0.22614469719331198, 0.1867665959903585, 0.5932333294179585, 0.2429091820876974
0.7780174615929453, 0.3437041693296503, 0.6999710599802653, 0.7729845816331722, 0.14153106485653455, 0.7533688432260908, 0.323005556804126, 0.07835773324529316, 0.9539942966860835, 0.059950839691126134, 0.8261641393322146, 0.8479612127428363, 0.7228138979892802, 0.4778816134498236, 0.5573694651036648, 0.09280397349536817, 0.3124252243146268, 0.8423361564476354, 0.8031034950475865, 0.2780327903362523, 0.792194301872251, 0.7743298209373352, 0.8072922098167186, 0.10022851168508728
0.4660811280114556, 0.5635443275071521, 0.8527991345841267, 0.6057583516513322, 0.7977382541726532, 0.1517848831887968, 0.2317994079121255, 0.12018001633894237, 0.7235155956390076, 0.2655529853574867, 0.9561974059262007, 0.6516343868569326, 0.31542428415475343, 0.23889320498725397, 0.7080546797260776, 0.8474238344887457, 0.1422241135620933, 0.7759050405726067, 0.6638126715669393, 0.0988976111813189, 0.38629608555172534, 0.9636787738505485, 0.5030930063204421, 0.5089188671179263
0.40122501856857984, 0.6113067944767256, 0.2964973931841962, 0.4114179894686356, 0.6619064484065349, 0.9674913046592896, 0.9077603531927726, 0.9753358369450424, 0.4900175518218436, 0.1946180658736001, 0.3489653243565387, 0.45646129876991426, 0.636692505880633, 0.8088245850371328, 0.5475656099849308, 0.8052037237979048, 0.8400563111699643, 0.13682408255973844, 0.12600153530871794, 0.22268623361018736, 0.37705167396203954, 0.5572167019530874, 0.40251478709024346, 0.6999736511213269
0.9237711941016349, 0.28117672562538143, 0.7336791665077612, 0.23178005546693936, 0.4618255596120131, 0.14705798999492725, 0.3826912869347009, 0.9254075255779918, 0.22626751700976178, 0.002629429124412219, 0.5543715665178305, 0.9952166028507009, 0.6373260225047972, 0.5111200966502719, 0.15257027851359417, 0.8464768530964285, 0.35373721219648413, 0.6308687665534748, 0.7542060327203075, 0.8968966930792974, 0.4883959529338029, 0.3082333308037962, 0.46508306750524386, 0.5350393043021814
0.07165991968610397, 0.9370370580493538, 0.6335472515574485, 0.7794072301833123, 0.8546587518744511, 0.9910491282161509, 0.9993671282337163, 0.9302023641670966, 0.9909779423926934, 0.07252890520211486, 0.7863134948829023, 0.09465965200886095, 0.959033947226866, 0.9205500139786206, 0.9339838420378777, 0.134153494062353, 0.8891669494546244, 0.8711493703787382, 0.33246330031654014, 0.11480670973591667, 0.8531088000284641, 0.047141425425184846, 0.2528348327188229, 0.16782691641735237
0.3537579737475419, 0.3260041237917559, 0.5045555022116038, 0.25365438813450025, 0.18349957868040645, 0.5380103914791877, 0.6185246551849669, 0.7524594551330854, 0.0709708796078542, 0.7019043287366403, 0.9262654103988036, 0.00321489740586689, 0.32022167406009594, 0.2036329081017112, 0.32957533002916173, 0.023715351179050437, 0.7773603939941569, 0.9555040520355018, 0.0566039718992849, 0.5610016237225635, 0.0536485500467212, 0.7317012392587778, 0.8667233131556772, 0.4173175504755462
0.7535200649840996, 0.21195975407384504, 0.312733360514985, 0.21007261489246065, 0.598513271158921, 0.7374467766505856, 0.4525272403039594, 0.9888578843155675, 0.7084229922601674, 0.43735124810980697, 0.686266221965245, 0.2902638765879113, 0.994827901335627, 0.2581613776604399, 0.5837949411764765, 0.3985097317803281, 0.6393833553337478, 0.7934846009396097, 0.526286797829844, 0.39612143845862013, 0.0035571110727573574, 0.9279440497067427, 0.7789073692658807, 0.3642615868286587
0.7104654373660996, 0.507472155147571, 0.5959720566345067, 0.8617289612403762, 0.4024221697597202, 0.6318825044216202, 0.8552312247348949, 0.9938436009907808, 0.47179088023690086, 0.1810456292137438, 0.9395689975818209, 0.6343233586949097, 0.16012375452562355, 0.9747640696080951, 0.8485309665751527, 0.4021008701435188, 0.09807032745858801, 0.05517856774131358, 0.03236375093252086, 0.19243738042978165, 0.7819425196800122, 0.862675566280589, 0.33755058355441714, 0.6701664425055803
0.5271778940656351, 0.26191562611523245, 0.2511330017627097, 0.48855996015671976, 0.18248195760779806, 0.9628224516446083, 0.187397856667203, 0.37336865479678305, 0.29018771443862446, 0.7320115380879271, 0.09916695577489631, 0.604958462627829, 0.10385125890302216, 0.5991746269080124, 0.5379244980072, 0.8814404651517821, 0.7910960093021816, 0.21796600800083166, 0.43782332608249175, 0.09509397678559639, 0.09619852228059844, 0.09317710322940875, 0.32726526419890345, 0.6750231916604421
0.09906568099834856, 0.16571779229493733, 0.8994340956425657, 0.6821382554008938, 0.3133778785074889, 0.8343332752429129, 0.7674983869289073, 0.8026433030611548, 0.13871876628181434, 0.21965773479065498, 0.20422268629979, 0.3363423895333152, 0.30725807626894774, 0.005381984082221347, 0.7395291515309527, 0.3639460217265722, 0.2515362529517734, 0.16865722719685727, 0.7177263770110167, 0.3578739215031529, 0.7937309403187895, 0.3831810286644477, 0.5095534437820934, 0.4459351336126305
0.924646544911444, 0.4188181314022381, 0.1527435354411546, 0.16483275342967085, 0.44489742504695784, 0.05959573507028482, 0.6875248086228266, 0.5057851666244499, 0.756762423577538, 0.18393101679771962, 0.4870078039021024, 0.14367254756423298, 0.028142803858901777, 0.5142258799892676, 0.3032651676816627, 0.42155948443335167, 0.15437648784863922, 0.5960395653350056, 0.2768111269364072, 0.02184434068285035, 0.805216399625925, 0.2869289625296392, 0.5084657830067967, 0.3714016802902814
0.7296480062140316, 0.7309540367816644, 0.4899110852791494, 0.37097539922975387, 0.33738591503100956, 0.3630541325459983, 0.4500055357453665, 0.6845581999390513, 0.8843452976015119, 0.24012208202980856, 0.3123844763406959, 0.9020622766587384, 0.29804281399222643, 0.21594942711275167, 0.8946470295574511, 0.39389304663213187, 0.3534411530053627, 0.972924004832075, 0.5850943839255022, 0.2055821219733176, 0.4772300205806349, 0.5743065685489126, 0.7777757757397098, 0.5467011798083986
0.6810081260625318, 0.5186506342696938, 0.8213379777747674, 0.25757063517413203, 0.6513903986016122, 0.38101068554616113, 0.36153881560646317, 0.6941132151000675, 0.7050498735945185, 0.5404224853794661, 0.18633493424633507, 0.07962155025744855, 0.3832169697955825, 0.0892388211377827, 0.18246203062517008, 0.2807758686166705, 0.6613552089859074, 0.14551843358376693, 0.41639554779951216, 0.8664765641598297, 0.34524620813519047, 0.008630110133123314, 0.34210231368921107, 0.5929487173717127
0.8337909198368507, 0.9627204417416069, 0.13246530991726846, 0.32824479470545465, 0.2671056262539353, 0.5371499953923206, 0.3820695762580465, 0.5503085296909754, 0.21528641456879583, 0.14283307253956856, 0.1505030483363764, 0.7548682009944537, 0.49020148165557387, 0.7100277017321288, 0.88202040282497, 0.22848670152200212, 0.2792103843026087, 0.23539975810033265, 0.08279512642210796, 0.07407540565045012, 0.2108706233629809, 0.6806326880912339, 0.1150255967195345, 0.6844688901422373
0.15909364185004204, 0.07563816129662293, 0.13791937443827662, 0.07560606205500131, 0.776554800830358, 0.8157461712915199, 0.8149725491362918, 0.6433877394741296, 0.3115915779149656, 0.5445528932411314, 0.9787362538753023, 0.5789461750254415, 0.23700229797779993, 0.886524196163805, 0.08888317035309612, 0.862301507244666, 0.7937542726852721, 0.6041847073285462, 0.29309112749979493, 0.3160308495977281, 0.8159465137525511, 0.338234168657505, 0.6344942653110652, 0.8833358724206485
0.5812370779574283, 0.07366145120048484, 0.3337361888648386, 0.714539596039277, 0.023170234581710858, 0.6317339612668971, 0.31087913376874454, 0.5480289093237973, 0.8516382509418596, 0.498639046643241, 0.03130317380358283, 0.4877418223981773, 0.008103942602409653, 0.8956814956777103, 0.4595299802848932, 0.59471310853776, 0.5730340773321873, 0.7593350584556002, 0.6090153971221786, 0.054628035093660654, 0.7040259304067491, 0.8296862307988268, 0.51820855897289, 0.10796819856386974
0.9439466595170819, 0.674025080031592, 0.4188639953590051, 0.9818214408542978, 0.24950059620110443, 0.1198199136754734, 0.39148914070991647, 0.6411171988453022, 0.552465559032964, 0.1585098426365229, 0.40366892952736677, 0.08313416915228544, 0.3304948779551101, 0.508559464821171, 0.6772861507407689, 0.7820092369727716, 0.34569481628562837, 0.5298574135552153, 0.9181251013494871, 0.40279216544817165, 0.017727745875951273, 0.7424190327745164, 0.9529992559432078, 0.7268496473330119
0.880174268366386, 0.9201095296398635, 0.07646710814634183, 0.4822902093527728, 0.5738508292189701, 0.5931202938938275, 0.3837172681503179, 0.6963942971977112, 0.544478261314011, 0.21104428100114447, 0.3885093647810366, 0.7096118233812045, 0.9185290357167102, 0.4030356840117435, 0.02520019340041757, 0.49152062330713897, 0.11106588244906324, 0.5415471277239112, 0.10718131611355752, 0.667694229738062, 0.6047392351820882, 0.20506071374088453, 0.9229827160872033, 0.5128240605694273
0.22282504937310466, 0.3766866021136762, 0.4914537129580123, 0.5061656889630234, 0.8988335294665645, 0.766258518411995, 0.6015037413944634, 0.08190263955044363, 0.3155366433046385, 0.33828572196861795, 0.4260362127636441, 0.017920504201692555, 0.859728587215268, 0.5340433383235604, 0.10520491658667086, 0.4050124536475136, 0.09137083673448432, 0.26497654309199625, 0.97031548330744, 0.863036569096993, 0.428032021460906, 0.07031938698512263, 0.3770051683204805, 0.07174675905985772
0.6739644943722574, 0.1680378565585786, 0.48115196479039013, 0.320207689379881, 0.8950478627872792, 0.8830986970387075, 0.25513087128826073, 0.710051404145978, 0.6840020240254867, 0.22816074295240085, 0.44002910552521624, 0.31082813915749197, 0.38909188043561516, 0.3951275268341128, 0.11674302907194345, 0.5189436265434039, 0.41364241150067516, 0.8256234921297746, 0.2666630767421566, 0.831990627182669, 0.1436593537549643, 0.9568583334158329, 0.8905102504171835, 0.7290468395042423
0.151980343701557, 0.970988581730303, 0.30735070590419933, 0.4889594559308793, 0.8004982682073728, 0.04523735211023028, 0.568581954307607, 0.6629372535145567, 0.37046869746251476, 0.24977479785793588, 0.6582670557617912, 0.5698150495480331, 0.5751141099937644, 0.3930837502262048, 0.6211890625477612, 0.5442058394086561, 0.11968563354940498, 0.6974637077176498, 0.21536795039145817, 0.9410945496365524, 0.24806565278198833, 0.7202189314554518, 0.3428994082079485, 0.673085344444432
0.6786632415089147, 0.9422401281453021, 0.37022716113119525, 0.6315351524751311, 0.128986001214907, 0.7658864690966244, 0.26758715496382224, 0.2812221479233321, 0.06786797638980935, 0.9771707252318003, 0.008508180316204261, 0.9275283594327642, 0.1718899011340983, 0.855062609963034, 0.5890618743232454, 0.25990805055792965, 0.6060116651794847, 0.2618374694765765, 0.0722839865103756, 0.5616642986817344, 0.8737243168781982, 0.6842869242246812, 0.9644725868437988, 0.2968528480560899
0.7726007562267104, 0.32308512371584686, 0.7057058664062147, 0.7504776325185438, 0.9077109590190666, 0.21874274968259644, 0.6302714426599297, 0.6367100728134761, 0.22753557424056636, 0.9135668626898086, 0.164608059685743, 0.3621467013745244, 0.878070999563716, 0.6365627062728598, 0.7442448964869754, 0.04878314519273785, 0.4490874178113752, 0.7225800158786516, 0.7559713020725031, 0.6254714185505964, 0.3760679043710091, 0.8006900834816534, 0.4500890746911834, 0.6964091317058061
0.9066981412883708, 0.3795017496664783, 0.7053584654226029, 0.5397257962834989, 0.19290950111789995, 0.9931754395990947, 0.53675597952663, 0.7239296257915677, 0.5098252502439818, 0.9613164557250148, 0.14746286328745806, 0.8735774332155023, 0.5606103989842673, 0.47680751655217213, 0.40226760569580955, 0.7263074633333456, 0.4856643305294893, 0.7833631497778726, 0.8520025787490446, 0.4631839206382735, 0.587987933177669, 0.4159430964684352, 0.5893638097087772, 0.2961303470027916
0.4975675649397383, 0.05679889959926854, 0.5316057376036372, 0.32548048777554794, 0.47004801664470497, 0.5392209571314607, 0.9876372279012267, 0.9230988619869727, 0.7382867664871648, 0.6071969287159696, 0.8021122998061235, 0.49457297644845544, 0.626182947108088, 0.48628566579275134, 0.2790492889950228, 0.22069815475072618, 0.8007207290287675, 0.25274261873779835, 0.5817740071708157, 0.9469002247626791, 0.6233018311091912, 0.07004359767166168, 0.6905365694262463, 0.9371004860788138
0.7279431452022521, 0.8488389150485746, 0.9370597231054606, 0.28639727448578167, 0.7567876697213998, 0.6341779338247251, 0.727955190798954, 0.7687925954736843, 0.7904079792401145, 0.6114283458573094, 0.7181675169864514, 0.20369526988719433, 0.6886053043224628, 0.3005041021297782, 0.786465156954615, 0.6726510379247241, 0.14982012997672656, 0.4497512964937126, 0.9883115348142938, 0.42121497064269475, 0.4535695085787862, 0.21979275177474722, 0.3793033033325901, 0.713859343821205
0.5419977371544786, 0.07376228128781959, 0.9978195140767849, 0.8246848829866561, 0.0005628685697358637, 0.34824091508280286, 0.7460979463070413, 0.25190693770433303, 0.6282630406924353, 0.6311419761357975, 0.9799334911191052, 0.22015615926279064, 0.5293782276999498, 0.4166862955937011, 0.25691791321170276, 0.0729295495728779, 0.5493989903740785, 0.9922136948920368, 0.6450673714438518, 0.1301553385063854, 0.6949317679513669, 0.18083188421253849, 0.9054788831809434, 0.40208557011831847
0.24072025633522787, 0.9722004939266107, 0.717323453498288, 0.38374242739122977, 0.7739909874686087, 0.994782455681541, 0.7126897201566771, 0.529123977097468, 0.8319547015090939, 0.883462211319279, 0.5416458187848855, 0.017398518559402443, 0.5371609995488618, 0.6605158389871644, 0.8283863070076531, 0.666974371144222, 0.20170719090216593, 0.9657191072388042, 0.585421033085469, 0.5434908844615973, 0.7808487013475967, 0.871950650251639, 0.7975527283569253, 0.28573084897329726
2.20909096642e-10,0.000102834556813,0.435593761187
1.92264361469e-10,0.000121810474937,0.251396192225
1.04435350632e-09,0.000322083149,0.353976348508
1.67483332001e-08,0.000603460492414,0.579037517153
9.58944027037e-09,0.0011943544016,0.74485795583
3.70262576496e-08,0.00250051943893,0.979390498232
1.22107635231e-07,0.00536161138562,0.68980116651
6.35338130716e-09,0.00879196433824,0.725286475681
1.43675976986e-06,0.0184594070976,1.28254987105
6.54554166405e-07,0.0343347132588,1.08202800833
6.67220772734e-06,0.0884471368123,1.78940474069
3.58751246218e-07,0.167608671373,1.73982303511
1.14927933745e-05,0.349130461237,2.02814496658
0.000426009410794,0.618586755364,2.1923860343
0.0152317160003,1.30860352476,2.27629357336
