$x1,$x2,$x3,$x4,$x5,$x6,$x7,$x8,$x9,$x10,$x11,$x12,$x13,$x14,$x15,$x16,$x17,$x18,$x19,>>f1,>>f2,>>f3,>>f4,>>f5,>>f6,>>f7,>>f8,>>f9,>>f10
0.10042923100688661, 0.08883870261176041, 0.9158430778011418, 0.2964890934667641, 0.8093464710042271, 0.8533987962608212, 0.8344780872209379, 0.18405780129715288, 0.5644324025588153, 0.0008323496410914677, 0.10033575706986453, 0.41513182507708735, 0.40657743215340203, 0.04513538731569977, 0.6538025013441676, 0.8855698878400968, 0.2525048459424536, 0.10488451311590397, 0.24773286516851023
0.8629625872324371, 0.3908975197311211, 0.10531310538500172, 0.7886501658007355, 0.2109871283612048, 0.7501536392925542, 0.3597042776239078, 0.0756114933710762, 0.8065946573021296, 0.8923043513094878, 0.0015698855755560404, 0.7716731270856648, 0.053973770621338124, 0.5447854885943989, 0.1014730560305982, 0.8433008339752701, 0.733699641091036, 0.9151637321367838, 0.7651818969627863
0.31381129364391047, 0.21639010075682275, 0.17777738604269355, 0.13908286926632685, 0.16762468869610037, 0.5602088365147141, 0.4687313367876462, 0.4679602580187747, 0.716820433259226, 0.3806973089334116, 0.07610176038257277, 0.6594119163773297, 0.5444130478197278, 0.6532234391362056, 0.8911931143790579, 0.6674938386483671, 0.43120918199375713, 0.8908280200469626, 0.8558639471736836
0.04563178872410334, 0.08011781675811169, 0.3739122658474542, 0.5670293877802612, 0.9643115219844952, 0.8327264893077995, 0.10404559712018524, 0.9465335112966504, 0.6355011776383592, 0.44380663394003406, 0.12410111335597984, 0.6105797220455557, 0.5744167447714326, 0.6631761282404276, 0.28471686385704675, 0.4218880585081557, 0.9904442697686148, 0.5480616662418615, 0.9432446884159961
0.33449566321174695, 0.6611749644982703, 0.7566059930929594, 0.9965009605198998, 0.6531869835088377, 0.21474311481974706, 0.13809357414212386, 0.3563045095181928, 0.10340778128314332, 0.753330274191339, 0.7876698869465468, 0.770849217472309, 0.9163933011452808, 0.43995930850048526, 0.9903414615933146, 0.3852984755859483, 0.3379593466023584, 0.9014862117269604, 0.07494705998090923
0.9858679822462547, 0.4261928537775205, 0.48808957434605016, 0.9094875704899362, 0.4066799564009105, 0.044355217156112015, 0.6367276491652288, 0.42271391214483833, 0.17870752055875672, 0.7433531537190498, 0.8273953933436958, 0.42067694505972875, 0.2851859347580318, 0.3728294786841513, 0.8616208866532311, 0.43949108084287625, 0.3169799769654149, 0.5933639344709916, 0.08594927745117087
0.1549147565638691, 0.07433874329280654, 0.11863911225922541, 0.575502001815034, 0.37386272289482303, 0.6502851832888039, 0.6203053820888124, 0.7107086562136647, 0.29631567170260054, 0.09093684890607623, 0.07617030567152328, 0.04935391370444597, 0.5353337529380926, 0.5188835203021037, 0.6922153754119867, 0.7124669022793558, 0.5712094878939367, 0.6303709892801789, 0.9885293834817089
0.7793334905343864, 0.07205812762661823, 0.4821847716942632, 0.9521105222209161, 0.43392312771401653, 0.9052038291039624, 0.7313236377508784, 0.2840895427909641, 0.44387242420463846, 0.17516227261547923, 0.28713005477861586, 0.7543745154787546, 0.8154490438245566, 0.46164543858032614, 0.01693011592194904, 0.171995600768719, 0.382447481227727, 0.6584232020949574, 0.9194119791797248
0.8224133393642163, 0.9349699958706009, 0.9975567227178278, 0.6751876253384524, 0.35956009235566644, 0.055061834990574376, 0.1224807240643987, 0.7851457714282937, 0.6842151036964458, 0.4331378985940557, 0.2861184599255391, 0.7784263344198997, 0.9870529967531688, 0.37682753857265106, 0.8575970765441822, 0.16987174313196018, 0.6686615461363834, 0.604633478243079, 0.117075162195032
0.3288419223248439, 0.3990457434621303, 0.5072620377245822, 0.20823574035333225, 0.9274459385337903, 0.7677171876092758, 0.7298500837394152, 0.2149121065857077, 0.8490271462796884, 0.8258697978778722, 0.09201568202917398, 0.37944183717972735, 0.4507360806639832, 0.694057503522896, 0.0032715196124321055, 0.5657812747790439, 0.3874283728924879, 0.9300504995718053, 0.05912968690572362
0.9048649991483112, 0.4546065627924033, 0.8229738157049533, 0.4045258189651374, 0.8950478525416936, 0.26077628125585983, 0.47393665382364925, 0.5589794737377852, 0.9349103187215041, 0.6021655007727335, 0.12002176674042586, 0.5472137856804807, 0.001369564523699518, 0.11399730904016947, 0.018947202268647767, 0.42511184288257997, 0.6138811706072441, 0.7611447515419915, 0.1355611742482271
0.2325332679539922, 0.7102948502217313, 0.5210238062313144, 0.3499563769807629, 0.9134368259126326, 0.02362881040245224, 0.7557731940970899, 0.4200115074506281, 0.9677914168288498, 0.9906483362589609, 0.20317956505467916, 0.1728532756308584, 0.5095014373485159, 0.4741407834686946, 0.1779209434107235, 0.35929941850879943, 0.43830473690791383, 0.6082831415939786, 0.09734667192796242
0.5005093176502562, 0.7115856997184842, 0.30885139178763843, 0.9072814486657717, 0.8029779684885249, 0.04190156047031257, 0.8641241075598814, 0.19390194640906955, 0.9208178829331894, 0.7508941681212961, 0.2255078330595257, 0.12871827964933202, 0.767424933919685, 0.17670491034243763, 0.9351076479598882, 0.5662544026049108, 0.41534271420893165, 0.4933953653143348, 0.5981307531635588
0.16366033056874563, 0.6752846244111108, 0.6145437207860013, 0.17898847630492198, 0.7103962562416803, 0.4595009434247911, 0.5780306339437382, 0.565156344227788, 0.5242611604396622, 0.4666710756829544, 0.08796532296206361, 0.5387550152040204, 0.4437796821749348, 0.08380936455869825, 0.3003022871019202, 0.19558343096114061, 0.3739715333234158, 0.4960397349643205, 0.8761501894595344
0.18415477956284076, 0.8779032348576218, 0.0022819917233869447, 0.13189723088971994, 0.5188706332136915, 0.730220221672031, 0.832286439556452, 0.04206295092862178, 0.5343761012081181, 0.4787381625758014, 0.5727120072951244, 0.8628073160511286, 0.41688009690743455, 0.42813264737842593, 0.6149128732820243, 0.768014491851033, 0.227819922613418, 0.5129848440374618, 0.010424309368518236
0.6903981882998549, 0.4618911725394469, 0.9306244450466373, 0.7564408198803414, 0.3792211916165906, 0.1299921562173758, 0.7478723098522302, 0.7948990168141061, 0.9459690823242292, 0.5112636053670407, 0.32762342882116724, 0.5145957910958989, 0.5700096865145848, 0.9892109888857803, 0.44180661085346495, 0.5998999693701738, 0.5786456020661431, 0.6567320554030627, 0.6106656767027121
0.22293812222778098, 0.27902885376925735, 0.35381143491494194, 0.6841034577783165, 0.7013884833748218, 0.40406872931522686, 0.04856028038865223, 0.6329109834285319, 0.6297689094086495, 0.6782942249203108, 0.5232723291796645, 0.5563105554779297, 0.12721785038940814, 0.5089859085354345, 0.2492095992391843, 0.48601287386280445, 0.13958217884259894, 0.3509241582344025, 0.003530546980596627
0.20175499318733903, 0.500440577274295, 0.23961368150805784, 0.597384282411891, 0.7220833625627059, 0.8578259458459438, 0.6390213313858755, 0.4331290244108038, 0.10726705562815819, 0.7616416139075309, 0.25148252575338714, 0.7979713189030638, 0.526913057096531, 0.99180648781143, 0.1801000495975641, 0.9901529086845722, 0.9875545599345704, 0.7601692592936872, 0.7950557397131235
0.1966964457354976, 0.9555281788466555, 0.3163214315467129, 0.8897736408302717, 0.8595958671732326, 0.5757546004619433, 0.8795288890459615, 0.4459205619289165, 0.29527750279512077, 0.4235176882063485, 0.15048339315096548, 0.924232212996339, 0.016460562415341884, 0.9550216816034865, 0.5339068210640481, 0.7106750671620118, 0.5330787305878759, 0.3222851514197139, 0.20628994838159964
0.8840754930834569, 0.9799184675852961, 0.6386095012654438, 0.40973471098504055, 0.6504243936551717, 0.17154350762282533, 0.7525911537219511, 0.7495201514802441, 0.5160626127231726, 0.6587204510358232, 0.1200763025608127, 0.36404312747987366, 0.14927492949217958, 0.5544584973510385, 0.868187117458831, 0.07032225617106935, 0.15209250611239478, 0.1699736164616975, 0.27415481775100936
0.8504513846226381, 0.571651363856514, 0.3213185096721771, 0.05218744946350651, 0.36650269196325047, 0.5016699612167622, 0.7608085276763079, 0.3579422232093118, 0.1714775285750766, 0.9604180877543154, 0.431387116115202, 0.9784240424928367, 0.9096937925632239, 0.1910641475362238, 0.1711091386018393, 0.3647013733593901, 0.6915323213999278, 0.4873340998493476, 0.24039880888838472
0.07476674186134957, 0.8586246619866852, 0.521922005081714, 0.7935296477441619, 0.29476734153683726, 0.663663047619048, 0.7056821712533513, 0.6678054547954371, 0.44824129378612454, 0.5398844609438923, 0.5828702936651047, 0.03552360073462735, 0.1260405405701165, 0.5865279128639893, 0.9795612507756715, 0.7458837597511628, 0.9450002782400391, 0.7395451448922958, 0.8882981908048725
0.24316336995439225, 0.8567301288363798, 0.547247311620574, 0.4465209725810668, 0.21910735754335686, 0.8300072454200593, 0.07887396388675949, 0.9237235010901894, 0.12711552318476593, 0.8174403969584588, 0.5133014426300185, 0.10104911127792171, 0.11508531033794489, 0.977305519475426, 0.08544822401636276, 0.451349257591554, 0.27828406235971237, 0.5801839946210788, 0.6818176608619517
0.8488508038350598, 0.8397374590340316, 0.38637916667499494, 0.09120795952452554, 0.7363832947489977, 0.38060791594320975, 0.4456524010894357, 0.9408205124134841, 0.963989836680991, 0.2699559083161165, 0.7037108029517957, 0.6387470834731948, 0.3830490867792241, 0.08120199257485561, 0.04024693609247165, 0.596685497316006, 0.7830991478620211, 0.9810550504883266, 0.23848388081333183
0.23176976093498292, 0.6671581427880795, 0.08460823947261498, 0.00997834001924025, 0.6630549094941812, 0.563878347449634, 0.8712743739314336, 0.5337399433787355, 0.9966673983446545, 0.39895743107895276, 0.1309640661421938, 0.5748542217463762, 0.38672521382061276, 0.5974341259837378, 0.0907469996406517, 0.38491734903903607, 0.28393993307257137, 0.5780143475506697, 0.0872583661218661
0.9691585152173695, 0.36981626751269214, 0.5062083576271634, 0.6391950870635897, 0.8750722124200834, 0.1809507675697738, 0.7974181664366203, 0.5186420933970165, 0.7992465340666223, 0.43406854423842034, 0.7588443037566001, 0.7218705450864052, 0.9971147615107882, 0.18108742862294935, 0.023047720688731843, 0.7935001201556097, 0.5471214766920227, 0.5896399840272863, 0.6253282414563682
0.3538592538969608, 0.13264929658529923, 0.2904107355751858, 0.5555294016183571, 0.8432857003681729, 0.6485441020873964, 0.5787044787985725, 0.2802898394211928, 0.08871502588422464, 0.5484546734909576, 0.8681251934332814, 0.0527897286677399, 0.6967808968338289, 0.24124872782389017, 0.875654635432331, 0.9838770182614979, 0.5625524034392347, 0.13687951539929044, 0.7212317756068307
0.20554203702379747, 0.7954641326469938, 0.6799486924111222, 0.2628764353599884, 0.9923175483930022, 0.1498305929344651, 0.0040232053165645265, 0.8603316786439229, 0.7584734836396354, 0.06658228791040266, 0.34672612932628566, 0.5230303446126495, 0.9003471465143873, 0.16161042743277165, 0.18076421528705433, 0.48940647334765797, 0.024626770661448916, 0.08107053902069783, 0.4772488191638762
0.6055393883946949, 0.45596797241684706, 0.3753227814452914, 0.323564522903511, 0.4093828480705798, 0.7870012811822933, 0.7092033530641159, 0.8625722280029583, 0.5699792303576486, 0.8904022263557769, 0.6860897274285245, 0.19548024692320543, 0.9719234641371614, 0.5250939145405423, 0.6071978064453268, 0.5064421592121476, 0.02745167754674982, 0.369021253023592, 0.5318851161736875
0.1953193671009561, 0.23503995006054557, 0.16546317816148526, 0.9828821615880534, 0.6224478634487125, 0.9328510540779392, 0.476707639999401, 0.5775272611930635, 0.9118694362590647, 0.5966127471987988, 0.3269737552512558, 0.27962220912014635, 0.6865234973088392, 0.5259040589765513, 0.16741168788914185, 0.4663439504585687, 0.1749423375080943, 0.1543185112853971, 0.1461353290168047
0.6002002034965074, 0.44463619688081935, 0.3049231551884656, 0.3790125894071942, 0.7883101171135247, 0.7733346847862581, 0.38116652623838354, 0.271259198630176, 0.23813884192248047, 0.5365603935043355, 0.34587510806198385, 0.5908717084747986, 0.6957012119903024, 0.7087311132072022, 0.5260159891096332, 0.06934861407869464, 0.6370835662020801, 0.4575279835590267, 0.47236817775196516
0.7975882059369838, 0.3802302713142999, 0.42840562200395427, 0.9317142390484521, 0.9530602307164683, 0.19568742325639688, 0.46525865051162685, 0.11310547631933665, 0.17278036858227108, 0.7193117292682434, 0.3782732894407964, 0.5878248415204756, 0.10986595703127533, 0.25436171460795776, 0.6544619351086242, 0.8673818957344014, 0.3121767144050629, 0.775649550095372, 0.8460375394923748
0.6618326847223149, 0.10747474602210216, 0.736813876199225, 0.6943900812836644, 0.5934578847448437, 0.9835611805460261, 0.9642510802802465, 0.9549142048465016, 0.657689281175911, 0.21915117923004113, 0.12931375652170118, 0.891354719609328, 0.5088305485335906, 0.682437172053403, 0.2767967272941113, 0.6378934894234535, 0.5883653875734584, 0.3562379840440707, 0.2210436536656507
0.4815693262932583, 0.17437166603778187, 0.9574508754964356, 0.0620434861717204, 0.5893081718549694, 0.567546064468427, 0.6265359444413269, 0.837121376100077, 0.36637488916341765, 0.37784819579157003, 0.479514718167908, 0.38904958170758375, 0.8036980157039844, 0.5173716968329205, 0.5236967581854862, 0.8237426055437428, 0.6517277966958007, 0.9354659349465486, 0.8767037499525713
0.3437888991553665, 0.8680867467192576, 0.13378930736344508, 0.10199996869144201, 0.04937010311718004, 0.007885678338628077, 0.1875106560080987, 0.3879276988556414, 0.753590833301433, 0.3542712969422839, 0.5812827896044147, 0.6548258407909635, 0.11004067638138604, 0.32574430129396637, 0.8781450450492806, 0.4341048794861643, 0.026364653597605425, 0.5709794117970968, 0.6940445406756494
0.19197015477512136, 0.0525872453632692, 0.06895512937829607, 0.14412937865609576, 0.10261529295533456, 0.20287893059350381, 0.8337632996112171, 0.8721399440087818, 0.24863810050656932, 0.36929170547593193, 0.5046722089403013, 0.8043533702542031, 0.7157768646047213, 0.6000931255835361, 0.6689504448446537, 0.47314009472388907, 0.7121863399947963, 0.7248466557375535, 0.7793580219169057
0.9716529363624024, 0.354783394378835, 0.8883500248735717, 0.6536289758056936, 0.04037747974463446, 0.42800086153769457, 0.6272153222712129, 0.9082594013841582, 0.9759953156956012, 0.5343519033541166, 0.36116200957267897, 0.7150992898409243, 0.025370268976262378, 0.8073411483555308, 0.32311583961649337, 0.6843414393171774, 0.7933963915439101, 0.4995867560730901, 0.18217251199505635
0.1374253748367169, 0.2829854214355524, 0.5810485740734305, 0.6843955400076608, 0.7121405053576437, 0.8102016376824265, 0.8315697679640066, 0.869963611425857, 0.37210033956988564, 0.6642919048796696, 0.04342226697043683, 0.574418035919202, 0.6824054933125511, 0.8556122804338122, 0.11688786660224659, 0.8702970435614835, 0.44639958028755566, 0.8301944047360703, 0.6888875512053549
0.9654765742287982, 0.7894909766119609, 0.18183777047773775, 0.34871095269082275, 0.5373463916018738, 0.308786337196021, 0.20521987466436564, 0.43100365013528263, 0.06931063397328352, 0.8451047569048058, 0.504265233526626, 0.5888053434860495, 0.5062593486792565, 0.6530575501205231, 0.4350172539445859, 0.4426276488021941, 0.9325575824841005, 0.42211549680814897, 0.40517805241190596
0.9335977662799935, 0.48439254518499275, 0.045692825375691304, 0.4143316816261565, 0.23682532300662174, 0.3170025710969203, 0.0344421116901692, 0.5855523244230152, 0.1509155933252505, 0.6695917577603124, 0.9733090405861322, 0.9300839879134758, 0.39747532108275574, 0.0956597613789063, 0.27543848799904425, 0.7341511155283834, 0.39503876750336253, 0.7361147611509222, 0.20898798303668553
0.6199817408753155, 0.5487647913868392, 0.7444639126507694, 0.9195670704229905, 0.8426705339027362, 0.0067628712756002685, 0.9242250251533335, 0.17521908555333265, 0.7392674355155353, 0.8709726856254747, 0.59471019212238, 0.3996085935893883, 0.6134851876386048, 0.24613166505484252, 0.27577568508239714, 0.8719994329119922, 0.4559318549702531, 0.13349660819571174, 0.2297348525747498
0.9438079870541606, 0.7584734294972346, 0.8450135150507578, 0.4473284850501711, 0.732737465095206, 0.27004783338299576, 0.051786786104950466, 0.3098187621197065, 0.6142996979302815, 0.14307628717468857, 0.7780831559008365, 0.7554392959049437, 0.9171505590485872, 0.7751398999254462, 0.3785582465741326, 0.7552493015817189, 0.7462234218114848, 0.14914216067095487, 0.995869474309338
0.7714899876547983, 0.04262837408740994, 0.3288875290529203, 0.6716443899192251, 0.8047289320553941, 0.09213553636796112, 0.7466699580864444, 0.34432522844362523, 0.8901258532806092, 0.8989618692873743, 0.3563900431204663, 0.1458104755463191, 0.2708281051663829, 0.6789017790007118, 0.19604274262846177, 0.20960248759842193, 0.4185503398926601, 0.6269149585326119, 0.6969825873214679
0.8234194265553558, 0.815396973270249, 0.9065815259870263, 0.24966726233981706, 0.24754079035195886, 0.9780490695157865, 0.18489958474207602, 0.37942521540547713, 0.7128355293077164, 0.9497010681507502, 0.22573360781370122, 0.11663264347618363, 0.6313121170681345, 0.5993968926655605, 0.6161001146020652, 0.8316405660348408, 0.5689104850453266, 0.3849133377281251, 0.9987521111491772
0.636294033732246, 0.7820692875076213, 0.31238083437890785, 0.8610403202070388, 0.6230228329953985, 0.7563619236616332, 0.6590525884880873, 0.04709531459078564, 0.9596610128147912, 0.9075372343796277, 0.959405308358879, 0.7450514080896553, 0.5606654602283305, 0.9018189103924681, 0.07731876482861655, 0.007652201351539323, 0.6542335491335884, 0.9284911810338491, 0.0640001834795062
0.02668230598404664, 0.8162890646644578, 0.718841041726733, 0.9655420973649529, 0.9636591580900884, 0.520585876971277, 0.2212998266556362, 0.7696211611710059, 0.3642999983432966, 0.2839469960674358, 0.9943991674719013, 0.03405498742903368, 0.5383495587099918, 0.1412163976594466, 0.8523844939975908, 0.08950663267769943, 0.8352849565702858, 0.6209697636307752, 0.8995892735409977
0.4732086814758468, 0.36093497692980003, 0.07878577620933602, 0.8609793536301599, 0.8715076014080233, 0.8913826662983657, 0.06231855804394126, 0.3818371858982571, 0.7364365049443959, 0.9010289378831311, 0.4237705843760039, 0.1251116304010188, 0.30506321335089104, 0.48403477730713185, 0.21395470159113972, 0.03163761855430913, 0.13412210536485925, 0.22143802728739548, 0.6326834651487556
0.7313776897423515, 0.516477479122482, 0.48463548672434875, 0.7848165029264352, 0.5359506212937394, 0.8680783386902583, 0.31224400542485364, 0.6556801485500311, 0.4980217501427301, 0.3539896920684312, 0.4858708699142582, 0.018812225634278867, 0.1833310744315021, 0.7660580478831186, 0.5722667928416582, 0.2540635386467205, 0.2250883082403502, 0.17872827346810038, 0.6785108157750016
0.5319260939150028, 0.6331130694775674, 0.2710020931552367, 0.8625660502167617, 0.26602461332161775, 0.4637997821743127, 0.10353237906171042, 0.7662986649994329, 0.44567693979736045, 0.8797969709550564, 0.22884768362008878, 0.26450983718523124, 0.994700547860348, 0.4609798639828603, 0.2559486411893409, 0.963158534318217, 0.6946034673905627, 0.9365451392355791, 0.01803337992511722
0.8885321871736416, 0.12483213990682529, 0.6921317504373569, 0.3259870832209494, 0.37950169717421767, 0.9704396181422212, 0.6117476667973939, 0.6583259544086715, 0.8715180336634455, 0.07288484724197575, 0.33925989887848584, 0.006336215227914721, 0.8665352886243397, 0.5446392817057295, 0.316291766731976, 0.4102612316862433, 0.3730164021351319, 0.8728741529971893, 0.10093454831115478
0.6627624973749326, 0.5470202005961214, 0.8045518487206972, 0.6770317041220429, 0.16224266182056302, 0.7303543745158938, 0.24739461259052176, 0.8938296384730055, 0.5861500481231945, 0.7091151951632003, 0.6779847973815175, 0.2657148637465042, 0.7001890702303322, 0.029831712130246824, 0.5915808225045047, 0.5291321467528012, 0.0034464881937700254, 0.14190992600317143, 0.1890354715922552
0.09689685848626961, 0.3114385208043463, 0.9897987749094085, 0.3700318953883375, 0.8602735936952112, 0.3904118219538667, 0.04346795479032184, 0.4167251192867901, 0.659247197872552, 0.04275762025143948, 0.2764407633035114, 0.002224564532160689, 0.6934951549116389, 0.6982814103280033, 0.5847182077222707, 0.1724186640794152, 0.6140081114500178, 0.5518335440926342, 0.13258190392199543
0.6226357881322059, 0.5194618280186364, 0.7461592900283331, 0.9919811145737626, 0.12722115422594305, 0.2180765007865525, 0.007407628233874197, 0.7025268032762604, 0.2551587187511887, 0.9695907249565132, 0.10135775090658972, 0.28059860732799036, 0.1905680904458743, 0.058008240540718736, 0.2702627053701452, 0.4703821625018092, 0.8117770467083538, 0.5165845349700932, 0.7852282731178283
0.07716987357810234, 0.3761551500264556, 0.47440014765530425, 0.07239629942625969, 0.4077168273794717, 0.9649911288347572, 0.6961539881000636, 0.21357224860821056, 0.27923615024091075, 0.9690792240656739, 0.09924568324410254, 0.1015628756817526, 0.2329358974446697, 0.28472623492394067, 0.05005365516584037, 0.9797262876991587, 0.39327286933261807, 0.7121344849162925, 0.2968459966319422
0.9776215437003722, 0.8011769513471902, 0.9496665478032336, 0.7878590112560271, 0.6698027738062909, 0.031021833299119672, 0.700983511354932, 0.4102308638892296, 0.7852868265752733, 0.7401759267930559, 0.9114115437909444, 0.5045367923908387, 0.39749189491916137, 0.8721141214151754, 0.5422222755676402, 0.8118105769117628, 0.7301336737032985, 0.11608918509839072, 0.24139996076556736
0.5535406574621335, 0.4606558180998972, 0.4441984766445046, 0.9486218042862389, 0.7279676996018319, 0.22251858182700968, 0.620583829244056, 0.8987751444067462, 0.004786009310286166, 0.24353414378299476, 0.4090772482748529, 0.572426396118546, 0.6256057209196597, 0.6736758120067775, 0.48447354340797255, 0.22976928997741608, 0.349879710571496, 0.055152528322339744, 0.28687393303235265
0.41411868264139695, 0.3551760115892312, 0.986716294005386, 0.5061280715794357, 0.979238522109501, 0.047195272000175814, 0.19392659296825554, 0.07758881457443667, 0.5982664131454891, 0.5252217539047074, 0.4547599324189501, 0.7287492412575535, 0.3605216759161166, 0.3707790826891372, 0.8503964551498516, 0.6289067191434405, 0.5082198662261841, 0.15671521042058023, 0.7407642904762146
0.28400190382250146, 0.26785666660928786, 0.1762132811716658, 0.4986216402875099, 0.33982237062524845, 0.5854747030312804, 0.46864942115222985, 0.7078209724578508, 0.4693613737612824, 0.5758855393900717, 0.9276344200293514, 0.6222336656760074, 0.6398770562978001, 0.6219443098294418, 0.9604786281772879, 0.60283849938534, 0.9354301768483695, 0.5899939522603183, 0.659916130404465
0.4679947720188923, 0.6512393186286877, 0.4883143696803868, 0.9725669157061881, 0.21677501474321326, 0.9288400231117714, 0.07180344033318597, 0.8525110471473978, 0.12230416286487533, 0.17535435458008886, 0.5024680694099629, 0.032095800897845694, 0.023368647724340663, 0.04033450323752985, 0.10259728719984429, 0.688318212580923, 0.40628776101446895, 0.7984748950999921, 0.45761431803095454
0.27045245790124306, 0.6375659659850128, 0.447569674813067, 0.7820109549003081, 0.9959587413016787, 0.44867817629382545, 0.34314826927315323, 0.754091211354029, 0.1826907233825047, 0.8951516145334409, 0.8738964940054984, 0.9271196876163947, 0.9602811815268847, 0.4127403663729682, 0.35859177181368385, 0.360087733840191, 0.16864475702252335, 0.8886209807215335, 0.8978140380235492
0.4246933708874059, 0.25423015692479134, 0.28201952000996766, 0.040700251658912, 0.7334006368464364, 0.26803933007540925, 0.3918016639221552, 0.685780050758537, 0.38335382037716115, 0.9548519702576544, 0.9460209350959385, 0.9086346478115259, 0.005107063341486806, 0.1915820583198392, 0.6369393447326549, 0.6192584413191453, 0.37157235211840667, 0.7086597077059181, 0.2368234755613864
0.8599414034287514, 0.3479021920109724, 0.9034777671397388, 0.478973004409062, 0.15688453866117125, 0.9631606738518732, 0.7652645480865446, 0.43382071104582753, 0.28057707565345347, 0.16279398323477856, 0.6616434806671725, 0.3449997637400606, 0.893045927774746, 0.35905303432786395, 0.08136785454943463, 0.2058569350404138, 0.8111703189054045, 0.438299738680626, 0.44891648344627
0.2176910024477845, 0.41954311838784586, 0.12636377107669672, 0.7817796596004017, 0.31277705067534056, 0.3365888558160871, 0.4383016926585388, 0.5541478446370721, 0.19116475185754456, 0.3248400878617833, 0.525712632050783, 0.18142521441750892, 0.43671197264886197, 0.3931807647978056, 0.33160838610056576, 0.595650879669343, 0.18042156712290458, 0.3657221413137486, 0.18000193744510873
0.6054027490404205, 0.9496950594886383, 0.1208288182484557, 0.5703640213225198, 0.4929299586283168, 0.5061155171280353, 0.47172445736072455, 0.8639444622726321, 0.41511399355243783, 0.12360854042750946, 0.8973316581673212, 0.31593182464001646, 0.9239948602468517, 0.6905881897819686, 0.7614304867378464, 0.15728579728986325, 0.14468612431687167, 0.41306108191125124, 0.5368715821356722
0.5693568038987954, 0.5908233766190406, 0.8241382101898233, 0.24128826207351128, 0.03218946600273731, 0.256184893949404, 0.8228551736724772, 0.6551601820527079, 0.7788203919076558, 0.9216629291620163, 0.11218182970088797, 0.36816315530379695, 0.42366143209340956, 0.6877353478915852, 0.0037173774729577502, 0.005284400111613685, 0.585299267151376, 0.1964862603245252, 0.4633687012474045
0.48086940810938006, 0.7188689429515397, 0.4956947247323632, 0.1604381994498345, 0.6487689816354211, 0.2835201573130085, 0.5198127444114066, 0.7996716780683882, 0.21344442742453218, 0.12793171424481742, 0.9108304820041662, 0.7075603626211375, 0.3008052865373465, 0.6580757048545024, 0.5370913804807179, 0.9643204348940483, 0.3448552217098656, 0.06075528595347324, 0.45884473086845856
0.3775058240967516, 0.2388460316897223, 0.707294886968163, 0.8748019994062379, 0.6065526038422228, 0.8588564831647797, 0.529950652314801, 0.07689369706103566, 0.903525793097685, 0.6481145872406324, 0.32737415329091624, 0.3204862506651224, 0.9941311553554426, 0.5520969640703332, 0.6856911551597129, 0.8289941720211694, 0.4133709180007714, 0.8302398363516129, 0.07336120468139928
0.19287802631398232, 0.7098678945950392, 0.47594426834061276, 0.05927191640884355, 0.5419747645315333, 0.6485938337506684, 0.9069763015714171, 0.3627286859146269, 0.8490000330161686, 0.11893671199276412, 0.8603634106298076, 0.9258564282898717, 0.6348520457829948, 0.2819422097458467, 0.014993173101660151, 0.7000274338185135, 0.44051975391699905, 0.7182865844169043, 0.9010886707314977
0.4981943066086746, 0.035751097208706395, 0.7010937022817779, 0.4074430126409151, 0.8183357275847626, 0.9081294483798509, 0.22129117525269015, 0.9887806066520233, 0.8907160713305109, 0.8025620763302123, 0.4159380079806869, 0.8277607885852746, 0.7057325946857542, 0.7453422304779751, 0.6257139793002052, 0.00690874486977433, 0.4562789764100974, 0.6684040173994602, 0.601591770810847
0.6400946190244182, 0.4713267846376572, 0.78262497855252, 0.0773833501078307, 0.022322467545591973, 0.9844333975019071, 0.6956342625951698, 0.7913629302602307, 0.18155986228192733, 0.16789518589757324, 0.618397275208366, 0.9273937507161426, 0.20763473846819724, 0.17335427763955746, 0.4161314999866629, 0.8767704183852906, 0.02702349944033544, 0.06405002703904128, 0.04009187953200022
0.5054586872937951, 0.11497115893244603, 0.5482349376846529, 0.33327394829422996, 0.8507889540001821, 0.7232864664751977, 0.7898499676705403, 0.10947502835474232, 0.7844298339826278, 0.6456980576890204, 0.8114438081990457, 0.911787878468735, 0.8023368426787796, 0.5902252631544647, 0.34329298603045333, 0.47148029430642735, 0.8841261455491017, 0.37417262572667676, 0.15628149155961835
0.3788888872419194, 0.649737195984351, 0.39289708908494314, 0.2345780888419725, 0.8203004251214372, 0.5587807654085762, 0.6300336823189436, 0.08479951215996562, 0.9497107405195864, 0.7246209717244724, 0.249157058088478, 0.7725673126993591, 0.5045347552270523, 0.5747357218114215, 0.8882705503932722, 0.0940060438390663, 0.5487060285217688, 0.7970745992708946, 0.03488314411357585
0.9745543403780544, 0.7072383907224042, 0.7305860095290002, 0.24523766965485072, 0.7372760223434506, 0.4475915847628884, 0.0006220738013623661, 0.9602847390164407, 0.1467153239708886, 0.1406330945624048, 0.6044555468213011, 0.249602731514181, 0.669589662079564, 0.30083907775736807, 0.978469318062885, 0.45577745246628876, 0.6614954173495157, 0.9818922811422948, 0.15105585220812312
0.10834934487650616, 0.43340211316292476, 0.5852446833340702, 0.9644568013392969, 0.8553823047342997, 0.7268475777770622, 0.5568780601329558, 0.6169924510412209, 0.015118359134851711, 0.8931573444067936, 0.903440235224997, 0.8727903589661848, 0.6461430356162537, 0.29090038399311513, 0.5803039878817089, 0.5210856641587802, 0.14589924517907782, 0.1294907005298096, 0.64423669662521
0.8508942962619014, 0.3615006544636472, 0.7222750273667786, 0.3105957870574322, 0.7903323708418767, 0.4533330227593053, 0.16338428071459998, 0.15890838315482236, 0.5494019628826071, 0.2084400134444826, 0.47875192312786874, 0.34395365677090417, 0.9394470410368605, 0.37175078619174085, 0.5790910591682232, 0.8961128580353801, 0.9605239029626215, 0.5325213686486979, 0.8657431845353392
0.7388324421956451, 0.6631776675904724, 0.49532604078633047, 0.8108860403593284, 0.46486576183025585, 0.08600973338506657, 0.9475774272306593, 0.8084545295397756, 0.26017278114417475, 0.7922958307853837, 0.6822008787340255, 0.20481695450334092, 0.9079494774451551, 0.38424175958409057, 0.6809388909145567, 0.9663113237316453, 0.4335174036577665, 0.47676282660678937, 0.9697879839780625
0.8202569396677881, 0.04912345986265565, 0.0839881603493926, 0.8605802009934415, 0.851447005492356, 0.42640917156289027, 0.7086777364866641, 0.5645669539434581, 0.985971808094081, 0.7473487891012255, 0.6373048656120878, 0.7695720905265819, 0.9993705557690253, 0.9211735069354453, 0.5655285322371552, 0.6757260419272184, 0.5995088790600986, 0.314416528650725, 0.7435832056762146
0.8973854856959119, 0.39673088854904426, 0.09976285330806012, 0.06911524387537249, 0.42143791548859943, 0.9339584008012929, 0.9687991675108607, 0.988946189268158, 0.8869540347824595, 0.5437663250327481, 0.3601688650078654, 0.6478330908549302, 0.10899634310354178, 0.688910305757599, 0.697588926069278, 0.13403480767991038, 0.14938670775255014, 0.22933195438609477, 0.6699710475402326
0.7154562000923236, 0.8339701961872492, 0.46574761890488403, 0.041549801380500906, 0.47048578990998147, 0.7834840748379643, 0.795460776299937, 0.6068423958628261, 0.9576050314471198, 0.8948914504887907, 0.947317651445872, 0.046791006190803563, 0.42858261686050025, 0.9855848663155109, 0.47851204455095053, 0.9082346921492245, 0.3908568318908907, 0.9984510237433937, 0.5355234887631762
0.0337426233089162, 0.35461506106246865, 0.2975642676516881, 0.4899661401500778, 0.8019972150664749, 0.4764713069733596, 0.5601368131887816, 0.8453982237929538, 0.92431563054152, 0.7380939655829922, 0.08116379467068435, 0.6988743196691797, 0.9183975219513906, 0.6008632576272167, 0.5231439417984862, 0.4367614046271502, 0.4581101324573752, 0.5848420070554505, 0.9718695416547328
0.9849904791401671, 0.9737459403204969, 0.9388325618697415, 0.7488260648427005, 0.6208215172555281, 0.7157500040398989, 0.9620131838173455, 0.9275131428609897, 0.10947638563854079, 0.4745479247677834, 0.801241305952212, 0.9286064973025782, 0.2981541656539759, 0.5559011321094014, 0.9534690156507237, 0.896524180773477, 0.6938132829126582, 0.980025134607211, 0.5769342399078916
0.3913745099556082, 0.13071493421274127, 0.4887524041419663, 0.8939410022286594, 0.8966849975311235, 0.9323738794190821, 0.13111912988754548, 0.1518976722243317, 0.3288847208550094, 0.6524034045679162, 0.5066011434313167, 0.3686848908307191, 0.05548975267628464, 0.6814486125484206, 0.6684819153361891, 0.3014285472489868, 0.7235237170001745, 0.16692061305985229, 0.6275195106003318
0.7578430667036062, 0.7547986277961907, 0.8992061607016577, 0.931519119086025, 0.891925613619824, 0.19011001166135655, 0.5886500338625646, 0.2450723953470022, 0.2284698609027972, 0.628629626033877, 0.5710663941224208, 0.5476581859578714, 0.10262291761740983, 0.2392387344062018, 0.15110034927136606, 0.08517172191683187, 0.6542720502175452, 0.792659071529886, 0.5466593438623302
0.0541220248440365, 0.6349854685217257, 0.40917697345712944, 0.31660584350200827, 0.7576326342177945, 0.6922733197715734, 0.19589985916373187, 0.6184974837068024, 0.6233122923266358, 0.7601774159034075, 0.5890393290063076, 0.8204342119664775, 0.01676538928222182, 0.2568105616629073, 0.1059935047347964, 0.06837231830081525, 0.7330972066187871, 0.8263435255619017, 0.1849151732849984
0.40438877482192614, 0.4959730147132826, 0.5597178901428964, 0.6832659149728375, 0.03649194268793943, 0.9091789899860442, 0.7890979782244185, 0.5162305782906068, 0.6745008437437174, 0.6606477329515958, 0.7502825610725675, 0.9431017348254295, 0.39926865439379955, 0.8625493522537014, 0.6498071198105289, 0.5645300455520277, 0.8534180861348687, 0.6582828152683131, 0.873633571820751
0.42483995510540196, 0.5265378972979194, 0.8814270282432555, 0.8269344181001513, 0.5918877003011824, 0.15043523076379428, 0.7632794401630851, 0.3732469213538261, 0.6801942475528329, 0.49504217394677485, 0.2172312069723732, 0.5910773017173043, 0.8636007632192337, 0.4639796480222115, 0.9018921788358645, 0.8212331092570393, 0.6084650490467863, 0.8381719057052269, 0.6717201276667784
0.2282996750317411, 0.476926701553146, 0.29185064030716235, 0.735986451391111, 0.027457889590575157, 0.8334479372798305, 0.5973479172742805, 0.47572188038543817, 0.5424279757076406, 0.8852486085051341, 0.8628039265920812, 0.4009895239833702, 0.06033316878229067, 0.7885675074849176, 0.9552609692819103, 0.03780513778046357, 0.4537392650086204, 0.1403716888863934, 0.9191667968157526
0.02658280345486419, 0.7664008164390619, 0.826016558061618, 0.9985423268452173, 0.38489703625923, 0.20074503072348138, 0.7504034620577847, 0.6821943200415835, 0.57023449783689, 0.3303862056015733, 0.9753958482387322, 0.5082791993143451, 0.8494080325598936, 0.2662762733008144, 0.6259228475192988, 0.2937710068805387, 0.7299108453138289, 0.27267873487161765, 0.2637410955355959
0.9548899279837928, 0.3295102190295476, 0.7527663674447767, 0.6774403168977676, 0.8468731016775133, 0.10455769899613543, 0.7123129578484234, 0.001784359256235768, 0.027329193293224252, 0.23397625993507531, 0.7476226558441741, 0.9254949163688071, 0.43774073514746936, 0.18766109760735017, 0.4711029649537387, 0.44905315724539774, 0.4166639354876642, 0.34971800473416237, 0.5170583687248986
0.7386866867611434, 0.9126905554317594, 0.5326803837498426, 0.7142990207987912, 0.9157908200840814, 0.5926409235267962, 0.2272969235682878, 0.9957333828219924, 0.49296000546745866, 0.6145247303078938, 0.7314644013517646, 0.3078720329493604, 0.7936066159924007, 0.2854578637149322, 0.4333668952613614, 0.9121986933078354, 0.8454671958929534, 0.03266587421508449, 0.7358715800813952
0.7209090085933397, 0.3363122019278183, 0.9711706095634779, 0.22619095243760612, 0.6394225737521922, 0.6909007306547802, 0.06540872640330975, 0.8804963301034123, 0.31654761846719304, 0.01964420811201728, 0.021858626551750193, 0.6475078844703128, 0.3150250609668661, 0.45675202080152333, 0.5768372157784895, 0.8593885090047866, 0.6090717262113403, 0.9826585975195057, 0.7784290887975773
0.38256814596907973, 0.27508742977881406, 0.795019603130809, 0.08771270491690997, 0.9802653317292309, 0.1933984435459296, 0.8217767293417632, 0.3243451508158183, 0.39082764202556597, 0.6130877742197719, 0.8378918542197554, 0.479166009127042, 0.27040231421253247, 0.26227252197927264, 0.2648469373244251, 0.1169693318722902, 0.8757031517884086, 0.01922078359958801, 0.66760945669945
1.8764365864e-07,0.00482091007917,0.765297830799
3.09665323953e-07,0.00544594178097,0.641181255823
3.86215069974e-07,0.0101307121091,0.985131661241
8.59102549415e-07,0.0237264167195,1.07060980716
8.13909194177e-07,0.0363954955715,1.37063892059
3.37690303277e-05,0.0797604903342,1.34789492904
4.14135502907e-05,0.153161260429,1.98220515337
0.000136338929834,0.344792607941,2.08142332709
0.00151091229898,0.709934091605,2.16508477093
0.00489385637118,1.26622410213,2.40277499979
