$x1,$x2,$x3,$x4,$x5,$x6,$x7,$x8,$x9,$x10,$x11,$x12,$x13,$x14,$x15,$x16,$x17,>>f1,>>f2,>>f3,>>f4,>>f5,>>f6,>>f7,>>f8
0.8311874528847842, 0.8835616799342544, 0.35355895119377756, 0.2988603879476188, 0.5330227880149189, 0.6303657973330268, 0.899465083945915, 0.31047587602262805, 0.19927885926195554, 0.9357777213252624, 0.7946657176060907, 0.29449967062850346, 0.9608799976849757, 0.21487260286566878, 0.8587678121704758, 0.0634767037210644, 0.15141362879881037
0.99708116725645, 0.7040465905821679, 0.8892134424435454, 0.8739450379892718, 0.275515579896626, 0.7280596371894402, 0.6639468213794553, 0.961284964493799, 0.723491807762981, 0.3966865227387093, 0.6308983398716407, 0.5596560626590917, 0.9826742915882835, 0.7372429073842204, 0.25997218870233985, 0.6185274440936605, 0.5778558788893577
0.5180716106655358, 0.29895727995280275, 0.2253550059467403, 0.10159020273452823, 0.705269677397356, 0.9286491883958147, 0.5333321637498706, 0.46421628012951877, 0.09211101067344374, 0.5678169120022931, 0.3340604145050968, 0.15099574723161946, 0.20971658687248773, 0.8546521716108608, 0.18668837620540513, 0.6895014338389887, 0.919899007509678
0.39579816697823345, 0.7737893388688558, 0.0503948103459515, 0.5200393903796778, 0.5019661525006466, 0.5776087034630472, 0.4676228885171215, 0.8367535198881032, 0.83119173921689, 0.5256644417806747, 0.35491326069124607, 0.7942666883603363, 0.28285808797263845, 0.9364936666810852, 0.9712124979163247, 0.8837177481486373, 0.8304059305536418
0.3005694965918626, 0.11524875423136605, 0.641520886066846, 0.2336714927171195, 0.7260485009387647, 0.3314223950544103, 0.5690204049491141, 0.24590901111653962, 0.8005706115577343, 0.3341909194268443, 0.21718523687422497, 0.018712585116106406, 0.5990626535180499, 0.38514926616641487, 0.9485330528862698, 0.4428817817895683, 0.8132951268670028
0.8544556403914845, 0.6102544308441411, 0.5949216722948281, 0.5216333560454051, 0.11912237803670955, 0.41203311277094823, 0.3463991918151965, 0.7879305383297474, 0.05650968369290876, 0.2760398390397586, 0.5069936637046888, 0.5358656569547677, 0.009989417660905109, 0.16182400518345075, 0.6300925064262276, 0.3725402604816761, 0.707728526451599
0.5186237792479108, 0.612052756225464, 0.93730764420752, 0.6236437465776882, 0.39578798429165996, 0.43405480913065986, 0.3150148683298184, 0.3952117779062778, 0.8852354952528275, 0.5911720584558963, 0.4828142143178308, 0.334273967894948, 0.6829830858459797, 0.2345599139860599, 0.33836599080618235, 0.05049085256458696, 0.9124679903968522
0.2927015055040568, 0.7058280527009464, 0.8053209426919893, 0.25867035133558536, 0.24051800971525716, 0.08105901683939332, 0.9943885081287408, 0.22957360300087415, 0.2446238656408063, 0.7962578458853636, 0.12048430494712925, 0.3490525795834578, 0.32136293508488334, 0.5898762744031459, 0.8599796941446665, 0.2785311266610597, 0.1800758454383493
0.5621505295918524, 0.9861244219551293, 0.6718548950163097, 0.5720961753075782, 0.3575415157699985, 0.8391205265113518, 0.6147448038741711, 0.015556292964687746, 0.0754261265985039, 0.9239103658148989, 0.3065380903495031, 0.5041608034326558, 0.379681599281973, 0.31858798889958995, 0.8317723911616202, 0.7066400646968661, 0.7836502902279245
0.36623576641311495, 0.7333110304507027, 0.04639700212674769, 0.397690487928822, 0.018353178769522138, 0.8055970664821542, 0.35495057400908536, 0.4889894358965732, 0.8054299768565026, 0.8181547700714248, 0.1880224443941937, 0.21088850734422127, 0.26838468804497606, 0.7095753851465819, 0.09139164532930832, 0.4260553572866107, 0.30346273074803376
0.537846970285567, 0.9874612540489921, 0.8806157030217705, 0.6653301175506503, 0.9411762994797287, 0.562161133371697, 0.20512515909518558, 0.31269914345456207, 0.6521522365296682, 0.1376154325603638, 0.5145313901633345, 0.9050824440552333, 0.11077362851935524, 0.35176321446945036, 0.4388504840671392, 0.09776955884305838, 0.7021330184866089
0.3790837317564495, 0.02544244418950603, 0.4200814795155339, 0.7693123467410227, 0.7655202494698611, 0.9276227129434328, 0.8376157893641482, 0.7536822455643649, 0.6659878147217551, 0.02215012447593301, 0.13327138153391027, 0.6622494189683549, 0.37605687195689075, 0.9224103905447968, 0.7818113766202989, 0.3429968247125341, 0.9827991455183341
0.4560853999964588, 0.4075837386926425, 0.3799789467072523, 0.3497635083011581, 0.5809605916842934, 0.40349934904957807, 0.3546463792705259, 0.10806681720704003, 0.005463464646572214, 0.6832228551712608, 0.6692283734630197, 0.19982024591248204, 0.7038431708375231, 0.7288433762044806, 0.9174229305055682, 0.3347266696485104, 0.1758445288945022
0.9540506033392732, 0.515459719886627, 0.2682813212215107, 0.9886986324069129, 0.4649568308141325, 0.5069226331631238, 0.567119704759207, 0.3021361200657632, 0.18054814773116057, 0.030078349889364975, 0.5332657845141954, 0.16816518655191126, 0.6865497596805549, 0.19950975864577558, 0.9629398020274571, 0.9597689666803733, 0.2447763827885897
0.09344494023150585, 0.8038448370145301, 0.7719731108619591, 0.8511650433662239, 0.6213897050847029, 0.04642045893751112, 0.42702852682943815, 0.6374874267790205, 0.513759926383234, 0.7743860032813773, 0.519391000846727, 0.7071828954933518, 0.9231558801214066, 0.7337124623607129, 0.930775166283889, 0.7393957648495659, 0.16536293024032356
0.5506927800651238, 0.6195212721036649, 0.9113021131164408, 0.5334614787691883, 0.005300157730553479, 0.3648250388998887, 0.5080843749587317, 0.0963315192780646, 0.5383799076694037, 0.5482166057414275, 0.7553629342796994, 0.5180800700173686, 0.18140053586111726, 0.25933874155541403, 0.4239589084324332, 0.782210732247436, 0.9227947555983707
0.3063693885693203, 0.8768236433339952, 0.9953082528348111, 0.11368375861602975, 0.9620862795796591, 0.6072713331079855, 0.6147317595032794, 0.19992285883153105, 0.08643159527058653, 0.647389368975767, 0.8980326499700154, 0.21274644050465874, 0.024144373664064966, 0.8526471018189479, 0.4571061499363642, 0.9547501503829069, 0.6372505888424472
0.871681211494251, 0.9648694550220978, 0.40928436102294197, 0.6181948296982686, 0.7922829563698899, 0.4611759188568767, 0.15942035849406722, 0.4697933652263122, 0.8648854462422546, 0.07311950387460808, 0.6556118249192048, 0.7813519600235787, 0.1472452774321148, 0.8202792278157016, 0.20398499722920116, 0.35715381727498163, 0.6402572068851288
0.3537101737674915, 0.004438405017224145, 0.1869685916299475, 0.8826591945229856, 0.4246429274291498, 0.14330706075605215, 0.6549886795533664, 0.37281389272772014, 0.7392095765308111, 0.15930113227610532, 0.16030005130957803, 0.30134298639944523, 0.54875753954509, 0.6581881570398814, 0.5712229755686374, 0.4226081647720391, 0.19965872131279927
0.9004823531398576, 0.5376474827842322, 0.31072198030523634, 0.40671423451027366, 0.21982780842691185, 0.2670618117267204, 0.24384790414832413, 0.31514511251152144, 0.9079874397623411, 0.8022925128409379, 0.5941549371471635, 0.5626824148577995, 0.688274226914525, 0.6385618245066396, 0.33465397176368894, 0.157230977435045, 0.3649956681709814
0.7558789487675025, 0.852562471701369, 0.3145151038853442, 0.32769031925836845, 0.4611481823926711, 0.40481806354374206, 0.882489980569284, 0.313487621157859, 0.943211992226358, 0.6722923605980262, 0.5406110060238261, 0.6162668865178117, 0.18860582312820784, 0.4030223581469524, 0.21900170284516607, 0.4066267010523714, 0.29353022071101653
0.6775364761403972, 0.19512613787533994, 0.8330660738701494, 0.7968643898554151, 0.9534810668199791, 0.3134552357421908, 0.4773781442712661, 0.8230832194944331, 0.28259915861633944, 0.9234751087878164, 0.650316703386536, 0.7045704180009839, 0.23795027493963805, 0.7476972338575462, 0.8127146386805323, 0.25642210907934804, 0.9317344723692903
0.5675830323634903, 0.05747817854697668, 0.5490433918724201, 0.4217329339962682, 0.28457247027698374, 0.3069423417064102, 0.7559702026564799, 0.25422545915363814, 0.7940055747589222, 0.3513831233976873, 0.6147063381243314, 0.9579040451615843, 0.18424090129610537, 0.26699533433314415, 0.5640647393129672, 0.9545158726117787, 0.9572934851971704
0.9781936593750138, 0.22270420246337708, 0.2906039756946486, 0.3303372646952847, 0.00764649350272828, 0.8894851200340843, 0.8537247880339958, 0.7542658599802488, 0.45912372625572495, 0.07405549888438345, 0.04938264865525699, 0.7327066271901005, 0.19016030887033808, 0.8023117461137099, 0.4659549683365154, 0.29277870578390774, 0.12412487473161182
0.8148639230415332, 0.3077540820225796, 0.32362218321908265, 0.6419753559254158, 0.16954186287210415, 0.363938162659563, 0.961694914473963, 0.17404832860813535, 0.2536923536021082, 0.7180243557637528, 0.8235989923882524, 0.7765002703864832, 0.552932044734847, 0.5975993223997811, 0.03209573849695457, 0.945096453955525, 0.6315157027678436
0.22470063987293243, 0.12685393230516706, 0.2265549900064897, 0.12488320091468763, 0.11360570743480691, 0.03677055065590262, 0.454359099394976, 0.5972329348559017, 0.12905836205318966, 0.9762613292081146, 0.5097994734028048, 0.9296566903082779, 0.041749727012334925, 0.9913261236803984, 0.9355573639796999, 0.748889440271072, 0.38517032675552054
0.9070223264951649, 0.006878775782587665, 0.4895588418296215, 0.9876347999709695, 0.5543684192730305, 0.5751068989979891, 0.055367099416276155, 0.25275953048533883, 0.6704333809790322, 0.8299710651152592, 0.07896575949001405, 0.07600347632488746, 0.04177287509200289, 0.2120085737436338, 0.05700437404593928, 0.8959989667478583, 0.13297772977131672
0.22474169702337088, 0.3407039725654647, 0.08966663456626511, 0.2982002683430771, 0.4931200541290246, 0.8549646758828252, 0.055090432129974665, 0.5560285091048784, 0.8963417901886629, 0.6192153487982146, 0.25969317505383105, 0.31297753149428986, 0.5309921236910343, 0.6703507850304294, 0.9556361651982035, 0.5572793948318554, 0.39079013537132135
0.07856819530239567, 0.6383111538860674, 0.04434549335689497, 0.32163651816237515, 0.4954367811137719, 0.12171036746390462, 0.1308464739551306, 0.20080538189943442, 0.33754702163493167, 0.7344274540439902, 0.5479115471317334, 0.10466583400107843, 0.4868484231229727, 0.21861476290075976, 0.7917971420396569, 0.3423343748861061, 0.15373383197167068
0.3814257539131224, 0.8175509710411067, 0.4766071155471693, 0.9041128799575799, 0.6115605691031282, 0.8990211211753703, 0.9410442958278672, 0.0023125820469793723, 0.4148048194513527, 0.5806301475810577, 0.08861536039328266, 0.8277186974166808, 0.0905839738370472, 0.49621858472228364, 0.051524291924900156, 0.7719749036450585, 0.8836007020616354
0.9748316911488142, 0.30131521751474544, 0.3083668107063511, 0.12591938951321247, 0.07656877560660691, 0.3029837149799335, 0.16753948113295591, 0.5711816331500477, 0.06918522206129896, 0.05599436670634517, 0.8070705086304011, 0.15164168104058273, 0.8923742918170815, 0.38833415317782605, 0.31653556395491667, 0.0070181645566684825, 0.31097022007474806
0.46156467577719684, 0.8410528419211715, 0.5639328070974697, 0.8901178889949265, 0.10393582156783465, 0.07738391301154357, 0.2547237042049102, 0.025813182241483212, 0.13850150204340006, 0.5427965917490783, 0.518643122655265, 0.6461450338329294, 0.8082382439548113, 0.5635641007040141, 0.7684576161885163, 0.2745908929358498, 0.7904032476163864
0.9000135399408971, 0.5989894917979736, 0.16360145036454687, 0.11959444301944477, 0.0019155357822769892, 0.2539412319409755, 0.7200933510385005, 0.9115082402199445, 0.17316186282481127, 0.5164230239682297, 0.7279278700681824, 0.3907271469735881, 0.1753353582893319, 0.017896415055008164, 0.696123866669559, 0.8510145863737497, 0.5255875379544434
0.4403117797222935, 0.43045571753685674, 0.651683690860134, 0.6229502760617277, 0.8466664923550816, 0.7645180983365807, 0.4436582708992207, 0.5327611107340675, 0.8907260759513602, 0.871365603568256, 0.08968310096508703, 0.6940329550438824, 0.25403423594537367, 0.8994111182642959, 0.7065102822614685, 0.5002246662732944, 0.3986455049741191
0.3247919516643819, 0.8952552737777258, 0.8682504448956118, 0.636243074103445, 0.6207768121400945, 0.15876705971602878, 0.3733773872481311, 0.6721105218555993, 0.006798945858103367, 0.36454552483775293, 0.6913226923150086, 0.8249560677028897, 0.573488263104239, 0.4301090045438377, 0.14092303143472773, 0.49455674785319415, 0.8278224339053053
0.2893191533098657, 0.7743862533781549, 0.6720405318181202, 0.8832909787262261, 0.28618725957159263, 0.6541837035290959, 0.7794596323992683, 0.26217476071857515, 0.2124562425714709, 0.058800281619100225, 0.9908491287283606, 0.2697331965716284, 0.09104478919708281, 0.08086196573359172, 0.6676297293260657, 0.33355690330290133, 0.07764407557175768
0.7891763888294042, 0.3210883705802653, 0.654744528618355, 0.12716587617627184, 0.4910998832565433, 0.26921086833514063, 0.975200010277972, 0.0021283719937442713, 0.07110884266421946, 0.5292840112072307, 0.273071861277978, 0.12525653557057614, 0.47013985078541054, 0.04801348071940015, 0.17553903489341283, 0.8560905119490249, 0.039454336058777906
0.4603357186618522, 0.23528739069756244, 0.40299727272057617, 0.6563412448312169, 0.7578199396625431, 0.007605268082371719, 0.5733932800966928, 0.5398545368780905, 0.4704418486855563, 0.5907667757387898, 0.7880777241330669, 0.028829762774549628, 0.2917524024450011, 0.20850344542879728, 0.6472774625518972, 0.06069308381159366, 0.518556808848219
0.1516466516854308, 0.33498639844905875, 0.24569714420656352, 0.0068001643758989205, 0.8700773462455815, 0.6643671475661038, 0.7564111480872355, 0.7531305553117054, 0.72208828814733, 0.4101093415065551, 0.7535271678540596, 0.4757467401205602, 0.8178408507802017, 0.7173600625918028, 0.28171308865562295, 0.5078182546083682, 0.5681851925956942
0.5881263222786334, 0.08765328197462385, 0.38506785739870064, 0.07514250265963118, 0.7754451041805223, 0.8253340853724459, 0.6852606187953056, 0.011951762146040656, 0.34215701910191343, 0.994746136514746, 0.368039761993886, 0.3577321936547645, 0.9658077507786285, 0.2824057540536613, 0.7107290359028654, 0.35080939970949176, 0.6263882679960933
0.2268295002408558, 0.573860299092827, 0.680145257015512, 0.9124847878036638, 0.8093917601883055, 0.041809596536246385, 0.15728597214708384, 0.3286204580295081, 0.018156937026167275, 0.7656245587023873, 0.07866039987035645, 0.4226769753571964, 0.031533228320850815, 0.856664499265073, 0.03045189046597785, 0.25902687289778914, 0.34304161999654004
0.12218974150009765, 0.9471459359867987, 0.913549263547259, 0.7453675554080723, 0.7924402325331892, 0.36034444556774614, 0.8812970806578263, 0.6246304681685076, 0.6157312785318003, 0.6122479700289948, 0.9256671972233192, 0.19273788718775697, 0.1317218507557152, 0.7750121562486906, 0.7173229895011306, 0.743775165261641, 0.9375447130361914
0.21277646985716547, 0.37886277725838147, 0.4681116386665114, 0.5128304593047287, 0.5437400094223364, 0.8831739724962078, 0.8800328292366326, 0.5907595775964068, 0.6810859385448035, 0.5513355601988615, 0.5807727571195695, 0.5590102908109549, 0.011355361302597178, 0.816565797470521, 0.013713792401312097, 0.6225761269804728, 0.10117928385911723
0.47155827308059395, 0.3696007907005383, 0.7750617495374988, 0.9428869331745183, 0.5643821301604169, 0.7822693235834199, 0.3227592826019512, 0.4236717202252991, 0.2690647591645764, 0.8624928892443378, 0.4890935053797384, 0.06350828915007545, 0.09456369293645017, 0.48537261320168734, 0.20582266734464738, 0.24916163509746636, 0.4329198019523489
0.37960249550542524, 0.36410249464157607, 0.8867009055108463, 0.7367967947636517, 0.45767476531256646, 0.828837044016797, 0.15048971826799473, 0.9643848851976322, 0.17688189890720674, 0.6325823305751835, 0.9933541676535912, 0.3481164655297404, 0.9389687368157642, 0.2594109386047435, 0.10169964798342157, 0.8577311634392337, 0.72291155833962
0.5895524170867965, 0.6630891931967855, 0.16690537179743548, 0.7607945865101524, 0.8544487177033997, 0.20768509734037932, 0.19577808008618058, 0.07931105262816718, 0.8773715701476354, 0.7171447256514399, 0.6420540050484712, 0.7632487753197484, 0.4579235776213739, 0.13940069755032436, 0.9682342394447521, 0.9752644152197006, 0.8534437501477796
0.36843423381859874, 0.302101990325337, 0.7896937760943145, 0.5721359863922452, 0.8730788141753008, 0.055190740042034725, 0.4568554121267441, 0.19167319473920452, 0.6552564156543786, 0.29464954952983924, 0.027445291594742738, 0.14096492312903763, 0.6925343575742102, 0.14862706576451135, 0.6099981835030214, 0.5863834328811431, 0.07653561818631582
0.4680994085450617, 0.7701471805769207, 0.6249816249472753, 0.39173226154440255, 0.4804169506923608, 0.9682465258704466, 0.08206539840903915, 0.9364660939529628, 0.40951510941926783, 0.4444297856810193, 0.07250794115105552, 0.7755382789301323, 0.7583893975431408, 0.2128993404867483, 0.37374325489857363, 0.9285658657432576, 0.16294650882589645
0.950953657132407, 0.7476751906014752, 0.927889896602943, 0.2281060339741603, 0.6921565491101209, 0.306293718888869, 0.41416640383371706, 0.80018225220604, 0.4214370349393034, 0.3585206032633893, 0.13110223936623933, 0.6117940840715007, 0.6972069953291292, 0.648086699696785, 0.05024896827207015, 0.8003900733821333, 0.6353069668470529
0.6863750002909339, 0.4629851246318759, 0.7470836814090012, 0.13042523622935542, 0.5218768375435612, 0.5145573414091229, 0.37896009446973733, 0.819456256624367, 0.8996103934901137, 0.7705750871926662, 0.7330933208382395, 0.06921607066455149, 0.8915557298916015, 0.05270381467989815, 0.6635367423412053, 0.4231125559178117, 0.9779555432655486
0.2113341532795069, 0.9290408015329736, 0.0383533754157499, 0.3094203865655202, 0.8467890749173005, 0.505277677788026, 0.6998100942179305, 0.9956801922814681, 0.015050390860751772, 0.847598906711106, 0.05492640066837262, 0.10068792155570672, 0.3460680892604304, 0.02658877199213039, 0.11872969321633253, 0.8791680104810895, 0.6219439150508977
0.5563650786292371, 0.33635435089728216, 0.5359872437240112, 0.9996706532229401, 0.631615097931353, 0.6976861465921648, 0.8074013128475448, 0.6123111959192497, 0.4328730342518581, 0.32492405821281156, 0.20595554460233212, 0.10589257586912071, 0.39909183208359766, 0.9137801364845688, 0.6505392822127825, 0.5221418362814113, 0.9204019197205956
0.5513079883327504, 0.5653085866050587, 0.958579356563789, 0.7540898818961079, 0.05311307598999415, 0.28959464944939284, 0.5510055374223721, 0.7393581848087695, 0.3433635314281842, 0.7123304847582274, 0.40608818461040297, 0.7489208028135399, 0.3104209879246568, 0.9593399590776029, 0.0681498661690344, 0.15385605490423027, 0.8588390992671295
0.5229910329704078, 0.01823888329719703, 0.3261135263335747, 0.18726990008218414, 0.4562147736196529, 0.7190677935692125, 0.9465271304406113, 0.03662005014361602, 0.36780146824286664, 0.3246772622385786, 0.0771260128430481, 0.010487541619172203, 0.7855930705064166, 0.9889209320643266, 0.5492870490652808, 0.9859341497163506, 0.6064504799296665
0.3028737343039487, 0.9137214833248136, 0.5483482562461609, 0.5580616890672061, 0.7344008486415404, 0.2772750683465235, 0.7200822515912236, 0.9437006410643732, 0.8377575820277156, 0.9934111902015725, 0.4268346884551717, 0.26811889111748266, 0.7915736539768016, 0.7012907057352348, 0.6770550621715761, 0.9986344790053324, 0.6777379639158044
0.7643079871495314, 0.11727789105412378, 0.7253207746289205, 0.093511640961076, 0.6131518726394177, 0.7594232828305503, 0.40882509414519896, 0.577232815601391, 0.15426351748497347, 0.06387662180890641, 0.20001026793851528, 0.602523490253989, 0.6814440056948483, 0.7073181819483414, 0.7486137638112891, 0.8002532852425398, 0.3898229567325354
0.33874282510740106, 0.8966114334176764, 0.7458052824311883, 0.005912042248943705, 0.05050132597409984, 0.20006660089036576, 0.9675917206756003, 0.3987476586819928, 0.5226604405122591, 0.7128149488012706, 0.6612680195937677, 0.40737124328195784, 0.10982358726280361, 0.5400364904067424, 0.3730049760679054, 0.8695444173272799, 0.44663956125931714
0.8081830788853627, 0.2158873855893263, 0.7475557916215861, 0.08939801669202574, 0.607913811491283, 0.02785071378452375, 0.8373393111549622, 0.05030621693668058, 0.13544038351516485, 0.40930506029274094, 0.9057983994994272, 0.2635656213000489, 0.6823497790295867, 0.6481560404250893, 0.9560286055077688, 0.28561193690379494, 0.13321623304858032
0.30433598958979347, 0.3469781211034031, 0.6925538536692717, 0.38290864442934913, 0.4752834435405887, 0.35413594712806573, 0.9952156719446535, 0.31598014096577787, 0.33074308446303047, 0.24149291923386873, 0.17238416771141862, 0.662859992999376, 0.5886812243889599, 0.2914501359475451, 0.29566164440766374, 0.8279910762474773, 0.9215896875023042
0.6565526596203048, 0.13564366792251847, 0.8185782280180036, 0.4656540048976032, 0.6797941778501785, 0.9962551948698882, 0.7262733034371135, 0.908979200393316, 0.29541101822442595, 0.7741206028839054, 0.913850597828481, 0.022508017181208206, 0.3379704817357372, 0.6316959175218207, 0.8997285899289802, 0.8871540544635819, 0.5993136071086664
0.9155362038590622, 0.14866453956662762, 0.8593909498794777, 0.017363523699972627, 0.7468101085046412, 0.22495893101490005, 0.52492085505308, 0.006487160054750474, 0.5935741144907032, 0.676609504255208, 0.6886789152993579, 0.8764519699311891, 0.6023596074981725, 0.21243865218656754, 0.7082565371295213, 0.607171571692744, 0.5006599655056622
0.3944912598022994, 0.07452667775025046, 0.5285154592757288, 0.4507780659730286, 0.08063904354484641, 0.9969347390926936, 0.14158552758055587, 0.5799022825031522, 0.13859688829912598, 0.5123092671537786, 0.34697487643528346, 0.31352193514127036, 0.8108394698977147, 0.9068267681483517, 0.5833499289943278, 0.0009243028961221089, 0.17173406922912837
0.3604245486061697, 0.706004203099597, 0.7758436247490224, 0.6287748848162484, 0.6593185191830899, 0.5347723257685091, 0.34151685041759394, 0.7753700542620656, 0.49355658968809335, 0.5972502240560997, 0.3296912269550222, 0.24490898678578732, 0.37189763898212813, 0.5031909765063964, 0.4864780071391136, 0.22436979730224826, 0.02876128464823957
0.03066784574429704, 0.886612761938355, 0.7823783578026358, 0.4385545252124342, 0.09604348116110906, 0.4953614870725369, 0.286781750723372, 0.2028870696687296, 0.6384019493163217, 0.9160884987656975, 0.284476819567265, 0.16097155138972974, 0.5255549842820743, 0.8648980346053703, 0.6216088398103075, 0.02180166296622399, 0.31774669162762925
0.3948851246301954, 0.6378623105447007, 0.04748501678278949, 0.1361804179040217, 0.5470375060007305, 0.5399353238656532, 0.5517684966735784, 0.255429662090057, 0.7572569170904513, 0.1982141888750163, 0.4194270360290243, 0.523682546880401, 0.10017237429995618, 0.36776012554241355, 0.028429384161747118, 0.76265313299674, 0.8787113010191603
0.7497277783310701, 0.29115383411642803, 0.7187910858280042, 0.9863432326178498, 0.2070545983321358, 0.07333928122840949, 0.6514176908537973, 0.4187415317519537, 0.8583862525578478, 0.607895078499793, 0.8163027552193449, 0.11512935058064211, 0.25513538857711426, 0.4484652616234557, 0.7742495441051302, 0.2853042202791066, 0.6086884405913662
0.546582568628061, 0.12009998775137698, 0.7912861128557075, 0.2556768008333409, 0.10624020938116296, 0.8330796932378847, 0.03038405538899913, 0.11043653190235247, 0.46757999853638343, 0.015205285042754646, 0.707477335231486, 0.8778631089574789, 0.7700336369164168, 0.16437762190089467, 0.3877324021529597, 0.12633198749879648, 0.6783899568952916
0.17351826152833671, 0.6919765252670367, 0.7552705081100073, 0.05856401123577115, 0.8516415870886926, 0.5619350011481994, 0.10588134305179087, 0.9734165642393682, 0.619752787515433, 0.0768618753089596, 0.8476731356628046, 0.8660019564936356, 0.09046482565385117, 0.21882350144092655, 0.67470547618685, 0.33064932360539945, 0.8308586454007922
0.9207286835405303, 0.7472066144467082, 0.914148751243293, 0.4533030532967026, 0.9824963833124907, 0.48130022026426555, 0.6156390046170745, 0.2063415454996418, 0.8182939707501249, 0.8328881255400323, 0.529891384367515, 0.42496405449740904, 0.4936844385364534, 0.8988416926644188, 0.7758693257093153, 0.480507694747931, 0.5803784575235534
0.11251113583559291, 0.8453557894212158, 0.8611770860291289, 0.47806169778283025, 0.04160012453207307, 0.23446699365167534, 0.5649528976767887, 0.678960832912626, 0.8445868599767001, 0.5429510310478306, 0.20162657748977364, 0.3578348380412446, 0.8552486901472656, 0.8842827063194603, 0.8282812660732254, 0.01793572282859257, 0.325476373288785
0.371491799628896, 0.19780195788611354, 0.315355107090475, 0.7041634638972304, 0.43642907363579153, 0.03047930769391649, 0.9588324244500376, 0.42881847780257687, 0.3142175292113182, 0.21252437530455792, 0.7878995795148543, 0.7200871060801113, 0.30941262886750265, 0.9422690385058345, 0.24472429393331774, 0.02961273237474471, 0.633106677299123
0.9971706360903752, 0.3525216018626274, 0.5512002884541873, 0.34736731287556755, 0.3117589222881145, 0.47326088113601406, 0.52287392413855, 0.08543231779753746, 0.8681801564478526, 0.9870559920961078, 0.13028173203100457, 0.18224443521762201, 0.6326520685867022, 0.20596509068254942, 0.9826620771880343, 0.8671026036022811, 0.9638993790744816
0.08797388975666331, 0.9370649053341618, 0.36541033429116876, 0.31941774242882304, 0.5840982918115141, 0.08132102809645547, 0.6747471133176745, 0.7113523253229789, 0.7495410626262758, 0.3133581876789162, 0.31633091757821663, 0.9284287203635282, 0.6241330161617783, 0.4441171463661169, 0.6571010639381036, 0.028142753403725518, 0.3902390983252554
0.5854038856801299, 0.5275737944677718, 0.08395234802808116, 0.29467734513098875, 0.739856773589474, 0.8937246884349517, 0.6543025825679629, 0.24441995579130305, 0.9696056600936441, 0.3973442369852517, 0.9946562681949267, 0.2374573324912309, 0.6326066791504196, 0.5809923757256982, 0.26563994869257646, 0.7260098505663067, 0.7544066843590149
0.547069708142736, 0.969974656325493, 0.11302692332345565, 0.0317989054537724, 0.25338661313137845, 0.9984638362876, 0.4689431813099343, 0.9644023293298132, 0.9791172702173689, 0.5216700147148504, 0.9974621364705415, 0.8652663433421403, 0.15367604504739152, 0.47889106889376953, 0.3623943778447184, 0.4015697564612324, 0.9909341640182356
0.1028285964360417, 0.024457636441661212, 0.9014583758874909, 0.5786675026009321, 0.17894008886805624, 0.8535817645904882, 0.33096373805006574, 0.785416061642068, 0.9757672941582318, 0.875305049344429, 0.5597480798674151, 0.3914663733945466, 0.7502153438801998, 0.6403520311196068, 0.8626887573714334, 0.32028808391366503, 0.880004981709945
0.06156195761682293, 0.22197200135128303, 0.17103280247812103, 0.41062153822231773, 0.19742111043437283, 0.6917166334144215, 0.330315651258666, 0.3043874998666507, 0.8665158970537363, 0.9788678091103482, 0.38229626647119097, 0.7621567016406392, 0.1735790552207126, 0.3085076018630135, 0.7334842835926383, 0.40566843167411815, 0.9740188181613545
0.4520775997284071, 0.11368492046352519, 0.7570921713354158, 0.5175622724843578, 0.36573422718767656, 0.9950220059280128, 0.8421927883368764, 0.3766341710660269, 0.3959744477687164, 0.609083991910656, 0.10665339397760987, 0.07982611436957243, 0.8099173193863528, 0.9534412565399697, 0.5531019699558389, 0.22804188580693308, 0.6747519653134985
0.15713266965845218, 0.04216930485002357, 0.39599215140641963, 0.49103058336098615, 0.4358121735252801, 0.9281258506378022, 0.2130989021444657, 0.9403981101205136, 0.9324492614295616, 0.4364557416713185, 0.2232347676570806, 0.07951574482038759, 0.5513430209892916, 0.05812680203322451, 0.5075659357898427, 0.2529879315208159, 0.3574130928806458
0.08581519244291436, 0.3294766859571828, 0.2756411349157215, 0.031873360716518806, 0.3816763443599728, 0.8893603284968564, 0.18314673208069587, 0.74116051181083, 0.5898781124868656, 0.7167619492385737, 0.73463607025964, 0.4078486088038814, 0.12436229788170683, 0.5996280775592777, 0.6072715499464991, 0.2506243875123936, 0.29216998346461986
0.20195455005436702, 0.4662437064201247, 0.5442057598385348, 0.7454307676460143, 0.5284790022758453, 0.6259719440201731, 0.43829649860194575, 0.27429414731720125, 0.9348951397092142, 0.9504455507600319, 0.09562893266032935, 0.42780269858600606, 0.5664720322492116, 0.41710364995238736, 0.4389851688709676, 0.7543692536841992, 0.17548756966674017
0.3076815902679827, 0.35942611728851004, 0.17381388975283807, 0.8106054010163324, 0.06441086147065311, 0.31736103836578855, 0.07009198444558595, 0.2902792221997952, 0.7198341019777481, 0.8165171294909205, 0.2840422277452842, 0.06322485539899314, 0.6355179768394309, 0.8140409648358031, 0.11888672230375552, 0.04655838668813961, 0.41073130679523306
0.41795842665812777, 0.4951695998467788, 0.032044076692971046, 0.5324734894311023, 0.45819754873790786, 0.5993453699091638, 0.5197174919036598, 0.8922248831245743, 0.7891734470585445, 0.508037989823865, 0.4841132034226684, 0.13270098828980725, 0.4256708211432967, 0.48577653422249756, 0.7424726514619195, 0.41014462295466514, 0.5828071522096828
0.555204946467906, 0.03013899141600518, 0.3148820640092892, 0.2826363665441558, 0.9442121623495443, 0.6294330382653488, 0.400752198014765, 0.2587352154895025, 0.9748158093782436, 0.6746269361911814, 0.7120379059820672, 0.5583359353830585, 0.04938023793696, 0.8677911514897666, 0.6974870525767528, 0.9692936776672023, 0.3594311789609559
0.8932797119120102, 0.6365743710472715, 0.6703215076792248, 0.9634841097982897, 0.6086152606179108, 0.6015804597248843, 0.8767621570456237, 0.9427925722646262, 0.5874827696114695, 0.12184939008937679, 0.94046372342623, 0.25408320538901674, 0.3090097142191188, 0.6067256768745558, 0.9434294431548669, 0.5670279535361813, 0.644853556597179
0.6096617972607814, 0.4462508328085224, 0.7515656964532272, 0.2316758905029217, 0.8998770288147795, 0.034986402294067576, 0.5100940188865413, 0.7624077456516564, 0.2122574001242823, 0.7506479501269473, 0.2709631623855143, 0.28707461048208316, 0.038600959081477426, 0.9691441729071538, 0.9400835715287511, 0.010724428143304321, 0.17496171032925822
0.2952958835109286, 0.5563624786320427, 0.18549451773027492, 0.966328293074613, 0.7778536161752212, 0.6544547645522323, 0.39664248657472667, 0.1281248282353583, 0.13155908642875136, 0.616638310549019, 0.8180584613738547, 0.44431216608673296, 0.0988249527709375, 0.4819219788180621, 0.2240780105611615, 0.4830629278735984, 0.9475658185525303
0.7750903042239646, 0.7996160831391027, 0.3783006012729402, 0.6678132543190082, 0.7885194857488229, 0.857218220124166, 0.3377513328619216, 0.4571624378110659, 0.3245012375885221, 0.182028742874926, 0.028725240603664104, 0.4101488066451747, 0.5430276409785195, 0.309069308511957, 0.9958943648338692, 0.22428337048860925, 0.2837702358539117
0.5607752945976792, 0.11156585925256268, 0.32464452465469207, 0.7965484389651665, 0.3162256710539405, 0.6588193774522154, 0.6589339106389832, 0.2984772560247835, 0.5322766317245997, 0.06953239588190319, 0.3079529527986026, 0.9477291345447314, 0.11439527037128161, 0.49318964697589096, 0.9966488911277267, 0.7001882740496577, 0.5248008876741861
0.9545396530276787, 0.24568311145754607, 0.9909927139294689, 0.10994039730630145, 0.10438791139450598, 0.8720719116203308, 0.4722236272903315, 0.10548769096258381, 0.19138115242717002, 0.5392355182635963, 0.45024627510757553, 0.43477680454009526, 0.7870062357678876, 0.6681576506706366, 0.5095791694868431, 0.9460495518867268, 0.5190457799155901
0.33363216706132093, 0.2920624421630116, 0.049569732368694885, 0.7176881964025726, 0.46083631473041675, 0.13933164038301638, 0.12069930654834504, 0.844363956518946, 0.8121540088098096, 0.36306827464398983, 0.17206656893339234, 0.9674949974928975, 0.5737311596811929, 0.36893456047760886, 0.8319378973218375, 0.42814955382122244, 0.9578453214034124
0.10221030406622678, 0.33281867664136766, 0.9356953159466763, 0.8788575039160887, 0.1309652752491015, 0.6833932535873866, 0.2983396634037869, 0.3031500290064728, 0.7333417604283071, 0.6198382717165822, 0.007772891868938814, 0.16970037923645076, 0.7096083538131184, 0.43861668180150104, 0.9833369122215329, 0.7633829594657828, 0.6531092432547105
2.18651982195e-07,0.0167258314192,1.17231505824
9.19946169211e-07,0.0188618534953,1.2425420418
1.32308634739e-06,0.0360064329821,1.30531200042
1.37045621588e-06,0.0782370099823,1.96861878753
4.85433975991e-06,0.172235733604,1.7278119514
0.000156187412876,0.342724710316,2.08329153814
0.000107561056264,0.612330527594,2.14835485006
0.00349437434542,1.26625618107,2.45961785861
