$x1,$x2,$x3,$x4,$x5,$x6,$x7,$x8,$x9,$x10,$x11,$x12,>>f1,>>f2,>>f3
0.9435013310177063, 0.46970555799095337, 0.632724147619038, 0.7061323042775456, 0.255597102790874, 0.7930350069368428, 0.18393173704511057, 0.5237430095873821, 0.4324772929349072, 0.36794764315246276, 0.8812245646334391, 0.9078523025167838
0.8840984103269357, 0.11932947707184804, 0.10996224030259183, 0.8005655544835925, 0.8950191857779689, 0.6350414649190596, 0.5140221990431143, 0.3601218166013518, 0.481551571527177, 0.08610299560189427, 0.7895519774486072, 0.31323158296713893
0.34682232720211426, 0.858841884538532, 0.5074952285614459, 0.5163608672171192, 0.268433899488011, 0.2032950293191279, 0.15001651653095516, 0.4405538725071583, 0.34961582156408266, 0.5358598374094927, 0.635323622592588, 0.02197393465534836
0.0867344701877446, 0.19422680106536916, 0.8107244891463863, 0.5302708180715998, 0.2778105254922629, 0.13136167851249936, 0.20732308698607138, 0.3713298934990079, 0.7122677240395291, 0.7683193669327053, 0.050786811465432624, 0.8272025352184885
0.40416048619312295, 0.9548171884372776, 0.12497493904133494, 0.24196896657512668, 0.2321322166528803, 0.12280319695180664, 0.74693711062571, 0.8242383900025985, 0.08776034492963447, 0.5862976493232266, 0.03257840419863167, 0.5902139257542985
0.8607344146470044, 0.556840093054632, 0.9980041771313707, 0.06752243006251801, 0.6182755772161849, 0.7534166355910404, 0.08890994161953181, 0.49951162929483695, 0.017269417806850873, 0.71700908508635, 0.1355603941269491, 0.9973908030693024
0.17500670529782025, 0.31660547166967423, 0.202972033673541, 0.4883376626998298, 0.7448987930859763, 0.533539658261366, 0.7621155886613153, 0.4559136264788983, 0.3945598730228057, 0.7048237192825075, 0.5223232078520663, 0.9218023595445639
0.445877862657183, 0.5648393742840131, 0.6650086811367671, 0.24907728572042498, 0.984765314530939, 0.35322326142842797, 0.5921043801056006, 0.3805774632166239, 0.4142002320299121, 0.8086410024727488, 0.21169516689101986, 0.23906738550680928
0.6581462322871588, 0.3976810533380326, 0.5543019631058915, 0.14908341707458372, 0.18077595048666106, 0.7531849545866706, 0.9617630800286172, 0.8681761380511022, 0.09081857881570143, 0.4254509699380291, 0.41789358324931924, 0.9377285391862799
0.49370134074846983, 0.9356717451125812, 0.19125988898020418, 0.9605381573949413, 0.7916711653950899, 0.7480776870772072, 0.9083201389629401, 0.6488401760410695, 0.14830128382024554, 0.5949995237224726, 0.772952760197324, 0.33669605884323295
0.9810166288022968, 0.6097114856815745, 0.8381923290196103, 0.40893939213822095, 0.583397799995487, 0.62467541994161, 0.10635169258439958, 0.47025122794076535, 0.408080301044882, 0.002196115258454867, 0.6697767234181468, 0.23693158372471845
0.29533142092036746, 0.5369507384381733, 0.9324493242581329, 0.4703752149269371, 0.5865588549148943, 0.2893970381173929, 0.06207621992281309, 0.8262257045283392, 0.8337829196551051, 0.2843451252945334, 0.3593199827117518, 0.8410928000427269
0.38346952107061383, 0.10931799005266096, 0.6262854616436294, 0.1816874877712219, 0.27095487947855856, 0.6348694767075174, 0.2195243837754054, 0.8056284180107103, 0.782608381685781, 0.3083213939239732, 0.42014864876634705, 0.24376213191100737
0.2856717645935386, 0.14438580031671078, 0.757800200654469, 0.1869262826737499, 0.31420670414788754, 0.336123642418235, 0.10659716967944577, 0.25451900226218716, 0.6967110748733277, 0.9552127786296605, 0.8283378624466263, 0.6895496754093622
0.8081548309008909, 0.6721989003657501, 0.6784678381584747, 0.7555295485698931, 0.6842825333762415, 0.3142230068590023, 0.03629748049720605, 0.6477136652929332, 0.7551398935434211, 0.8365291785257517, 0.8049774447052735, 0.6057990620719961
0.7480875004334567, 0.9808450457094001, 0.1719765191202517, 0.6222405797037255, 0.31605753018125193, 0.5512777989033106, 0.41947235682550743, 0.13266421304917997, 0.11819996312656933, 0.1447546233945849, 0.6478790205370111, 0.21309064324021743
0.885352315439983, 0.28579591453641884, 0.30471912340715035, 0.5394901815445785, 0.2891451193447667, 0.5449327998725269, 0.8668781814536719, 0.2608780748870726, 0.979182612526438, 0.7867953949564785, 0.4227904786979998, 0.33221981842011084
0.5887907319131266, 0.0015066448783002118, 0.627708471666081, 0.743887789156987, 0.7573008177368132, 0.981510686330223, 0.8927641514057637, 0.8690882917437202, 0.009897433025776614, 0.8468587836340296, 0.0937129132348733, 0.22211033545820325
0.2813098651402455, 0.555149731586243, 0.582598924860531, 0.13078419564524868, 0.305459979322238, 0.1679873571825966, 0.777075047031618, 0.8623324604848297, 0.7252088222070205, 0.35503160275561796, 0.024740004296039952, 0.3710618175064092
0.10386143774605916, 0.06344567287863212, 0.6695004147614454, 0.2579106746736881, 0.1365107351483732, 0.8455497224038634, 0.406753543339454, 0.020265810957263763, 0.7792746471571769, 0.6648685846298015, 0.566302808551125, 0.4442460892647754
0.8028381037468867, 0.29975145807200865, 0.21818520744532033, 0.6223944561641164, 0.1651500525370626, 0.7328334542875328, 0.8117117510794345, 0.23693367277347177, 0.8356605720774962, 0.12348419085875273, 0.32408449874096457, 0.5978865958981359
0.43039133549537734, 0.4181076662070732, 0.09776068802648619, 0.033549736892726, 0.970993601396062, 0.8376268592721257, 0.3381301133085156, 0.19988492389507706, 0.5481933874313774, 0.4109414795814921, 0.9834223057562763, 0.07036960905459833
0.29615406510376496, 0.5629705272532248, 0.4501637032253262, 0.40902880167810995, 0.375436594302504, 0.4559575851876815, 0.19819344895260782, 0.06759794001637787, 0.727528571923957, 0.20155542617001565, 0.4694017493484688, 0.2954666812007133
0.5582000260069129, 0.8590715144343233, 0.5496859572271473, 0.3520191567534925, 0.22752165219005016, 0.6302651802115384, 0.9177749675106204, 0.8367188666308294, 0.7050910936179784, 0.6781099123699184, 0.0512796881563623, 0.4185037027471479
0.3247126617058975, 0.8087561744002624, 0.16606129330843367, 0.5852822669449744, 0.7988681718318386, 0.6854706334247084, 0.2735637921901223, 0.6908303582611444, 0.003739735470057015, 0.8461186673537702, 0.6671381149267535, 0.7823979388693665
0.8583979715129996, 0.12135755477730781, 0.02945229298849128, 0.3332546739268798, 0.6285292526174252, 0.9580435391165035, 0.3549800434911081, 0.9941328951773037, 0.3842348589991995, 0.5465916202818751, 0.8892252193982334, 0.6137396282534318
0.6565440355661587, 0.5156619699257385, 0.7417063259935889, 0.025636665627672195, 0.8561933861817779, 0.33126279510208123, 0.42619875215113356, 0.7082735572555025, 0.854282049968741, 0.18214451299826895, 0.49193420385439746, 0.3093976568341916
0.9987240449135928, 0.8084495889154502, 0.49878721642065427, 0.7116274527012227, 0.09934766067627321, 0.6255930320000739, 0.8695838530717231, 0.7059095507997374, 0.1474233057046953, 0.5139566644071926, 0.36862652266569207, 0.7071138655103726
0.27948287096421354, 0.9134109241791036, 0.193798946131157, 0.8463543967045957, 0.26937649023637766, 0.45991072989088344, 0.054285128494891866, 0.07723393726864625, 0.9461713413630294, 0.3031219161449189, 0.2993094352907366, 0.9589622522670033
0.82530636247958, 0.42174459904609574, 0.948476144752662, 0.6224664288526485, 0.10491142150043242, 0.7672301267043682, 0.26243680508754963, 0.9611217927826696, 0.6440769085459946, 0.5733621324326813, 0.6149959293647632, 0.6074080089350606
0.621092072618951, 0.8315293801799872, 0.08739198731922615, 0.09862255908678719, 0.15200497388035472, 0.8948478703265744, 0.433219324375821, 0.5323220893870986, 0.6821136702134147, 0.9370279384041373, 0.6534679136233074, 0.7527201410260983
0.857415177994259, 0.6731038552506824, 0.5610205178174053, 0.5155610354404943, 0.07726714569398463, 0.03562883186243759, 0.7310694430702506, 0.8904002647838376, 0.7323554227963768, 0.0593050635713559, 0.006879600131419417, 0.9830198227872878
0.9938623049626383, 0.40008673825388197, 0.5359503429618216, 0.8253950229648496, 0.1157029383893744, 0.5722400881840517, 0.7514832893013327, 0.4331505450054004, 0.20324803272008996, 0.773839428526535, 0.6994002390590877, 0.17386071090759048
0.28828410630041557, 0.8747374344072955, 0.12857520742392092, 0.3710807202102153, 0.4734893276237794, 0.5586885587112331, 0.5097477692141024, 0.02974359567650464, 0.5579669371012403, 0.29882099179456834, 0.5952617748146065, 0.1538738053831047
0.8656501191899502, 0.8089341166787193, 0.29792642234765576, 0.46191569535131893, 0.3337119811150687, 0.01331583423331073, 0.3902632251208177, 0.4246912782219341, 0.5294374925070369, 0.28574920842456986, 0.14223298174917764, 0.3918888813655208
0.28262462224519436, 0.2178468442837369, 0.8099062941004382, 0.8545331710741692, 0.34028400231243794, 0.06593706071646155, 0.916567990128743, 0.9347667395034357, 0.34187086097444697, 0.7960512370587292, 0.732287243589341, 0.027209869467583414
0.8473052790364444, 0.42577533143199253, 0.8056763383311616, 0.6073938655179317, 0.98234514258533, 0.8951917910152092, 0.3303367995278781, 0.8079564919008912, 0.1652790477140994, 0.013541081676312072, 0.7521827791459507, 0.9474095100972357
0.4195913937515239, 0.9391244108647044, 0.9636666030462735, 0.9765721947838408, 0.18494384018056553, 0.06421608205212936, 0.012416206543891306, 0.8717604169820808, 0.8302052502272652, 0.3489261221489176, 0.023918765819490595, 0.686285336027468
0.10004765205622712, 0.7698701845016214, 0.9562979986989932, 0.9116999576665054, 0.0204431777058397, 0.9307385841816299, 0.48777386898523656, 0.07202686718251505, 0.5764355623672959, 0.2099178754547114, 0.26336410973663305, 0.9718999908211615
0.7559120670130144, 0.7416631648053292, 0.2278693195396999, 0.751481806941443, 0.7130306003298893, 0.004479353788544138, 0.6805105937487301, 0.7692374907096202, 0.5248757807671375, 0.7744332372930142, 0.7554591476653444, 0.12014021980431722
0.9605650771849551, 0.1434113510278221, 0.9158300493535058, 0.24376728165953365, 0.15257108727377156, 0.9542592595838763, 0.4275586247196489, 0.8053036149732596, 0.4369693703290377, 0.08211880558919282, 0.5479044592571295, 0.18179699537120386
0.41186197024095916, 0.4804456130159608, 0.34152357488467955, 0.6316151238981966, 0.9623436886948653, 0.014684751325870105, 0.7856330497910623, 0.5529015977919807, 0.23092295669191432, 0.4414037888832866, 0.17158016148312838, 0.023334328720512887
0.47949444208548386, 0.7704222373813226, 0.34630367936777295, 0.2616310965217121, 0.5391205186170767, 0.012553439747713613, 0.4326634380668284, 0.7100850141179881, 0.19721766018102138, 0.41472146966743484, 0.4486520582476271, 0.15903655047148912
0.9896589793797144, 0.9390873870029137, 0.4610631940721214, 0.9451527436690703, 0.18001278812979915, 0.5634124348442948, 0.5581007968885582, 0.10305564672378564, 0.982441057571703, 0.09832529007335467, 0.2986658000696917, 0.46688654971652843
0.5953468017821425, 0.4656626458923002, 0.1813871233745764, 0.43655749042086733, 0.2026630295935472, 0.6795900508335313, 0.5491146814059434, 0.3178463308814521, 0.8166034288277197, 0.4712814023599533, 0.20674405467456825, 0.7224597596232357
0.6090850943975614, 0.9361034688643571, 0.5467763038738642, 0.7388009837566323, 0.8805831829350725, 0.7681705511169598, 0.9951694679119368, 0.037914566213834044, 0.8349348789795525, 0.15391004805513475, 0.8781106917264925, 0.3663136322060284
0.9087945012229199, 0.5320621899484987, 0.8525698993600465, 0.002686914066513446, 0.9787841251039142, 0.9825057715755398, 0.31998275660161724, 0.843791680405608, 0.9543399538663063, 0.06251433678658092, 0.8008967895811101, 0.3662651946807224
0.9281391639720876, 0.2537198698094981, 0.00891744502453562, 0.925163858528579, 0.6657002323549144, 0.05362456331756227, 0.12149065100325473, 0.26161674437044025, 0.7667374354446239, 0.25637872180445587, 0.6739336790517602, 0.004392900077160533
0.32340333243508446, 0.4986932065145572, 0.6786537331282528, 0.8053185441802327, 0.28382003451553284, 0.6522438588303927, 0.23296311280842175, 0.9766306833872314, 0.46425361797306186, 0.39539305548570713, 0.16830203488467488, 0.971000794436635
0.10561153007384638, 0.6287318755820217, 0.7898743100024475, 0.5673231735353117, 0.8129506780593772, 0.527921400755747, 0.1312850014949415, 0.8903164043566267, 0.5986186509702005, 0.6179080534471743, 0.04462323160083215, 0.2661642654857872
0.8509281311172646, 0.8303832881437903, 0.4343376294032196, 0.10598400997967095, 0.30431793073398394, 0.342363365365301, 0.4463403156709833, 0.28184022151382215, 0.4573465119772664, 0.5970400377758294, 0.7264554523972874, 0.48045709967166506
0.22294115970164374, 0.11778563171250811, 0.07879212764121879, 0.32551923819430273, 0.3086285986066615, 0.6858837349893698, 0.6054898465492473, 0.14444874418171694, 0.27614351313554764, 0.31613126910411316, 0.8616420522703349, 0.7785005420815664
0.5452499207471502, 0.33483518944046486, 0.0014178350682922947, 0.07281464882341138, 0.5760649262993359, 0.28751335762804986, 0.5067628011022134, 0.026824543475644114, 0.5226371077803897, 0.7967177147145833, 0.44031567815496564, 0.7561137545106431
0.6456116568613584, 0.10851598642777172, 0.06445587352228, 0.44285700598862454, 0.7001131182808953, 0.6510444392209355, 0.9984475093292087, 0.8532079366260386, 0.842697351770174, 0.021567289102122134, 0.11197542369752145, 0.03267813039501011
0.956237770142348, 0.11066406922515037, 0.7924977636188898, 0.759626997519044, 0.13266410734494583, 0.29473675619191564, 0.8955577846288094, 0.19303317477857718, 0.5770048933581683, 0.23935974931008352, 0.8205878132432721, 0.6645845891332877
0.29156457941240654, 0.34486481231348154, 0.7321826116063537, 0.6820260209992562, 0.9046401342359416, 0.6693538590740946, 0.15402657392132124, 0.2696720056825104, 0.7232313387878503, 0.14952670897247444, 0.2677518807626873, 0.9749634502425496
0.1453389697680061, 0.45792965449951906, 0.07689145971902511, 0.2684383809967047, 0.14877248631632856, 0.02439059617919659, 0.374707196859858, 0.47001965607335205, 0.32177812069899137, 0.2204524624495442, 0.26083103215031356, 0.125640766900185
0.4057584575288631, 0.9937690457800528, 0.7427021225278232, 0.6049994327341105, 0.9083450679049431, 0.11114261629762112, 0.12297020723092422, 0.34015302067608044, 0.7450439094983707, 0.33243320750150707, 0.6101721022316102, 0.09305656760685
0.08707819980096809, 0.9509885713775357, 0.49925999424337675, 0.6312654603080229, 0.31264987310524306, 0.32441076065678764, 0.2679290166232332, 0.7454367294393972, 0.29499278196501577, 0.1398663995641285, 0.6357491170370484, 0.1918103371537352
0.6616812951729358, 0.8078277282414975, 0.5688859003170446, 0.8521067140463002, 0.7550468170566045, 0.9251260641512936, 0.16541279362750738, 0.28967866950942844, 0.5530513822580566, 0.7976585940125706, 0.8414975793690814, 0.5132011151179229
0.9849062172670366, 0.9556122420099467, 0.7741129572396378, 0.11415932595218015, 0.19493193612103643, 0.22625904974922173, 0.4515180319223552, 0.4052808847789058, 0.05652775735921767, 0.9148767599291382, 0.5471451397688532, 0.193496485159657
0.0035479214990339347, 0.8117812471842719, 0.7583809957104758, 0.562879693711511, 0.40701883457104715, 0.47928159712969876, 0.9781413806074722, 0.13929876366040084, 0.706794513530404, 0.2713092720874536, 0.14815713553024457, 0.736875771504518
0.30757461432831235, 0.745918118420008, 0.9595380894211888, 0.5322080776933001, 0.4722027314365136, 0.8636211078511759, 0.8267460431710393, 0.5599465164620185, 0.9201404849145496, 0.46314681517902245, 0.6739339652916831, 0.6898884343046463
0.34914033670922495, 0.33839166276730914, 0.5210303197661859, 0.1790360704036288, 0.174076194545152, 0.8351294319613313, 0.9728926724393407, 0.3051326441735144, 0.8754614713672494, 0.4920040138217946, 0.16101914930222505, 0.3872662954590048
0.9864521730171155, 0.03440419546380202, 0.9789595682858211, 0.34597897417131507, 0.2566920119596774, 0.4744254255516286, 0.5524955152943769, 0.442374176881829, 0.9058998292286027, 0.3811228233391232, 0.4769042296439058, 0.012578441687628228
0.5469657535444614, 0.448104516048222, 0.10775804372244524, 0.7942870005551246, 0.49926075401159786, 0.3583543985552258, 0.03471145524240715, 0.9177203785261984, 0.6996335083928065, 0.8212347286042232, 0.9059631053537386, 0.2308603829318323
0.1349312258651817, 0.7446906225426296, 0.41796787670319846, 0.9779065806517162, 0.8006796220270262, 0.21633860381303083, 0.7100960606233857, 0.35832173827226477, 0.6860175828026379, 0.6272224307433816, 0.8801573188051148, 0.13373401748454483
0.061845980931377054, 0.712214785513836, 0.20830529239754403, 0.9350779707989596, 0.2165712483359754, 0.793326252477739, 0.07478402568463915, 0.5023443186224378, 0.4178089308763586, 0.661661553571766, 0.483916036710616, 0.058068210658998476
0.26688538237995285, 0.3393723423935934, 0.9647107312290242, 0.43040429042640593, 0.8509779248464282, 0.30664476954556674, 0.4349633223760233, 0.830035466965276, 0.39730520939194947, 0.9891380436506422, 0.7759124699078616, 0.5753070282572911
0.7349479005775789, 0.3393389558572718, 0.5068422393105527, 0.4136168374905358, 0.2276445285274613, 0.2558213093708661, 0.12373389702941995, 0.9462498838227604, 0.3074390563103304, 0.3209783947367931, 0.22865251890872973, 0.742487806337565
0.5832576190135668, 0.7425018436790004, 0.14015898058807796, 0.40824699753877824, 0.09260775495216, 0.8028707154796749, 0.4465618781869056, 0.30413903896304983, 0.5468104691026916, 0.5630546340396341, 0.9901148000450394, 0.22876710402873024
0.8589991757197948, 0.9945201870959473, 0.130457371713943, 0.285478565373371, 0.14216333287339578, 0.24994683538423623, 0.2180429547582906, 0.3510516523911269, 0.36621854061422265, 0.02905457348319329, 0.8664913989188858, 0.5251217394977327
0.6725760122455037, 0.6857259672416247, 0.7703877824358245, 0.2794251079442249, 0.32661887598832084, 0.5304074402216817, 0.31938981580846104, 0.13612537978245864, 0.3339970099118539, 0.35020053274559815, 0.524496907027044, 0.8032671470350311
0.4016226246414343, 0.36141072754659354, 0.21762806885985564, 0.8459925629098352, 0.4511749128152238, 0.1677675848342609, 0.9531066106711636, 0.22287340124561195, 0.7632985010233554, 0.7998008167902163, 0.6623467894146465, 0.30274365959400085
0.16422935697411578, 0.3948098909310479, 0.6946721080933862, 0.7499239706958517, 0.5780973890935842, 0.12109582780654526, 0.8616448997122994, 0.747495963864551, 0.34789219595970455, 0.6391326686035458, 0.5255509162970816, 0.8628159211593579
0.09068551337135256, 0.6606110558949675, 0.5146441946609204, 0.08567213154656927, 0.8296553607014728, 0.14559942484038046, 0.7205935788274526, 0.6955992006736113, 0.9978920679531194, 0.49884247352294, 0.48535731649194036, 0.6414206348780904
0.6813127511399993, 0.09655312122176751, 0.8571196567045591, 0.4219289953436942, 0.5542369540864215, 0.3572068000429466, 0.022565087819516383, 0.4994245168409145, 0.7009807300936666, 0.29934619660132844, 0.11238936764063934, 0.421725680772538
0.30141151088290485, 0.40408798029807047, 0.5322922369819969, 0.796443651661177, 0.8471699683011882, 0.6143255885769632, 0.32075645429307464, 0.8946002712492612, 0.5893765155940607, 0.7732771633918969, 0.49535652879756475, 0.041863818291420274
0.35797848901226037, 0.8900075686657103, 0.3377304255961222, 0.9339585240850548, 0.9369348840162804, 0.5853436799915165, 0.889363249476998, 0.3970450368340992, 0.4509539593930927, 0.9819979938449577, 0.0806576895091099, 0.4944823583840776
0.3690992780253076, 0.5563080146002114, 0.9051396938048779, 0.22979689713600748, 0.16437447718092557, 0.9199503454173561, 0.24174859585068909, 0.1399672082355009, 0.3840266410060733, 0.8694072560186937, 0.3034578123926027, 0.23676834531046886
0.08040001272633313, 0.8707844582523424, 0.18023178088470382, 0.7707246976969984, 0.9633205889249149, 0.45789255581811783, 0.5142037817733865, 0.45361741469464134, 0.33771582602800143, 0.9443650670138082, 0.976502616973131, 0.7952548756918472
0.4225887081334254, 0.053828033209011306, 0.5584175268577704, 0.2965790434404725, 0.19799681224289223, 0.2758841970336603, 0.09179024941430991, 0.35576447752410334, 0.5480784630110369, 0.9279347615167792, 0.6281823013955176, 0.9346590610050246
0.21793843808801505, 0.575781659122229, 0.4450505575301863, 0.31862587470981185, 0.08486670189547019, 0.15000265840647387, 0.5777443399320414, 0.14765718560875296, 0.7408646231311736, 0.3977148880663006, 0.4988129683790494, 0.7462469197289694
0.8819388142824391, 0.07185616958524055, 0.16210911244481752, 0.7219064806957226, 0.23315492770002189, 0.9628120373031999, 0.527947725480903, 0.6952123087049672, 0.5539021556773067, 0.6249413630640662, 0.615084420836771, 0.12202369336119034
0.13391820751828531, 0.4096188160845984, 0.3025260505849353, 0.01881327258154919, 0.6219289526966041, 0.14488275854068267, 0.7710653050786053, 0.7937348542943331, 0.4245340973367987, 0.3536861416491043, 0.985966257928735, 0.31944125045865357
0.5666641043186005, 0.852581847580127, 0.48224078825171846, 0.6597699164753269, 0.022077875797861357, 0.38531546391183147, 0.40497836092846806, 0.0235724796033423, 0.7378442427421394, 0.10170059068558912, 0.23364554581576125, 0.5815778975217922
0.4819655676603407, 0.036846361657015936, 0.1606213850075221, 0.2812140938877681, 0.6601343215365636, 0.2336018861611474, 0.36610358198541093, 0.5370435426737535, 0.08587164365686739, 0.1300268283171767, 0.09964571423747548, 0.8836477139576925
0.408442705357425, 0.22807200822428497, 0.007280341408536062, 0.49048447768192127, 0.28576063339148294, 0.21995289304908605, 0.7298973222041587, 0.8639114822371106, 0.8884189390262406, 0.3802464921326706, 0.6585017833949623, 0.6277072146826992
0.7299182330671657, 0.5453924967332199, 0.8241835601569122, 0.8558027487391324, 0.9654716449567341, 0.13265869171341604, 0.9550549822081793, 0.5642977458621378, 0.9235929296423887, 0.046923601963847705, 0.26342810756486945, 0.26715370085634627
0.00420259379075838, 0.08631970270632949, 0.2357448545472235, 0.9900749330628781, 0.5707091503823939, 0.5048102149559504, 0.3518435056996241, 0.9065023335983218, 0.982881491428987, 0.575272228864053, 0.3096835684228263, 0.4184587226320817
0.9734820592233437, 0.39531508319725095, 0.2946473781026576, 0.2502202503318619, 0.006187366066759403, 0.6880486689529691, 0.1232911573758041, 0.7491115984724045, 0.2933622795541868, 0.41940595459212904, 0.4977838143108686, 0.5896031814674125
0.5468376569574649, 0.9577234043463961, 0.21361078158761226, 0.4611718430607664, 0.9729481468289359, 0.23101411023901341, 0.19853405090567755, 0.3669871260433005, 0.23253142860604248, 0.8529476830162821, 0.5072564686060388, 0.627661292985579
0.000857623871061,0.676969017582,2.33090505712
0.000429245018854,0.622130157821,2.18682358097
0.00349926787478,1.23398969712,2.59702395405
