$x1,$x2,$x3,$x4,$x5,$x6,$x7,$x8,$x9,>>f1,>>f2,>>f3,>>f4,>>f5
0.7033476719775538, 0.11978700271581533, 0.6603774986738665, 0.31030961337046326, 0.09319950627339912, 0.6027137554297459, 0.5143998967729018, 0.13822838024931317, 0.9553787998041812
0.06746658790007343, 0.7480372221221179, 0.8898244789047747, 0.9326021038883777, 0.12576134703801978, 0.27781624661912163, 0.12782807703501264, 0.9387926280150424, 0.4822020492292495
0.16559053543856217, 0.47164699000121846, 0.9826506318649482, 0.9203259109722989, 0.7792585476084417, 0.6958223045251882, 0.03835512843941291, 0.09286145070380902, 0.12354321769733057
0.24096291971538275, 0.20192940770079615, 0.06701848151293766, 0.10042780217053571, 0.33614036761829, 0.37281444661686647, 0.1050830389114974, 0.8740205516006084, 0.2866497310838426
0.8428115690889514, 0.7675555489374577, 0.9250626067825083, 0.9606370948631788, 0.4924963201880874, 0.5965480595777147, 0.5687916425710894, 0.16263093830330744, 0.33956786412591533
0.9964680874418363, 0.6545383841361742, 0.29105165376866626, 0.14244779603326696, 0.17003718524001576, 0.6629719637056579, 0.6903937304779452, 0.021311504492630196, 0.9952933151436419
0.18527100309759192, 0.311151380545435, 0.2629974074212438, 0.38948855123181536, 0.569665613739502, 0.24149398680798817, 0.9764141621245024, 0.8535575744612192, 0.4122271115727296
0.7125222561663118, 0.2207456583390287, 0.651563112023432, 0.9252142545719831, 0.21520914929288026, 0.4611760946526521, 0.9062558390557565, 0.26998813458597937, 0.003469181657411835
0.3366270038801459, 0.48863397041723344, 0.2812680541035917, 0.4134419480167497, 0.5269258428980799, 0.6462005992300454, 0.12936526597449316, 0.9700658986946911, 0.1287768556239689
0.36125239968366984, 0.07434760799913731, 0.3989682084751315, 0.9555667606601728, 0.09639683780261799, 0.34030868420363547, 0.4663486462646521, 0.8700907533026627, 0.15708048017236897
0.28766452175384094, 0.39774092500502933, 0.7244232551061837, 0.06427112670428292, 0.9273747374830223, 0.5567414741105577, 0.8051561807311873, 0.8975882484019212, 0.7125936913332711
0.11128320891096788, 0.08626114800853224, 0.6535405005016934, 0.33335621006266314, 0.9253031289163693, 0.8884357858534897, 0.9580175482270192, 0.6962334052628293, 0.30420580975425626
0.6710914848019843, 0.5062156999495895, 0.7334252217496785, 0.70930823322096, 0.6912491397141175, 0.3443967816400937, 0.27943518697457637, 0.2986794995855102, 0.7249410789960966
0.1622031085876271, 0.5886443064614547, 0.6288966607216511, 0.680960398230086, 0.8310873592964283, 0.6913013069600488, 0.345397931953328, 0.37990346825292265, 0.5711205883478996
0.8732967879435427, 0.5161060909003621, 0.1262265492114364, 0.5369016288919486, 0.2193041976643798, 0.6558808066654795, 0.8479756540285623, 0.13144028000321117, 0.1584551373142299
0.30485415730535126, 0.8339491383651486, 0.9988793051878384, 0.9439527982724288, 0.5760915347827117, 0.6442726536255996, 0.845181571453662, 0.4739715368782905, 0.15170712770586492
0.7264232441330717, 0.8971285306788972, 0.38077871330824054, 0.17700396234975524, 0.8544559629605871, 0.09964671224085897, 0.612299487806581, 0.4109344860849943, 0.0924147804995189
0.49438732225459314, 0.9558571535141519, 0.022577187114439456, 0.7733520287175251, 0.934127573937933, 0.33449146593551793, 0.6716407937608649, 0.5432748730068269, 0.5971527031051314
0.6886193462667308, 0.88298164033445, 0.8081608319352873, 0.3135698996268259, 0.2962628492268927, 0.7471740929923733, 0.24965448225170184, 0.43965291070220625, 0.07480060154558354
0.16665117612958824, 0.19168055053291977, 0.1798529881435924, 0.17979985685226596, 0.655974389377257, 0.4162708642611481, 0.754957557505095, 0.22423027705224663, 0.653658727487115
0.867846994829035, 0.798819628178066, 0.8944347624663205, 0.7455049135074318, 0.31768788774786305, 0.6009610190594944, 0.4750918068316723, 0.045767165643523344, 0.48803315770341016
0.31156429708736055, 0.17695934337735808, 0.5590763847607223, 0.9610501846070442, 0.372401229935317, 0.0018735822193454155, 0.9962716246631623, 0.8722303709622455, 0.9634834113884327
0.9005084371692761, 0.3414966161049491, 0.5012566246793922, 0.7297944941145327, 0.8419085537953293, 0.6216543618645832, 0.08284666358394566, 0.123925982187568, 0.14417610794091218
0.4154039636935337, 0.616126351419787, 0.019110581254567438, 0.13131083098861673, 0.21511750791937034, 0.4523422467390603, 0.22570905325397161, 0.5942277109106773, 0.7524715287670501
0.12580681571099206, 0.06293445403301101, 0.22624341719646612, 0.5382221534783087, 0.6341890877539539, 0.4295729303325594, 0.3884327800451297, 0.07036394288794412, 0.6543515199248721
0.6368071246990938, 0.8526747403485617, 0.43279186201444864, 0.5039004726996702, 0.8951329766538196, 0.5831701028234298, 0.7372799013498716, 0.4918585895939984, 0.9859896252449553
0.3414877726289386, 0.753230148076261, 0.6346972038629334, 0.5384932841584974, 0.8823080472496033, 0.9476920164359889, 0.9573732249488133, 0.27015107365820823, 0.5880146920736719
0.5544931857567256, 0.16872555463896455, 0.36706619325282464, 0.6933099905748995, 0.17124834650347553, 0.023541397600572722, 0.7224355720730129, 0.3788692994659919, 0.08458518848067886
0.44580429265888455, 0.7242271233302237, 0.782074552914938, 0.8283262296489136, 0.6542912819766284, 0.1255952826633614, 0.9575331844819288, 0.7537933152777643, 0.49381168532183073
0.9940578592128967, 0.04736204984596826, 0.6823817900522237, 0.030731109116992505, 0.907113019000159, 0.7747838450754205, 0.727330963636509, 0.6787488631794216, 0.4879850923176092
0.9086158157513506, 0.5321869583971228, 0.35320326404092417, 0.5097642901395169, 0.6868180946408962, 0.004112567100366338, 0.0365901735667179, 0.7447297144519003, 0.42855553535433455
0.014196380103742023, 0.1265762842173529, 0.13130794232936194, 0.1964117024113653, 0.48389564670097984, 0.07870197004389845, 0.2198491099880634, 0.3144981238735698, 0.12244164486221032
0.9043315393746907, 0.720703385843374, 0.5061909382897252, 0.6018386626466614, 0.3319837932883203, 0.19587389690187695, 0.09798948562327892, 0.15125340706860002, 0.47578118859928853
0.6784297800594513, 0.8608259617282121, 0.1742480756478828, 0.393634930662923, 0.20515648052573154, 0.46118615598489177, 0.4327259879546038, 0.45515317476654216, 0.46846084370548624
0.4072085384104652, 0.04473936020500979, 0.8043510489544081, 0.6539916619467491, 0.23897066731341066, 0.32208729042986894, 0.22536520497861268, 0.7863936483886245, 0.20563435575740774
0.8340049846649199, 0.1882585705184434, 0.6620040782481419, 0.23926297226106763, 0.24151212765274999, 0.12785234253633726, 0.038320562254211765, 0.19924164277755863, 0.316809913401779
0.3441116163783614, 0.22141246986861007, 0.04877165942478412, 0.49140609534368096, 0.9136259870130881, 0.06572666945850969, 0.5922678827540628, 0.10364003994084958, 0.33193703084021076
0.5973501696849045, 0.7758101350072311, 0.28560581976918653, 0.33985061357098056, 0.24986777302867347, 0.6589223761132433, 0.1620044207380199, 0.24188702440371257, 0.35089535872661437
0.2559202991086357, 0.5618832747854466, 0.6093849233700652, 0.5080815945356933, 0.7617295688524142, 0.9429155081257464, 0.14588029684353065, 0.3075187553447578, 0.28345509743530994
0.9879017788114401, 0.6642592461474951, 0.582266590950926, 0.6852033351743411, 0.045085345676484034, 0.6829745101406939, 0.5783485369849382, 0.7010578640132655, 0.5151979801106186
0.6246902622207344, 0.47661106223822625, 0.2538064156451989, 0.4131827494785496, 0.6941122014241231, 0.04972582380891, 0.6726528022275071, 0.8564990350798786, 0.8403108750106152
0.16341717060266825, 0.33372580891933445, 0.16139266353394266, 0.8185158315041503, 0.6759755080233925, 0.3906490497070486, 0.3010619334458984, 0.4296262142392121, 0.7173848174207346
0.8890046915833999, 0.04452008654796191, 0.2791166259941342, 0.7209870112774897, 0.22402275053937948, 0.26480073116848546, 0.3535752216521245, 0.4732167092697529, 0.15453005675674758
0.6525608815806782, 0.7868521261088893, 0.7076974756653714, 0.5907419495228163, 0.801647870114885, 0.15381640061219537, 0.6490389680103504, 0.1316855479712108, 0.5901064042754008
0.3654746040632523, 0.08751853123333742, 0.28730734928952917, 0.6471612546233046, 0.5111804719873569, 0.9709636096709047, 0.39745806566907604, 0.9929155443910664, 0.9572454566182407
0.04427189199583914, 0.34261566556524925, 0.5782011256632723, 0.7879584844466296, 0.24357141746110056, 0.14459258952016885, 0.014707993158857402, 0.9558917302813087, 0.09989250807142391
0.11407617686972427, 0.27668131811189833, 0.8234753870712342, 0.9455925441852713, 0.7655428990444342, 0.028943395713355358, 0.4148648727486228, 0.9717467534158456, 0.21427730290845526
0.8898287319298983, 0.9364289567744433, 0.5937504289212907, 0.5865285655637058, 0.08905610090866933, 0.38578468999826343, 0.1906473380278696, 0.5586612200495717, 0.8904774959418308
0.8734214406469211, 0.38739530211228923, 0.9423410304122926, 0.9837027964182488, 0.23975000383809142, 0.7486116887175487, 0.3779423889284814, 0.7484299750075603, 0.5448656630785694
0.35333834299969835, 0.8168511442207171, 0.4811698873415212, 0.0763805305299089, 0.375605855268935, 0.6548858222270402, 0.9295237917675654, 0.4351174423916171, 0.415651580620348
0.9116504843924712, 0.8489440237989759, 0.6250185944768133, 0.22953044594517258, 0.20888692758459892, 0.37292533129093364, 0.8221866019763023, 0.9158213200486266, 0.2560192488705588
0.18999521214101167, 0.9298723798268501, 0.3189363839006679, 0.9954599618676196, 0.42868535257834606, 0.9243420704858079, 0.26846321283570196, 0.04230935226403032, 0.15300265982126549
0.6170184551233974, 0.4729324062420721, 0.7392544663191641, 0.8698194036886839, 0.0015452265173350188, 0.058063864675937604, 0.7801962487534374, 0.6420977122976226, 0.574444834630618
0.22955794803327512, 0.2713678555102912, 0.34630984310725565, 0.3343881063262336, 0.38458414329315505, 0.6611646376540296, 0.08934115503386941, 0.1933174549427683, 0.18493482269673422
0.3003459015932325, 0.950520135222982, 0.608632649151763, 0.2941429568362707, 0.040722124288028905, 0.7619828298691119, 0.9897280270996862, 0.20458316509007368, 0.5876658933984107
0.9787645481934215, 0.23728604263132447, 0.0886308016634173, 0.28368773461769436, 0.06350068867133252, 0.5300555627037818, 0.08353874686265916, 0.10576745759073325, 0.16883266644992978
0.36195753689346255, 0.9860256291910242, 0.39611818361766216, 0.34825113716031997, 0.2598469635736972, 0.7045786693600857, 0.45395314541257126, 0.5616361393222157, 0.5642454671887146
0.39306324543679183, 0.17652859719843883, 0.15374350988634566, 0.956741282026527, 0.6511352346829595, 0.9736478298497575, 0.9029670003823419, 0.00857225469910583, 0.9914711243123646
0.5318215015718066, 0.38271587847716115, 0.6749139039838437, 0.6957433674717777, 0.285333348217115, 0.5038047092037488, 0.4422626641524271, 0.12064225221037994, 0.7151767064951368
0.7731942851600118, 0.6199645033401828, 0.651379082921672, 0.24255674938872873, 0.6919121441432677, 0.5956560717821532, 0.42411928146222255, 0.33620935283945674, 0.37022552761323135
0.6516857963446189, 0.7529962488170172, 0.4420725416232407, 0.12808278331914247, 0.2569117124474064, 0.9717939054146707, 0.7404250451323463, 0.2708440511126621, 0.733161677680029
0.7928925263061988, 0.3298236853519825, 0.26537046798557506, 0.7973155430247754, 0.5890263953029216, 0.7495346033867646, 0.8146181796336572, 0.3921007665409627, 0.014144782901354569
0.6852295114442697, 0.20946281511442022, 0.08841036741319863, 0.04875894609696885, 0.3132351142879011, 0.19974947227374107, 0.1920387545306017, 0.2795032877088921, 0.6892747782631424
0.5043349411793966, 0.24350620867994888, 0.026020895923286713, 0.315548991986327, 0.3680953562739361, 0.18795946098145644, 0.36690575080535937, 0.7084216879965065, 0.4381251724154297
0.004135362557282973, 0.14075669224409781, 0.785720143501976, 0.6476324351810363, 0.2709787951823184, 0.28202289602962993, 0.02505363795284743, 0.6145663297087686, 0.17804164978335335
0.6753503183729058, 0.9657967096641454, 0.994315748005272, 0.6652418090884445, 0.15412322622653718, 0.4948883449790218, 0.04142601696898174, 0.3582910920596266, 0.5037443058870449
0.8063954232030559, 0.5359766824576827, 0.9104155163632659, 0.5684383727825533, 0.6241368625482836, 0.581164774795102, 0.15685693790301014, 0.9746997094144277, 0.49941263547139536
0.618293283794204, 0.38875636611839026, 0.4856149967602976, 0.05619298519798677, 0.9402608193441532, 0.12235848280635786, 0.6416727308538265, 0.40188801161802556, 0.4990716451910877
0.42953630688775624, 0.5430098407426083, 0.09179999572831421, 0.13475021168802193, 0.16683493078216838, 0.2995123283098813, 0.3753755747340406, 0.6326854323479855, 0.44708884233455015
0.18412878312605496, 0.9576829191361504, 0.09331977018568394, 0.1377722321237771, 0.49440349039322184, 0.04287305859150159, 0.9342239095992487, 0.42860347060824056, 0.19902663435600454
0.1591791672595959, 0.11729864034423076, 0.5191395426011555, 0.3165432962026944, 0.9879271614931895, 0.06916469373770895, 0.5606528593073862, 0.5787103371269827, 0.4069696188414412
0.8582340094949329, 0.9116445549510823, 0.9656281873462674, 0.7047738179695602, 0.9026586779663057, 0.35671203272088403, 0.4477146296300075, 0.1738396661019469, 0.7623341350678416
0.02129997213506718, 0.9697938529192194, 0.5661945492450936, 0.22034899691910248, 0.4985418010738155, 0.6042799570488747, 0.1489673184623319, 0.05446931586068604, 0.6265962355952562
0.6016779893438046, 0.5539351967259469, 0.576878472418285, 0.9221688229718761, 0.5055076979870566, 0.31329818845975543, 0.8232688595314971, 0.588273180464817, 0.5496696413839842
0.23215712102445352, 0.26714384543496306, 0.5420986567022542, 0.6379183222850975, 0.9582673350735514, 0.6837168942446374, 0.06928441683280251, 0.42349757151110756, 0.8309821640104446
0.015453200304848869, 0.426598558984998, 0.2440982012995191, 0.8184329605781785, 0.8645563829539846, 0.31560354792199463, 0.18574079806571286, 0.7771577443758942, 0.7598238329357142
0.927116241360189, 0.3313119129131866, 0.12744117203594396, 0.26176172797249986, 0.2417630432373732, 0.4573728831077599, 0.16507560585024472, 0.807527462467897, 0.38585842905132395
0.21164567971006365, 0.33119892062026746, 0.928119317442484, 0.5329192838556048, 0.7195743459350193, 0.839571810179744, 0.760983760987768, 0.41418585468586233, 0.7352478323028799
0.3797482540762712, 0.6021751378178967, 0.7959202145528778, 0.443173750065499, 0.9168252601368209, 0.8180328268377409, 0.6002308649188932, 0.9027562064580861, 0.3404754899682181
0.8576379605338593, 0.036170878646960114, 0.912641274849962, 0.3170043929546208, 0.3820044595119455, 0.29787764464012134, 0.4668443583947738, 0.981967567370572, 0.9601698969846904
0.13723790426911575, 0.520538201506046, 0.21914610961935155, 0.016220725162254146, 0.41552059365491434, 0.6362735658937683, 0.4626762199402169, 0.6155253001664382, 0.43416433141921595
0.8841233206517112, 0.8838996030302091, 0.7430685594362552, 0.6887233721443978, 0.7492035106677464, 0.7348602594786406, 0.14785632117936665, 0.6625982501330708, 0.16370076442580317
0.7208933207905424, 0.03652408940578045, 0.033993601885992986, 0.06261349862213761, 0.2500364741348473, 0.41674077542599397, 0.23052929303439973, 0.25155729277897343, 0.5631712636443488
0.39552436376639544, 0.7178565992174888, 0.6542205483890313, 0.0721363618075418, 0.9396430001688647, 0.33973771811742004, 0.7554623246815289, 0.5011440950444375, 0.8871230556353533
0.11951391373709497, 0.7449598804780225, 0.9987585670818461, 0.46795897343553927, 0.3574912867831621, 0.005292688486786434, 0.7419828197500886, 0.4074328208315765, 0.4044948641213759
0.8103622422470934, 0.12393278632288207, 0.6320120494236784, 0.8397720316851301, 0.4806839426928984, 0.5867443780821622, 0.4033975097347149, 0.31542772401468655, 0.2664968019641817
0.06306986567024131, 0.8578896510640475, 0.28812600487746864, 0.05101042509794995, 0.8519602418059807, 0.9619869262169359, 0.4766069880982713, 0.09071906928410522, 0.55968346017322
0.5678880055357334, 0.4108447124199768, 0.3425112553396279, 0.7646709290120746, 0.5950399991534003, 0.5924127948875397, 0.6399190089828577, 0.7837075188682862, 0.8304950229679804
0.7171306756674783, 0.23245156804509381, 0.31256961989506393, 0.23495914589018652, 0.2461796256747114, 0.049821711035234584, 0.34381293351853115, 0.6447341381078737, 0.31967773812471023
0.2894463619449221, 0.29704237007046463, 0.8117781585885547, 0.4696639076283835, 0.24638318362086764, 0.37782078245941764, 0.7063420796249744, 0.07638228567671279, 0.3901262874964583
0.779449164788607, 0.4500126204294187, 0.4465346399193362, 0.45313425500381366, 0.845907067579608, 0.9745563407583013, 0.29318098505344303, 0.4409928734084123, 0.3886427329324176
0.21490008456414456, 0.31318222761748116, 0.1510991795169463, 0.5763629395136188, 0.18682980443012043, 0.25518374520658316, 0.14739751703536497, 0.48476768585779073, 0.6267156402745433
0.00232375369723,5.84169244064,174.40863662
0.00409995707163,6.97816470561,218.664579448
0.0163055138616,17.6560597199,253.131465135
0.000352244272217,41.3349182032,359.29597432
0.011185243138,127.998238203,436.798384123
