$x1,$x2,$x3,$x4,$x5,$x6,$x7,$x8,$x9,$x10,$x11,$x12,>>f1,>>f2,>>f3,>>f4,>>f5,>>f6,>>f7,>>f8
0.4100143951692402, 0.17529322032154526, 0.5118110385168365, 0.5883568381014912, 0.6783942671997685, 0.37930067722894734, 0.04937827242035886, 0.09109644494143421, 0.624446472476267, 0.5030863507485027, 0.2566254895947411, 0.9412584866647427
0.4873122183564116, 0.5728782456883302, 0.2710724087344373, 0.38202228745780575, 0.9092582354675991, 0.9899973869640003, 0.23325986553628464, 0.6882470682540105, 0.7245833247928319, 0.21110314198311353, 0.941593106282769, 0.0952266951413876
0.44401830896671557, 0.1615705474611957, 0.8083906955528034, 0.576742038784025, 0.17180041287103487, 0.18035264569204212, 0.702382001434642, 0.2759395188419854, 0.738207790537816, 0.04620267685154755, 0.9458776258431438, 0.6185898046110317
0.7762918468590099, 0.2175505167745091, 0.15375992255270976, 0.6073410153457057, 0.9738498245629287, 0.841516529530054, 0.309076202499325, 0.8606835134474805, 0.7831402366800165, 0.7959043571666207, 0.47981857079526213, 0.28835777474563107
0.6444542885461815, 0.8086393265983239, 0.8477482388584932, 0.731654924895913, 0.3981095278984622, 0.7128671863486624, 0.5808674888284707, 0.11273163365218342, 0.5772415115237338, 0.908868010137745, 0.5906918412942334, 0.928783622539813
0.11485125127045803, 0.4189891895626726, 0.36756355588901835, 0.6341772811483504, 0.4564814457280222, 0.16138968165752043, 0.5230792959761201, 0.5158727035014572, 0.7108769756530263, 0.5104222429024896, 0.49119917291056114, 0.3387731771893995
0.37702713358925166, 0.7946266683991903, 0.2202700667607057, 0.7500280202303252, 0.27090157918719227, 0.6175677086243704, 0.10883750107880719, 0.36644363671270297, 0.5893965740561495, 0.9014150893653633, 0.10088527170023553, 0.8196743677381461
0.4588514069680715, 0.7301856070797407, 0.6283130785090391, 0.015409843742916318, 0.22362822099838375, 0.5904627478883627, 0.04069021776057291, 0.6014869639217758, 0.32479955674707595, 0.7421940643020696, 0.42777939632039097, 0.7561793485622421
0.3500581721166016, 0.9160945386450954, 0.3972132863836306, 0.3819658938545918, 0.7794534516987054, 0.7273826417374162, 0.05063205566780804, 0.5838108894097298, 0.46581542383050567, 0.7146228497617819, 0.09457651591274818, 0.3736422816059616
0.6779076936664621, 0.0001495463815295306, 0.45057631351475114, 0.04373295678014166, 0.7135422992103084, 0.23556290041866146, 0.6319451863102935, 0.739305559809224, 0.9002247865142881, 0.5229559464419806, 0.7817351512398644, 0.8361335477957872
0.9234226552570204, 0.34001722880573826, 0.9733726606326449, 0.2610443739863175, 0.8712640209994984, 0.048351409301008896, 0.4409946015214682, 0.7429309311901847, 0.14111669697545481, 0.506950283078425, 0.9128844543679615, 0.6485549866780415
0.3769755643658914, 0.043247555632154655, 0.6019358109644484, 0.5725568687316452, 0.24932085224802003, 0.6404898361146208, 0.09842921540127092, 0.5814234004665666, 0.09188699146474288, 0.70269584535023, 0.7324065032869163, 0.20597490517883654
0.5122280070007645, 0.7142759068943241, 0.10233243725933905, 0.4412476400643206, 0.4797130740627106, 0.23161722124145445, 0.5377603011801859, 0.5941002861299973, 0.1833326125012401, 0.06034212717538534, 0.5523541024600106, 0.8276191952088419
0.7524347735408026, 0.16258814121475185, 0.8239997135731696, 0.06338434510828594, 0.11933566966899367, 0.8485100213044301, 0.365482875587245, 0.3812618017783539, 0.01786345957956237, 0.7772906490833076, 0.509202081810624, 0.9625804819275369
0.028409457442867825, 0.57063455671148, 0.1570922242367344, 0.9346609624902864, 0.9583939972657436, 0.35794058720150956, 0.5734724131667255, 0.9561885550958819, 0.27746274252453773, 0.3840718039156512, 0.8178946990494487, 0.7154933115873593
0.09093724979374163, 0.7308879927247881, 0.8109554289536721, 0.5105686997087874, 0.3398169394525321, 0.44353239688077317, 0.6646967832359116, 0.39051101733165816, 0.5776940342087731, 0.2501334517183771, 0.9940124129018142, 0.05463055003228201
0.7043254275313764, 0.5581172447831018, 0.690869395337317, 0.568578501770891, 0.9118328764561763, 0.09449355338606291, 0.6349828411581765, 0.08091218351712581, 0.3329035773839536, 0.3402694467287264, 0.9591336087718961, 0.7013524109492569
0.3449231084945843, 0.9501832279634225, 0.8295394652084508, 0.5089191548816107, 0.7401784676412326, 0.5161557924892934, 0.17034054788318131, 0.25150513473639546, 0.1102124184783011, 0.0001490447158765118, 0.004490490825604265, 0.909389893779783
0.6786146888928392, 0.5660329771921451, 0.6338901572383123, 0.44962901341661865, 0.35599403161167176, 0.006248770870474818, 0.45103955868757595, 0.5919533181132736, 0.05108355669365294, 0.5873346671503867, 0.038766898828858753, 0.5815310115764586
0.5736350055780827, 0.8906895372446343, 0.21108327619160183, 0.41951061263475153, 0.15788927864157576, 0.23126970544374192, 0.1613832968718717, 0.05836763801966516, 0.5943064495151547, 0.2532841221721004, 0.5473790341351918, 0.738306031817495
0.02338426238372382, 0.6571309764490282, 0.38930721476290187, 0.20912917292520772, 0.9903740924460547, 0.4053016690665139, 0.5636884043022303, 0.2643995239550302, 0.44836989552982964, 0.8110701987573169, 0.44868048438301966, 0.7544947767688438
0.2829152054576275, 0.2600700664858244, 0.03701515643517639, 0.5529162258363529, 0.011370636460156791, 0.6806255573272623, 0.15439104693799377, 0.5334413970756948, 0.7599608327109743, 0.8157741207133873, 0.1901429600987995, 0.9019104939079045
0.31783603477238276, 0.650946710861794, 0.818106446467432, 0.24536239768385892, 0.878749552172436, 0.8031593858508859, 0.6098362090985522, 0.2874838808579159, 0.45890841326384013, 0.5048284653065904, 0.9249599344454033, 0.4721339551340876
0.8910616103673352, 0.5667513306386274, 0.8049546869535835, 0.5051550791790302, 0.550089784933654, 0.4210347792425433, 0.019697337165441087, 0.7009779374436829, 0.6183575993206438, 0.38381161526893126, 0.5232282952056787, 0.26691017234602865
0.9094988579568819, 0.329455929515994, 0.6633625114707602, 0.0137704440098525, 0.14704907233074815, 0.8952242242622148, 0.7322728702669645, 0.193099774083061, 0.07447922240585281, 0.03658013809320593, 0.7507492176629093, 0.41626816232187835
0.43992794212095354, 0.6047338812397571, 0.48467016550540576, 0.18440132358681438, 0.49057993217252993, 0.07132512853139528, 0.9875622841177228, 0.2262363765220634, 0.15209007418387555, 0.4940762606394574, 0.127619458667651, 0.48290304053324795
0.9649147933899995, 0.9802117201703662, 0.1410363811716343, 0.680438254701438, 0.46466216290600326, 0.1957602276781979, 0.44005648971126743, 0.8778086257579304, 0.6735745930602136, 0.9782824444890609, 0.16308101328197944, 0.8852741117868894
0.2079340617965133, 0.6259051825860723, 0.6757943169626602, 0.29403244407543916, 0.6011424455561638, 0.360385174629148, 0.21054625951222405, 0.5861727903630487, 0.1664150902366195, 0.2082693319620883, 0.20218674603234366, 0.5487600180167986
0.0656860353547305, 0.8484472474874035, 0.28613116107016046, 0.05096960615034907, 0.908757495464328, 0.34589967715807535, 0.4359700526315178, 0.3702358207519896, 0.4429413114349777, 0.7373384578047995, 0.7317886158765577, 0.2844622541265531
0.8684321507829421, 0.8866192054937337, 0.5510623002976673, 0.21241953071839725, 0.0372003359741333, 0.1571785744284594, 0.057770592646717134, 0.3732154676944872, 0.5750099763331378, 0.6644220008735058, 0.21261992403468943, 0.13024008448519264
0.29533211812104276, 0.5572603012630903, 0.25158638652538445, 0.5166945006759807, 0.3066778578513828, 0.6240766027273248, 0.4072702526793214, 0.11029574690090271, 0.9383939677439688, 0.12417038396431335, 0.4950001376465847, 0.603873204209647
0.8677360243083238, 0.9293488508635956, 0.0484249966992486, 0.2153952650937554, 0.8388027544886345, 0.7639644599433278, 0.9039648977360032, 0.3061046159172931, 0.09166355896564593, 0.5917493092497957, 0.19408663086421163, 0.5293649393370089
0.9777780365038289, 0.9118524153818657, 0.3149396144307781, 0.24916991829585922, 0.33557890008466185, 0.18713138817715402, 0.9219679975853557, 0.3573171173724179, 0.3702940651625717, 0.145657771433099, 0.3608003567433904, 0.4880126991043141
0.4483658246775374, 0.6028318229556173, 0.07979257597518918, 0.5831253922068019, 0.7820689372392374, 0.5485208447076175, 0.21374750994474645, 0.6812266366159634, 0.5643555559355248, 0.7108864842964971, 0.5845712168603816, 0.6243836696409073
0.16819767037408717, 0.17906959922117993, 0.4090813915203383, 0.9507202030841273, 0.32443163222867644, 0.3283654686690287, 0.3496584595415724, 0.7956717159158134, 0.643678347541226, 0.9455424254980969, 0.77073672466158, 0.9212804018717915
0.46742634072659517, 0.3928867060757444, 0.00021712268110940514, 0.7616067837276285, 0.6323494515960978, 0.5856396212001455, 0.4402634257135819, 0.9898581856665071, 0.6314509203345345, 0.8494631694658958, 0.4333108210879356, 0.3021791779715194
0.7078378531040243, 0.7993600861100916, 0.0464607901128703, 0.17295973695222733, 0.4403287263838329, 0.20463140618493803, 0.827930930238447, 0.8944081627371541, 0.8198320266014613, 0.7014036815635695, 0.9250080018929484, 0.28802596150445037
0.1781014116384052, 0.8017362800929416, 0.40666887116794515, 0.7023947136661048, 0.7385495200909434, 0.2847833176200065, 0.27406818146007317, 0.06832384206804909, 0.38784872734924947, 0.8628238863274306, 0.24694366857106265, 0.7871636853250947
0.8136200651691348, 0.12257459853744013, 0.08405474157666792, 0.31065521477238756, 0.9399340894964197, 0.6702532079017415, 0.7064050875309249, 0.9339024778848428, 0.05145223612452787, 0.7208998724794523, 0.6479736163179973, 0.39319177671198813
0.6510022332382005, 0.5615883254526258, 0.7979614334785078, 0.8338231234416396, 0.7718683337391463, 0.7225839346891805, 0.3101818324891997, 0.6723236902982207, 0.6642187735465565, 0.037570066142357916, 0.03174810232406022, 0.8592088119776021
0.5722830730318706, 0.32003934362601383, 0.23924280862035863, 0.2689528076255059, 0.9412635965974913, 0.32722403705205105, 0.18008306077746883, 0.06991022053021123, 0.8493812851203025, 0.4098266070253418, 0.7297822640237579, 0.13209535510847614
0.06603739276078846, 0.5147495819521264, 0.9976503227780956, 0.7035852656037146, 0.3093302994651487, 0.7397272458512397, 0.96314568374465, 0.8481452075075968, 0.8791679408636662, 0.023410516774541423, 0.7537923915868388, 0.912126336340352
0.22523833870734855, 0.5357210649115969, 0.5708735327218728, 0.5063835902867655, 0.007807307983639267, 0.8444435277823719, 0.4447736340658408, 0.39276885598325606, 0.3716304236249046, 0.512841956426467, 0.5296920571945304, 0.3775755167937207
0.08283279366957585, 0.07297021839670792, 0.8090210207855182, 0.4341466134294235, 0.9866113623982138, 0.7394208796521664, 0.37962321140214283, 0.4035798224996525, 0.4021331813855247, 0.3747358921604428, 0.2939590533988834, 0.9920965058820562
0.78065813384586, 0.8781279359582662, 0.6379939230919129, 0.12781725491583795, 0.16296970861265037, 0.1909823487270772, 0.5923040163625419, 0.8594953196086398, 0.02155497899136305, 0.7115903413218598, 0.9772766697457329, 0.27798295171292275
0.16314338866562172, 0.869130354492647, 0.9071327049378808, 0.15651036901419269, 0.3177280383121013, 0.09247148914640835, 0.785883891766982, 0.07917274821450382, 0.000268009589520668, 0.09713508134840732, 0.6096713968626394, 0.8065004630734156
0.8255773132639105, 0.911587579791465, 0.9255774966840729, 0.08884353753938734, 0.8093160765914879, 0.14514503930330025, 0.6206829120454879, 0.3670012007417469, 0.7774163917287212, 0.43234833591492094, 0.7547566765203548, 0.0886730479946587
0.19120938843932023, 0.77754148289734, 0.3180021213667884, 0.2562659700062624, 0.6276116205122246, 0.13905443401128503, 0.6348296023190309, 0.898231045372932, 0.7195559770471394, 0.7950858051183722, 0.7765590319393881, 0.7840293603999772
0.649843958593599, 0.4661665260258008, 0.8154502640221604, 0.5785580473292621, 0.7766243835804254, 0.378738067638691, 0.06072351727772163, 0.11881905215939081, 0.657236519799031, 0.22539527024508477, 0.646272324677304, 0.6396209061350173
0.7692689277664204, 0.35155083519687447, 0.7204794916678726, 0.7742487947154014, 0.924781692552179, 0.6671729466532724, 0.6963795318719973, 0.9256675321622356, 0.06064332177951037, 0.22683411028608624, 0.7375825271099095, 0.9345363209127328
0.9557695774137964, 0.13228402540315176, 0.17027398661516546, 0.7994547764120693, 0.1377414366023486, 0.27328898924793976, 0.6748936515565369, 0.04464363353478418, 0.011770977714233855, 0.8236033459638197, 0.9304855279768414, 0.8914764005843402
0.778741159743283, 0.988146926618572, 0.4776069348537424, 0.9031289626006879, 0.5464912069612289, 0.06714000466599113, 0.9897809226696043, 0.8336966598335251, 0.13178349617613594, 0.8247143161580625, 0.5333253549559385, 0.6095775958858807
0.7605469718617293, 0.13721996396330394, 0.17328621941178546, 0.7016015216612441, 0.7111203461586114, 0.7118190075532794, 0.5838632103786785, 0.30627228855120203, 0.08633128127248124, 0.40533981277667075, 0.5596356418423158, 0.262711800223417
0.20762681691879736, 0.7333513638299621, 0.9617075415147762, 0.5868694345712356, 0.08585374941832069, 0.9221898096257799, 0.6981279571122774, 0.9455949950156299, 0.40520242604428125, 0.040561459339983785, 0.8852761827133443, 0.0591818428757217
0.2868971922012937, 0.8055114055135228, 0.6552689351715796, 0.6848094945253348, 0.13720243812621247, 0.8951819736805459, 0.5120149958346585, 0.015548382237591363, 0.4706724274031354, 0.06090897057458178, 0.6256112292711128, 0.5706902849618022
0.42023363561705585, 0.2087310936728316, 0.17335049362179733, 0.08008140477287817, 0.6605627381352803, 0.5783991273987176, 0.08684739164309851, 0.44504592227923556, 0.37494772068623017, 0.6161929969786036, 0.845205297949343, 0.6759422956344361
0.745012307065505, 0.9591268770912498, 0.3810793866679564, 0.8671974882493995, 0.632510139724005, 0.8558745655420343, 0.630351699616329, 0.8316975210486576, 0.4358460662896837, 0.2357449008514373, 0.27315165992947055, 0.48268397517422934
0.7048318237834984, 0.4735823208209631, 0.04177571474578412, 0.9184565760269581, 0.385077030766948, 0.288730254027575, 0.8950980003757067, 0.6552963458035721, 0.9829473913053057, 0.8120234630519664, 0.2225550472113652, 0.8604502352521838
0.6011448675324899, 0.7554894935557022, 0.6686251889744129, 0.2732039419853457, 0.7229109888635313, 0.1656894766899346, 0.9513509886887264, 0.8497129454374694, 0.7019171417854289, 0.27976647876221383, 0.03610850729925741, 0.8551171941752717
0.7812842590447532, 0.6837803744028796, 0.11574877157244823, 0.642587456414242, 0.43736723497822927, 0.8346654647853236, 0.6310823913414124, 0.12036432025407096, 0.996018084425258, 0.005822627685915571, 0.8368537788555469, 0.9508167546330886
0.7586957585557197, 0.3985639965049256, 0.7534190915717459, 0.8700064163422245, 0.4326670910964472, 0.4126598657520969, 0.515384664658234, 0.7043087331280565, 0.22494607276547474, 0.5726411289352886, 0.4714232006777592, 0.9345218466327609
0.08535105429175815, 0.8669269270036142, 0.34471051018597676, 0.00012294626839037814, 0.4847217559916752, 0.34104464067175844, 0.6002058671429991, 0.03792021334585305, 0.13677419201833285, 0.7180645696942518, 0.16156736020493156, 0.7391237920730829
0.3591678519365773, 0.8344410312657408, 0.39286876759609446, 0.7307296928810251, 0.035262895319614906, 0.40280813206956356, 0.6934374659397617, 0.319377863149931, 0.4863949887451482, 0.16628275302364937, 0.7837826272484335, 0.4429139516030631
0.4163094655531704, 0.14200084005841518, 0.1297032266311825, 0.2772817742151993, 0.5417340109559061, 0.11314221216429277, 0.5440128879866529, 0.8587108134455472, 0.2611776000194431, 0.5278380950499598, 0.4501660289917143, 0.11005464837531798
0.5606562275356582, 0.18897124164937407, 0.21382799860407498, 0.9050170420848177, 0.8628242425370367, 0.11084316308341335, 0.6984311451131581, 0.19878371768201575, 0.9299516675609568, 0.360729639559205, 0.26475326791308595, 0.177976510402985
0.9450689529041957, 0.6828890099430031, 0.7113334111776443, 0.7093105440414875, 0.5254277319118136, 0.5193794928090725, 0.7089379331351713, 0.6233743793711576, 0.025642456619287657, 0.7020823412155331, 0.5960206728671354, 0.21468183533057938
0.030861331123288815, 0.36285030036614063, 0.4267399256833526, 0.711196761551608, 0.5637249075660393, 0.14362008140578242, 0.8867540788510934, 0.01770505766059627, 0.7366770812463145, 0.5559457810954646, 0.16798780326788487, 0.9938632520816395
0.3105079827313324, 0.13726169039308456, 0.6672295756799489, 0.1931565994335276, 0.002650317908993838, 0.3713453446310928, 0.9040318802255495, 0.7940030200469883, 0.578701191670266, 0.21068321160085224, 0.15272283779759188, 0.4007802169757181
0.9291496097891192, 0.9146072744004632, 0.327038452375377, 0.7423060293601105, 0.44750985732095694, 0.7368277996233435, 0.07875965457037626, 0.2801109479953502, 0.3917639560424512, 0.5362973045606471, 0.13802434662670504, 0.1855088159461712
0.1490024279045966, 0.5970577903166928, 0.04399148960161703, 0.3217715045097499, 0.6878755043679817, 0.723492891060377, 0.603668717781481, 0.3912469146661184, 0.4322694051261341, 0.5370870006314433, 0.10283025949411595, 0.7106304276647969
0.15802698222283118, 0.11065461730567983, 0.956544244620489, 0.612340489242019, 0.5052623064722301, 0.9734778306227941, 0.8074597778683368, 0.525873099744533, 0.36662191954142875, 0.945184833893188, 0.11293679411821411, 0.8569642531027083
0.775766392479293, 0.3129821764357682, 0.33742921563017136, 0.38857659770139386, 0.5683978961405579, 0.5585178513710889, 0.06285999960110122, 0.9225599939960762, 0.4614464004787092, 0.3874696764584209, 0.19314038912642073, 0.23560957811863403
0.2743479082108573, 0.031562036346945765, 0.20664504972879227, 0.9390250899571291, 0.26056991188864, 0.9563860884769346, 0.17832643859919373, 0.0950165834667781, 0.077567120585599, 0.8411578080960421, 0.4680632339433064, 0.45658569867900123
0.28199763985423465, 0.820084203168694, 0.07018196704834057, 0.9186941490137339, 0.4093829776204321, 0.9798911225151932, 0.5246793822980165, 0.20912234334718904, 0.27514019098321774, 0.2532917259440869, 0.4606150947982207, 0.7357245326081514
0.33827949571486327, 0.6537561552441139, 0.6276911846512399, 0.8053527194994944, 0.6887302239943739, 0.878700984825983, 0.44408618659779686, 0.3720781510955754, 0.23084201869504928, 0.34669001465656624, 0.17897056647998022, 0.18988711462793684
0.575263607770562, 0.0645004647349402, 0.27575165184927797, 0.5866401951225784, 0.960921734089601, 0.7297024853446861, 0.12410787183532623, 0.09741572105128293, 0.007256212111175775, 0.5570100347903725, 0.9615865161743398, 0.8034274152214884
0.09894881454255033, 0.25623835332035383, 0.7952335581953542, 0.29436068766201107, 0.7692536338898431, 0.7988387020171807, 0.8516216313140597, 0.18423543071970294, 0.30869963951645607, 0.3383913007463526, 0.628571379360574, 0.07292181397443065
0.5599930942987732, 0.14910076261310712, 0.20022223808951578, 0.75667204580404, 0.5193376732279719, 0.9299252741092301, 0.46487912258922615, 0.007472028595600033, 0.8941625981021972, 0.9352181540884658, 0.8495411226639847, 0.6285415607777632
0.21901335395808863, 0.06321902153093895, 0.03424713007349589, 0.4962520499735016, 0.5657031481283299, 0.9180335959193967, 0.23829139400054966, 0.07206658978768021, 0.043237861718269044, 0.31147538875812164, 0.0017744991348189743, 0.8155358552151772
0.8416013087882545, 0.25760047752772697, 0.25506450356713994, 0.8998181836057301, 0.7462342933418173, 0.13380212079546439, 0.1859995976641462, 0.18179008902802274, 0.11168147339234746, 0.7406902910169311, 0.696402503797904, 0.41024689038810336
0.5838221695195026, 0.09714687425997393, 0.538451592165549, 0.8811232932086717, 0.6009061902227066, 0.35871132687249396, 0.41492216531525916, 0.7777439674425746, 0.1504575091603788, 0.7408606921671391, 0.4498241056035923, 0.4280300003203653
0.398949854166994, 0.23005330890302245, 0.7188648701979802, 0.4451304982919091, 0.03594667387110495, 0.33459400839391573, 0.028434269978379167, 0.8058993290002978, 0.7055260086863856, 0.31989044791802357, 0.4530343860423206, 0.8981138054231054
0.27082110912921153, 0.4692587046601949, 0.8290375711938425, 0.13469220627966583, 0.6515846271932708, 0.2712129573202854, 0.07571436217388217, 0.19938138452047194, 0.2681387050751679, 0.030877676471996796, 0.4195220303646514, 0.26489637755460704
0.590704331823009, 0.6842608602722086, 0.9830726296426677, 0.24287146404753412, 0.23013264826466406, 0.27230139622671845, 0.3261842011193953, 0.21605900096274366, 0.029447604038664088, 0.2461347872194949, 0.6371559762433818, 0.7914881710353915
0.07861153561218792, 0.5295609187290344, 0.5510767678040303, 0.8620789518829743, 0.8631169634355604, 0.24254028560298735, 0.9216637434373331, 0.759656876876566, 0.4375567513153632, 0.9668315808789664, 0.3780433852542848, 0.5425071165297402
0.47972527391757436, 0.8957272121008263, 0.07407630512431107, 0.9785642071763859, 0.8440264766758625, 0.27086946350966146, 0.08336097100262874, 0.17605605571550376, 0.40522586555271933, 0.9277508593917699, 0.7167080787522528, 0.8590598931375317
0.6527603420142384, 0.12395269915758511, 0.9276479111005368, 0.5656732265913, 0.5675533480758461, 0.27344253491572357, 0.9692430454968761, 0.616395277683951, 0.3448351913402109, 0.023759617231931096, 0.5792453297600868, 0.04415314753938393
0.9969512823997244, 0.7270811238596149, 0.4441305993051805, 0.5999044812035647, 0.41408656624836726, 0.17292533368180185, 0.5715290300014355, 0.4087503892040616, 0.7463083828411905, 0.42227703395005445, 0.6155868186158041, 0.5046773967740887
0.9281915121426924, 0.25778019686145726, 0.03796526779400855, 0.3735158857269447, 0.4278539578647139, 0.9036845170047957, 0.3304814932115365, 0.773376336348205, 0.07617032217032715, 0.02538728506523069, 0.16403627178373226, 0.22511922847076815
0.6244178571239045, 0.263625483321162, 0.8926820856836141, 0.39655745594326186, 0.20279472583482172, 0.5910516009397452, 0.0008552182160508348, 0.029062792207253163, 0.09772651639894392, 0.16404475398541218, 0.5306729905736658, 0.9746158866303708
0.44222829482617365, 0.45812427813537315, 0.4996577668952259, 0.358922640167186, 0.48542884979105594, 0.4601848847069634, 0.9433819581810249, 0.10771426481571489, 0.7479742925555397, 0.7939016192586288, 0.06590191235926435, 0.5714008292282018
0.23824556865165625, 0.7081950697565945, 0.3237924386377874, 0.6734740286401111, 0.4271780021440248, 0.6748562914636692, 0.6139175814816392, 0.32423640232305373, 0.9667589161523852, 0.6603910179273337, 0.799219646950451, 0.3660693290161897
0.0161233460292,1.37676042696,1.9374191566
8.85261515489e-255,1.17870589003e-34,1.43121841149
1.38451761102e-255,1.27942816467e-30,1.43056102193
0.0,4.04825948286e-29,1.53343954796
0.0,6.70634120675e-29,1.15172194851
0.0,1.23715104275e-32,1.50633839082
1.07710999262e-228,5.96956192529e-30,1.29616627637
1.23894421319e-276,1.36460147141e-27,1.20870390494
