$x1,$x2,$x3,$x4,$x5,$x6,$x7,$x8,$x9,$x10,$x11,$x12,>>f1,>>f2,>>f3,>>f4,>>f5,>>f6,>>f7,>>f8
0.24278378618377272, 0.4447188236578745, 0.12734126486616515, 0.8982114635985984, 0.31484718247380095, 0.9511019384143382, 0.06760581452284686, 0.9316924070696588, 0.8325105439613703, 0.17211769717508263, 0.8720742376036229, 0.24091221627023662
0.4539272015570328, 0.97311835707286, 0.010243379659000351, 0.9421355555622808, 0.07265741438567741, 0.9398853454941543, 0.9977639736288098, 0.10025935659585383, 0.4045916887863398, 0.4123469561738077, 0.6485678295706867, 0.5144447161980081
0.9372793608112795, 0.6893182401767932, 0.16976033017270142, 0.0010142256131641103, 0.31461671198278285, 0.7786002278730032, 0.05615750186947799, 0.951922668263971, 0.07275082438646951, 0.022441699181095065, 0.80935090213064, 0.8771419576874538
0.7077732119944805, 0.04088606203944045, 0.7334156601210015, 0.1490325666297182, 0.8679426004978852, 0.6965174662743832, 0.5301897797191267, 0.2735917288144768, 0.6740475752737792, 0.16374511447958917, 0.9749945761041371, 0.2632857937697054
0.8702866182700829, 0.6452806067103375, 0.3262213942633062, 0.9982293432254195, 0.586971223038368, 0.0077769261012042845, 0.6449869418014821, 0.11590767289727066, 0.7402802455658087, 0.9308612575485355, 0.5743316360095515, 0.8017027124654743
0.4029515589462612, 0.3065547001562373, 0.9623538273204326, 0.16058603609210687, 0.050678869971225615, 0.46452555267049644, 0.12261120169446782, 0.08716923008101507, 0.36877294235489244, 0.7002541028940193, 0.8962553041337407, 0.7724014625282333
0.9531065281005247, 0.18330159327143292, 0.06080134625419187, 0.9798950725305978, 0.505775106014011, 0.02177612616786251, 0.21415111931748854, 0.9998562174666376, 0.36123658884630605, 0.8481774002645905, 0.9082772646278324, 0.1254314446276188
0.7929345575578582, 0.7403588354121058, 0.04773231312365389, 0.6211959769261048, 0.8568438913825689, 0.33604121177585367, 0.9023717422018699, 0.679759330975258, 0.42196346398607076, 0.7482095071693708, 0.8752575242458142, 0.6485411347577463
0.8091417629955308, 0.6747186910239892, 0.8566234046096965, 0.16711128734844427, 0.42208708766875946, 0.9975519785617085, 0.9756985295707993, 0.8275716810875376, 0.0865857182447729, 0.4336657102174756, 0.09750996137208023, 0.18825565537460798
0.4734491708499382, 0.44287747424218205, 0.6019885462314758, 0.44203835354534826, 0.9525511655818089, 0.4113671472202637, 0.7629263482542502, 0.7917110151218906, 0.6670758490767881, 0.2651830398745997, 0.11534644708383257, 0.8226087695794079
0.09576299301203117, 0.08595822891066862, 0.7669073433032483, 0.9383626813442661, 0.446493905444753, 0.4150377075075823, 0.190955856237923, 0.4041374712869329, 0.5594774686191789, 0.09587694666873892, 0.4912791895478893, 0.8588342791341963
0.6287692699336888, 0.6336852135639973, 0.9183306902437536, 0.24219617968467022, 0.20325880827243825, 0.32151307453966016, 0.5895247212736344, 0.7869078941468878, 0.21918998818104418, 0.8010363626946, 0.44640384757566665, 0.09788252447429391
0.8117495727109668, 0.07834982310677618, 0.34947566427413923, 0.6124379973079596, 0.41517814197539327, 0.3538351464095564, 0.39100756276391935, 0.6532839514217759, 0.8571381066716763, 0.2831250483978286, 0.841765940909594, 0.13786688903044597
0.3358646298397536, 0.3376173700383377, 0.007525618125236666, 0.561760202015561, 0.1513614316092916, 0.13353847395949014, 0.13748641959631758, 0.6377410726102346, 0.7453656668418067, 0.43696004743191774, 0.8568170495599502, 0.7482165193467217
0.8627831020315758, 0.7216799308104029, 0.8228565692793237, 0.29215728326567847, 0.06568241392973484, 0.7715891902664376, 0.27083087726491106, 0.16128808637733916, 0.08140460415840789, 0.21192354467162988, 0.8994372356736063, 0.5156301505077939
0.6863066106875746, 0.8882157167397855, 0.408935424194789, 0.06396875028233395, 0.37688495430631985, 0.11462450847072525, 0.7501648931925492, 0.5233037663705714, 0.17213748316385125, 0.4805217576420471, 0.5096336439521435, 0.9581841002743224
0.7138130224560276, 0.5006617649804609, 0.6606759516194576, 0.7036772911836053, 0.36979164518046115, 0.6675977458757919, 0.3540650802892422, 0.4627003019386603, 0.9934815657655335, 0.8739131816118233, 0.1273149470659637, 0.6787501534148699
0.4817465283683441, 0.24785080239185886, 0.4458515704670183, 0.977545295912814, 0.6663313318142796, 0.9371805010850252, 0.736615240285301, 0.28519184376161233, 0.20987575151582438, 0.6120860937949661, 0.009103709969482732, 0.3217384321635246
0.7157590312419018, 0.33147065935452147, 0.9173882615920351, 0.8407598188465094, 0.7447485123278241, 0.5817680782554431, 0.681590577951554, 0.8806311820538988, 0.6849359871273304, 0.731616749404288, 0.5067386709053778, 0.31554617912334415
0.05662269838742651, 0.7452121185935611, 0.9751735387818052, 0.2386067786941487, 0.4849833805925392, 0.6052184610314885, 0.22199919557326364, 0.7052646802559875, 0.8755770696461644, 0.03680563178799179, 0.3286663609205509, 0.523795942425187
0.265370013826856, 0.7857952538719405, 0.7592296248500329, 0.8104950038065424, 0.9442693400604509, 0.7402391082166919, 0.10297251742626146, 0.8293558966669965, 0.016134955960197428, 0.8999486860698438, 0.4194298197049686, 0.24864608201476968
0.7541343111921261, 0.8554712822997839, 0.7000756807230486, 0.9066497401192137, 0.4025376131672739, 0.15563621910344239, 0.23770387480001376, 0.3348799437046496, 0.06853806767550841, 0.0995465227199488, 0.8844259798216909, 0.38764553822580294
0.6552110385544611, 0.48608205518810255, 0.6714551480940247, 0.8191203422229993, 0.07476758292472463, 0.6008430003187538, 0.7192401171138029, 0.14456269331369687, 0.006517392837906422, 0.42099305851293023, 0.1059409974255402, 0.9894367444687668
0.4513846267032732, 0.6279946316164113, 0.3013181836937512, 0.40407451036512554, 0.31716333863674284, 0.4814401545770296, 0.9281264641715109, 0.6540962402561161, 0.4915693026955933, 0.41516375874590716, 0.5192245589849179, 0.9074294476370948
0.13173853524527135, 0.6848066992094898, 0.8507731855239207, 0.873470717481297, 0.9076756827031653, 0.029743350660849543, 0.6047605439740362, 0.19828597468186593, 0.6231598714049386, 0.12142426826086683, 0.6846771949297165, 0.6415805465261203
0.7171910795063697, 0.838410179623052, 0.8497196680543875, 0.4494426463377269, 0.09561615955490843, 0.04504453372591122, 0.04233875643281526, 0.670524346246563, 0.6611931053959036, 0.156432444881192, 0.6046111866485021, 0.8740192778715048
0.059248809956497506, 0.7771827618536453, 0.9227346561954984, 0.5505473203922988, 0.4367548067528012, 0.7360491400577015, 0.7617487809903677, 0.8713907263777619, 0.5322796987606261, 0.5203450784319426, 0.9980717670009108, 0.5390724760313702
0.5852109657204717, 0.046218291997354055, 0.11840421515045896, 0.922607934387191, 0.29479466094437756, 0.5212735718261576, 0.9300037619286691, 0.6117938008676623, 0.7244932477154018, 0.1920704989252221, 0.011370588559499573, 0.9944065190453623
0.3141228578992652, 0.7736081824305315, 0.279759625402592, 0.44647591896999816, 0.06825237340287993, 0.38082167081375984, 0.7897089281810443, 0.7073959054582772, 0.3869682177447705, 0.9624242686768798, 0.43658308867255635, 0.24039344450875633
0.4731856156408889, 0.9998405682493328, 0.3817649649077587, 0.7114072131914227, 0.6590320074335808, 0.32429475730812096, 0.7288270232384076, 0.49924263472337993, 0.5023225848723983, 0.35743912557860225, 0.9986250695958196, 0.1804890796038653
0.08785199285300982, 0.9196043171305214, 0.9876479571140413, 0.8529008879948663, 0.45978428958870743, 0.700492868184353, 0.4856356751869749, 0.1708899044978699, 0.8589993632113141, 0.6266848530969721, 0.6369405075161867, 0.7385157424363216
0.1884984166461151, 0.7992830450807094, 0.8407283024235734, 0.4006162531821268, 0.4102869925924303, 0.9986464507903566, 0.48628976562867154, 0.9690127180820625, 0.9785677908104251, 0.23316909608125702, 0.04709244631742482, 0.9025389782354368
0.32191410445225055, 0.5393273897055517, 0.9255506203950591, 0.4787691743251752, 0.4038644269885845, 0.9821146633719658, 0.5623848050195317, 0.31262123101013106, 0.7035453202589883, 0.6634305418242128, 0.770398805178537, 0.9450523247044749
0.2898451413405755, 0.44573593326215855, 0.07696456484707259, 0.12122802467428073, 0.4815954577105541, 0.8287847323543285, 0.8327462808981624, 0.5228665460012833, 0.1287749228501126, 0.11017146262985766, 0.9579417328112925, 0.9716318766301036
0.11623062387673722, 0.6344704145378613, 0.11864792670412261, 0.23851836550344263, 0.9162538882407659, 0.8011299212376318, 0.33813459925816824, 0.013059767493370233, 0.5409642860568249, 0.34403802402016814, 0.7965714999526767, 0.9710084330846503
0.7117925487716791, 0.3376364808905634, 0.02297307820519634, 0.5662645823305172, 0.022307867616329524, 0.4733412255881825, 0.6045647529904573, 0.05771627367706511, 0.3188961261375248, 0.8657163890474926, 0.5146250106560014, 0.20089873941265857
0.521347295044304, 0.9290940116373003, 0.7021692741985456, 0.9862684493175385, 0.40636994761850775, 0.39429557471886123, 0.7665591045840894, 0.6170998978737092, 0.9633664712278841, 0.27142007438915405, 0.4844052022317852, 0.6121196029066998
0.9989772712453286, 0.5807832729827399, 0.9237193050537321, 0.6967176350351281, 0.23370764830772572, 0.010061431561219636, 0.7531327965963394, 0.661332104591285, 0.8575590234383796, 0.13164827850281757, 0.4026120807701391, 0.7979491289043148
0.34040743245755545, 0.6878482137842798, 0.21282230402020264, 0.9097937440999299, 0.8579185023617025, 0.25045917835784504, 0.36579199785792915, 0.04531649906576396, 0.08704396239801815, 0.7624924510193295, 0.6221259054870405, 0.9471642192115663
0.1685194001008089, 0.8692736442629367, 0.49396607826824135, 0.4799911134536129, 0.9108571088034837, 0.8163614152978234, 0.6181730212311947, 0.5943594632542757, 0.5432954009782058, 0.6542376699731562, 0.5062314596565858, 0.03751360846644225
0.34171273620717935, 0.5309028575116789, 0.4042123823362026, 0.3683258348714745, 0.35958968839420946, 0.9502025869567516, 0.3087299907907376, 0.5557841483252804, 0.2459583393865219, 0.10155808805640976, 0.004624666193867699, 0.9296391963064206
0.27916203861833133, 0.8077304711042467, 0.23807920706595143, 0.6517411070980861, 0.8698254233148277, 0.30712701840189616, 0.2241561452072378, 0.8192190460692492, 0.7411094743042335, 0.30219070825186545, 0.2889684811109139, 0.6300756528944926
0.48289775217546416, 0.09201161584541317, 0.968190930106597, 0.510191622342648, 0.6458070022977445, 0.6482674386587131, 0.9535610324313291, 0.9868867953548576, 0.7918040615121635, 0.9276623346583015, 0.09857983546742721, 0.7731411128842673
0.3912957182704462, 0.22221197486237798, 0.44896273581603585, 0.9558574344932763, 0.7738711600200625, 0.393284764999587, 0.3848849945847094, 0.5712220637643798, 0.10660428748920336, 0.4857064649276014, 0.9643435377459934, 0.9482529098793284
0.443016653387749, 0.7489082195248742, 0.8696974136037031, 0.9015190223091796, 0.49658237365405167, 0.5818344768516945, 0.8502517344004042, 0.2874303829188005, 0.06347949077213955, 0.11277089799875473, 0.21330898083330518, 0.658925805625529
0.388005477193902, 0.6062115815815302, 0.12318091522672603, 0.9468397883164335, 0.3442485394535981, 0.2308105129232657, 0.7296196718437022, 0.8374188032645309, 0.9634025012213612, 0.5477418763894227, 0.8203963409825038, 0.28834746235944986
0.7629300638136923, 0.33331814512828295, 0.12989157649013194, 0.30324814183532245, 0.1989028891371154, 0.2180302558456534, 0.23483372728318552, 0.9848973665440034, 0.6238809099468832, 0.4417643229256102, 0.22774469532031028, 0.8999286387253165
0.8266848059280292, 0.9068641235096288, 0.9094411620545461, 0.12528416836013057, 0.2684271515527049, 0.33687741033851226, 0.6761252089818675, 0.7750110367330983, 0.6695336742806889, 0.7347896275720158, 0.1407523507261258, 0.6453970241254434
0.6423330556901827, 0.7127274154077526, 0.6255189712953056, 0.9297745240159229, 0.17348897548184816, 0.8907089129383823, 0.6174004660758372, 0.9067317451873228, 0.5022566104129352, 0.23548192346304253, 0.6248255702305174, 0.9263917193106955
0.10942538667511914, 0.9149056597533822, 0.6107908938917813, 0.3034162830318926, 0.06612480760691375, 0.7407254944859094, 0.8127841196908904, 0.02224841186697779, 0.3941812261938815, 0.3970617961821874, 0.7046627845564554, 0.7118608062841704
0.3170587762848941, 0.3611788311890922, 0.3103277343412729, 0.717127828586315, 0.34661698657566486, 0.6055348381787696, 0.08743869631211132, 0.8419104283146516, 0.0880288017945674, 0.1983009089356872, 0.871788199012446, 0.27341196458299366
0.27880870412481784, 0.08930695186190474, 0.4520662469973066, 0.6418408837545282, 0.9280997756022884, 0.6199602765744434, 0.05411779279552287, 0.13058031061905018, 0.5420827487208453, 0.44013172192017824, 0.7091244089669658, 0.510710241797792
0.44993334224112536, 0.8119474431661934, 0.4197137295677952, 0.35013100485390114, 0.38600566441816675, 0.7415104672794842, 0.2662033535996088, 0.5386822418682832, 0.05831284266826742, 0.5803777579027808, 0.08738544108636292, 0.5807056211131708
0.7847703281247523, 0.42128687835525225, 0.03607768894734065, 0.0783778065603511, 0.4240339647567949, 0.518928641898907, 0.21509204763975986, 0.7629847117834625, 0.518848030281656, 0.6101711192696322, 0.5507495398173923, 0.8791411961373699
0.35512633366381596, 0.9175970672978145, 0.8544986300594878, 0.8439278984142132, 0.4791126598573635, 0.8727427247407769, 0.46115053982778376, 0.1274845622094446, 0.35337597318182945, 0.4284087026288649, 0.8772761841066887, 0.564967075957229
0.9914764208379113, 0.37032235383610423, 0.14793807117985158, 0.7267025268184067, 0.7329039758364857, 0.00427456135954396, 0.32395400966781007, 0.3530020922374174, 0.6362517058386806, 0.09407637710513606, 0.3145960409473195, 0.9949721671115122
0.5848149747678791, 0.7825625676735246, 0.2687317884961642, 0.07294797166900513, 0.40455811278836706, 0.4943279528114677, 0.18276445098291116, 0.6624971545802383, 0.3964996480539259, 0.424358902105178, 0.5794928652663498, 0.6965633886014929
0.54302996908147, 0.9095427793940611, 0.28687842557787746, 0.19868684536723613, 0.875586236989175, 0.3998833334499138, 0.09803706756867703, 0.18112563879173205, 0.022494124366186696, 0.503514482514967, 0.8545887999311153, 0.8165714918415583
0.002608214510599449, 0.9275596420106, 0.6528483475377301, 0.8658123378614992, 0.2729259263502988, 0.7386648603021907, 0.7022288282503368, 0.6015089911851212, 0.2718717623592132, 0.11359647928760874, 0.47032908487910996, 0.3618329137116184
0.6999609654941169, 0.7758301473348179, 0.5223016841135687, 0.7222501484169909, 0.7133906543745735, 0.9892376266312826, 0.15599244674432, 0.10409609242060625, 0.88311690389778, 0.6144758267042641, 0.25140036273734256, 0.028675152020503747
0.8360127162441896, 0.7741372383342161, 0.5506726616783267, 0.7464758463213671, 0.34583668701658, 0.036895978290186426, 0.8173733081165451, 0.16580913503889172, 0.2956266166787339, 0.5933713077983996, 0.40066837463889216, 0.7189818769513049
0.3406618868727146, 0.160252382747474, 0.46843768872058344, 0.8515133261479101, 0.5994692319988879, 0.2502767744382257, 0.33536626037053696, 0.09012023273653191, 0.7588709365572218, 0.8547650069194195, 0.6064161499582242, 0.26324878489707026
0.21941268694977645, 0.6136863776053717, 0.790842568786495, 0.6625311246357339, 0.06114185845593201, 0.0785221885195313, 0.3098924678470176, 0.28828595454526784, 0.5635369756962167, 0.31137969521896836, 0.029981854692237575, 0.3959550917446806
0.2320100020241933, 0.0010985278941956222, 0.26109949872547467, 0.7431239094305038, 0.830854728581333, 0.6262942590684917, 0.226324786388019, 0.31074706543232977, 0.8041269088577181, 0.6388918649269021, 0.9967917746082982, 0.6002402147283024
0.7215784015432609, 0.29218749813070244, 0.5161389704233841, 0.7835695938868326, 0.18772221157361269, 0.2932196302053971, 0.5513796340638228, 0.315607962058144, 0.22942036452108305, 0.9184007237429527, 0.04845794519887603, 0.7982889791104049
0.5372564218698617, 0.18188924202446366, 0.8673423884771391, 0.9370390881125219, 0.5170908659828857, 0.7049860191475151, 0.38332206907177435, 0.977186702007402, 0.07638943052018843, 0.8639767256219315, 0.6254067416058205, 0.19113084844262374
0.35246280023786314, 0.17998488741458019, 0.06219860054432891, 0.33532067467437865, 0.6061297457082241, 0.38924291937036337, 0.9604316724145916, 0.40211987107341285, 0.6242573478439634, 0.31637103829317004, 0.5415558797165558, 0.4555319557086256
0.849461196461231, 0.10077297833107735, 0.2733245373536667, 0.33224357324193377, 0.5269463001562539, 0.2310901763580735, 0.5942348598578849, 0.766680149399499, 0.603292679005156, 0.9793320817528353, 0.23230885413263058, 0.8307799408739514
0.15591000553083645, 0.35986946879237014, 0.46827217750443295, 0.8577162814504359, 0.08399878038824726, 0.7471939732433904, 0.7825476132284332, 0.7935842000619092, 0.04920061101450446, 0.27124417061939776, 0.1358393727707804, 0.9967893172998342
0.9961944373032324, 0.9927220255187129, 0.8971353497732428, 0.07839307228461823, 0.7396747743074831, 0.02857992567183021, 0.2051966073493442, 0.9214423425631283, 0.6816387108814508, 0.6463658193365963, 0.014923285343569792, 0.9753112909234546
0.23345954528166568, 0.8543833694373059, 0.8976690879965089, 0.45097599497557417, 0.958093191564692, 0.2702806674409298, 0.6841979868241119, 0.2865851669941045, 0.7668574587833633, 0.07684309550475121, 0.8736048277200429, 0.8670290128467305
0.1608647226453599, 0.7570891567572418, 0.06564590617692667, 0.20770222490232348, 0.9654735110493615, 0.9839321272307533, 0.599988418459163, 0.24698079704163178, 0.5174015251616033, 0.8672685360042344, 0.9271089242624863, 0.949529804401718
0.14080865938050113, 0.2706164514895789, 0.8444720654585313, 0.3820314305079062, 0.25656872936198505, 0.9520944860698078, 0.6971283584133466, 0.16133597167760427, 0.22852894457872852, 0.28379754095125376, 0.4680643524038557, 0.7296771105123933
0.0578283401294708, 0.5559451825490681, 0.4659551995437933, 0.4309242292318045, 0.14180929674731346, 0.9883928791313509, 0.30465959732025993, 0.27456965266214517, 0.0868416485557344, 0.16733423972483674, 0.12595747870046314, 0.14631937302026454
0.8135869060047568, 0.7424381020338614, 0.7460938052756547, 0.0069598725502810765, 0.4972504754156091, 0.9593825637050535, 0.993174721265576, 0.5419378560928231, 0.39924137017632666, 0.6249941561664558, 0.559598353570868, 0.06201025868007337
0.13280486150232151, 0.6549636473558037, 0.6623385619442841, 0.10029571526112324, 0.5468185306410908, 0.7202100741017922, 0.6081316262654763, 0.5420064033586891, 0.1616036674755239, 0.2664663241020163, 0.024633369075269362, 0.8848754554513587
0.4146535814022949, 0.015672529426569493, 0.6729955917367002, 0.6492253748730762, 0.0022823632681692185, 0.6111318268967102, 0.4545222109289717, 0.6610961202838497, 0.9048451108865617, 0.8301281425684403, 0.3138397802102584, 0.4570061521367095
0.5259674022508131, 0.004903963596509353, 0.8626073656096858, 0.6186954883041662, 0.3572540471716613, 0.4668502963410358, 0.9093075439651118, 0.5462402418296454, 0.29199744290187213, 0.39135863851065356, 0.3308209961784204, 0.012129093365229604
0.4781454740871729, 0.87154070377814, 0.5607352981448864, 0.5642625116398675, 0.040042316887212825, 0.7174993828930746, 0.5332251163855106, 0.0967270723058703, 0.8383235102216333, 0.5230196362228272, 0.5522806602222445, 0.3108758436284138
0.014378319089726532, 0.8766493863217112, 0.891441629364668, 0.39431725515297855, 0.5079876968553143, 0.638260588101946, 0.4250602911293754, 0.412864316273705, 0.4393077439489509, 0.37969530685726427, 0.22797065502127234, 0.007596311286314439
0.23994144217084, 0.957746729111013, 0.17727204547373598, 0.19342472724895787, 0.5764152801921663, 0.3737225681730989, 0.6299187466623762, 0.0017812423291276858, 0.4332406275252729, 0.7636710926781465, 0.8777993071321429, 0.013184601772432747
0.10406185440590965, 0.20928217380805714, 0.4356337693146096, 0.2825264135192419, 0.9072434654839069, 0.5188741780493157, 0.9411497155693872, 0.31005644928906584, 0.19109897313283952, 0.8687196427285306, 0.896043050662472, 0.5677979505034052
0.7679748567968782, 0.4857442174044264, 0.8548988876681339, 0.9600446624273365, 0.49898987449779497, 0.8827270501139637, 0.9140151144071456, 0.6785561083482023, 0.782442947583151, 0.3154975546348061, 0.2638687269332306, 0.9189801030618892
0.8058862627197277, 0.8578846243756965, 0.6527694555656979, 0.7099421540258378, 0.15696597662525802, 0.3393714665351306, 0.6816830189833993, 0.052952799466835176, 0.06288543409581238, 0.6311275665835652, 0.21718195278472996, 0.3028704931447016
0.3660068007576007, 0.1629429866142188, 0.1539856092199655, 0.44526292128216416, 0.3632450216793379, 0.20134958063986808, 0.8604977777003547, 0.006324240379443791, 0.8735194103861638, 0.6561053072926897, 0.6724052368133874, 0.16979314248259691
0.3426286203872151, 0.4332745265534734, 0.3417074218809417, 0.2333087692848933, 0.9044506687698065, 0.5188926741258789, 0.5804954659408964, 0.11943777470197614, 0.35510548585175916, 0.39721110182512387, 0.9359773565808532, 0.4673220979439241
0.08419382808068532, 0.8437969143407215, 0.7532231372973397, 0.24422654357583817, 0.054311366233474434, 0.01866302170693579, 0.8691039832235532, 0.8834474522613738, 0.507472326370022, 0.8847692287207644, 0.8467284845053343, 0.6074657013166468
0.34635112915335964, 0.6662748060024568, 0.003987793367677739, 0.24633822575653797, 0.9459057310585589, 0.35873921527610764, 0.6957640667539954, 0.600547814828771, 0.7148147948203065, 0.9306285737359307, 0.08105829194013336, 0.25579669734836064
0.4005533785258699, 0.3581175200753366, 0.4753800455066789, 0.5314388381433965, 0.2529367568054848, 0.042786583887227114, 0.23646951398823046, 0.5362822088381932, 0.8300379008842265, 0.6800425249031566, 0.2690401746037797, 0.46048667486684514
0.7568904022155732, 0.3087001711691064, 0.7798060374140483, 0.20556219498315698, 0.46677447191560584, 0.002387643703696374, 0.40745463213375954, 0.1778413322079737, 0.8526529654432883, 0.6820522996560343, 0.12996485863667118, 0.24421878683357368
0.6436524925862575, 0.9045513017525045, 0.2137242619269284, 0.04723875235661601, 0.16674064452213344, 0.6900471722532882, 0.1077807776802363, 0.8147660748413352, 0.6154783025966868, 0.22406387522130755, 0.8537749575036553, 0.26310852990884426
0.29912479709824336, 0.3902328440785484, 0.9653220584983199, 0.6641683599310657, 0.7297132031668214, 0.28967844978377055, 0.05960346356359858, 0.3392571239830813, 0.5200772080784394, 0.9223693520880106, 0.7838678659703558, 0.19905975470252457
8.97536498301e-06,0.353812149472,67.4638627953
2.06647579205e-05,0.291059916658,102.943893801
2.85275716625e-05,0.896505482436,64.9460706254
2.05272787632e-08,2.34205741635,166.438774232
0.000721143172321,6.30108453798,202.446990313
0.000452942623374,19.1911169122,322.28581356
0.0331264326515,48.5572022256,388.010926347
0.322021578515,109.223560722,425.840041752
