$x1,$x2,$x3,$x4,$x5,$x6,$x7,$x8,$x9,$x10,$x11,$x12,$x13,$x14,$x15,$x16,$x17,$x18,$x19,>>f1,>>f2,>>f3,>>f4,>>f5,>>f6,>>f7,>>f8,>>f9,>>f10,>>f11,>>f12,>>f13,>>f14,>>f15
0.44953813233225814, 0.03819220271857904, 0.9506248324106981, 0.36520411110170103, 0.48216839475338635, 0.8100378594595113, 0.7486967965624796, 0.4221767022843296, 0.7499519034728895, 0.8721161638117275, 0.17805974460638252, 0.13989860211086524, 0.41895959918769976, 0.9028679001554926, 0.5399920186740909, 0.433664099897047, 0.007075009926433062, 0.6748863369774861, 0.3686381334307586
0.6049113379744967, 0.09203542401832931, 0.16106688498685906, 0.5245072426929649, 0.2792701920731243, 0.30590491941911135, 0.6497255634470255, 0.49679375828461014, 0.3887310005900574, 0.15422743855323706, 0.6925118162792134, 0.6410365921820548, 0.6511233751589544, 0.7125521923761736, 0.4205723272110876, 0.38198185685628405, 0.47802455202747773, 0.6832769686319876, 0.4129566544428428
0.0861870450077874, 0.30641558362309096, 0.8732076479007299, 0.8851543674203456, 0.3928219137357849, 0.4381766212962792, 0.015186268297779915, 0.2628611465714533, 0.9890684136183101, 0.13554517466339155, 0.6270419462796116, 0.4574534986840162, 0.0813232689306217, 0.2099033637523885, 0.5699173819024204, 0.7805627693749911, 0.1130948361478753, 0.7984572061204188, 0.3534777836395798
0.5917079080772584, 0.43891102249598046, 0.5373083626333661, 0.05559269110404996, 0.86046446008644, 0.7797762186594007, 0.20053750152783378, 0.16025085036555853, 0.061757079307477314, 0.8859079841368023, 0.8559104010746988, 0.9692779322548633, 0.9926994002937684, 0.17603325110961232, 0.33408940346249094, 0.29683223257054814, 0.3964274644103961, 0.7944765904479527, 0.6034727820924216
0.4832743867652278, 0.559892623131203, 0.8379737483000453, 0.8195566963551388, 0.5154909817066285, 0.8241186375104257, 0.022682218668166, 0.8256022962557346, 0.37089083925238675, 0.7328232021215498, 0.19638475163124847, 0.20521961816878687, 0.8638926329309988, 0.36519459408431154, 0.915389565926651, 0.8554379912888223, 0.9178279880666125, 0.014638839938741488, 0.6969607566907694
0.19231737698046136, 0.9309519455985639, 0.03132786974782642, 0.47084029520668713, 0.06391476728687595, 0.41611127163569717, 0.6233603825756863, 0.8319621241100765, 0.048193059319527554, 0.6980672562086745, 0.9296614919229175, 0.6776067079821456, 0.7491878457864667, 0.4684199593193533, 0.4700623857637203, 0.6042109505895621, 0.24146147044001787, 0.44774084955342086, 0.9997682194140294
0.13435806878564938, 0.26105837506833285, 0.17807539196675848, 0.7538452584192897, 0.809351298165684, 0.33133068371237673, 0.08396813610301912, 0.242501720036145, 0.5752572384556179, 0.8062528608556319, 0.3726180093409889, 0.26529177379862856, 0.11389696264908922, 0.48812634778287967, 0.648049189993496, 0.6021736651154782, 0.5608268204002806, 0.5819783540856154, 0.5033024277422933
0.4330422771995732, 0.8368805201645573, 0.4731011079372587, 0.9548254217356739, 0.6136431837101074, 0.9104709400700867, 0.5655207263069953, 0.6288515172922013, 0.7043585486221342, 0.933545400989825, 0.618797235698763, 0.632761252175923, 0.9772874358957016, 0.842148576665111, 0.8782483807362708, 0.2555456935765442, 0.2845446473782728, 0.7300240130180498, 0.7927714353757983
0.9332075337905175, 0.43894878425056827, 0.687036169099459, 0.643700969148907, 0.8574153118909874, 0.30127159685474925, 0.9275069737968465, 0.5546974772762996, 0.3343271084369265, 0.5976098570746111, 0.5813159857401383, 0.4430909171064146, 0.13453470616997865, 0.527991839115217, 0.9866817247119561, 0.027301744272769324, 0.3566566418997761, 0.49350914791950584, 0.17490928746382284
0.515572473359099, 0.46995917923426467, 0.05006089375260436, 0.5270931671387054, 0.8363549780530927, 0.19255926293115944, 0.8270326317161366, 0.5668523884564034, 0.9081663206976337, 0.8202553681961109, 0.10111273316051639, 0.2930456047268195, 0.7739899143279969, 0.07110417502980648, 0.5740650124793356, 0.9799905666980662, 0.5732648856508596, 0.4844125204750609, 0.22214792597280286
0.645660717932322, 0.1955523687915014, 0.6563868867643581, 0.403082193330249, 0.6985001861799313, 0.6573860926004469, 0.37653065966792243, 0.5901438386802769, 0.8016358519360705, 0.3366870590875517, 0.2949779264452229, 0.995117919941066, 0.6768232101843994, 0.5294609525219227, 0.45704646138270866, 0.5937800603333775, 0.5798372694983694, 0.5000822392709027, 0.3237864078850605
0.7042173566426972, 0.5087369260491325, 0.5275209170042559, 0.46643371063417716, 0.1128971352146827, 0.6492249092103234, 0.10595826281963538, 0.1128677416501076, 0.34457411644195646, 0.6009581597697411, 0.7720941810011595, 0.53830832101573, 0.27159728166291275, 0.2806177565606329, 0.0769837146288419, 0.2976236067823641, 0.3859504015915335, 0.5853123526390264, 0.7448410065095877
0.8950244952022464, 0.2714124578473729, 0.2454949010551324, 0.1994198145860273, 0.5731600914960192, 0.7369822276556884, 0.5578437853034762, 0.5075815478103292, 0.09903927268806567, 0.7043864798371943, 0.8573627835163153, 0.0686439044568693, 0.29564793086851904, 0.529846951466993, 0.7419656106629721, 0.8974566043143918, 0.2189954824604693, 0.35381197796766495, 0.11449050805316408
0.7411827033973868, 0.332890718694582, 0.8632519633743448, 0.8184607048240836, 0.9226057208967635, 0.693315900728884, 0.2753503824922251, 0.3171854887896648, 0.5601161906321207, 0.21959854253400368, 0.8548344703564855, 0.9271243954777758, 0.8879924378062295, 0.3094939632884567, 0.7108405164709809, 0.6668987384324766, 0.2518670170819507, 0.8741505730898339, 0.5319113134096056
0.19303575206368662, 0.16463555998459878, 0.9940077831193226, 0.8570161318721914, 0.07842816484707316, 0.4272060059246502, 0.15212019959449163, 0.6338225529225348, 0.37195448441527323, 0.8156882142159171, 0.8103671710131116, 0.11802407078571264, 0.4113029219936879, 0.7660448051313504, 0.5405530969152937, 0.3412751573689574, 0.03914867020707968, 0.18166971364295936, 0.25399150739018916
0.5959920827837655, 0.562465511704504, 0.29733170906236905, 0.9263115215276458, 0.6153515997847734, 0.4916533602318881, 0.4951751956038857, 0.643249407251291, 0.48642630497753025, 0.6517468245031461, 0.2300728706649109, 0.82396083141885, 0.36290690052731267, 0.6532139129680771, 0.21465401398540107, 0.9396746294679473, 0.7723708501891827, 0.5419060727296172, 0.17535996593710734
0.3013683424079966, 0.7194181026359493, 0.4277389892407837, 0.9743217591485841, 0.8014366591970251, 0.8697183148045413, 0.5258282097326342, 0.10855108120976109, 0.04699223074165837, 0.06335925474634685, 0.4937863025596071, 0.537266759887457, 0.6139455199573707, 0.5624858857450193, 0.6939233138483357, 0.5325288966285444, 0.8801438985707224, 0.06426468783358674, 0.6620119109172652
0.9894972448803075, 0.2690438474245066, 0.8774028784055611, 0.8000402274755126, 0.9082844876934937, 0.28581593817712514, 0.0074765451526558335, 0.7281118127396292, 0.028664090805225584, 0.09743247607418049, 0.02707775906477361, 0.2596673176770802, 0.7217741070869595, 0.7728318630313084, 0.7923262654334612, 0.4515943091156567, 0.4763484182289397, 0.5930220327304441, 0.6467778763130683
0.34511183273495794, 0.7458433294653388, 0.8150092161124887, 0.6525436657313348, 0.09584314048976605, 0.8092130492369178, 0.9479595747101205, 0.7081661775902128, 0.3787703788561292, 0.1802448958741818, 0.3498968844688529, 0.7453724460965271, 0.7265953875564117, 0.6824337518243424, 0.04241216461433439, 0.9034697103767706, 0.3173063922256273, 0.6733427247650353, 0.9241727564243128
0.5360526193461435, 0.7762817598962316, 0.611170074501512, 0.1881053433036245, 0.7177736802826316, 0.5675229546168887, 0.11054574954604479, 0.11993120225656673, 0.6675638859631128, 0.2884834161232237, 0.4461147253416472, 0.3603005460083336, 0.03371417153017686, 0.2459929443454466, 0.6394843803620385, 0.7458668743569142, 0.6925098858846878, 0.574627385622843, 0.6486048204625636
0.014776834292206442, 0.5994484238449103, 0.49762552429813556, 0.7897491676723484, 0.8612995320786907, 0.2874442077232233, 0.07810957774222349, 0.09134880490016639, 0.054485193623647454, 0.9864790092233259, 0.20880125487662138, 0.7521028829186435, 0.7726761490064491, 0.4440836125283325, 0.4069829747953174, 0.7307838647544619, 0.9691822664664982, 0.46710928260629603, 0.8592846947780952
0.4941959740151899, 0.19848954170619681, 0.6219172199940557, 0.4539370806967199, 0.2351510665825186, 0.834411711143464, 0.3526043140223297, 0.8480096358072999, 0.20273650570282886, 0.7561635956355357, 0.23545733942148517, 0.3448916285440824, 0.4598577170831879, 0.06958115435691059, 0.6319357924779343, 0.33043088959234634, 0.04878132726075057, 0.18173804466556953, 0.57926841366849
0.26798191740293165, 0.07327971820586443, 0.8102920228126371, 0.15346601846564778, 0.39434281730133924, 0.8297879433089556, 0.5908618548485799, 0.055431526113674856, 0.7160548691236054, 0.06442165184032811, 0.5474682998323783, 0.7097947004968462, 0.8493426099531316, 0.6147874569219965, 0.057783833273635454, 0.18859690401496, 0.20644313781920975, 0.15982717226552978, 0.7810708436249034
0.29411671272291795, 0.9734075546236248, 0.2113710209973506, 0.37740231084999387, 0.5115861241259289, 0.076227824118408, 0.1458195191583992, 0.836669672283342, 0.2704038524222706, 0.7714420487889575, 0.45649564589604263, 0.5044316043117308, 0.9906294066852779, 0.2802846463417077, 0.41727819040695047, 0.9859193060419288, 0.8119097110061876, 0.20979611397988618, 0.7204616100660336
0.857940505685825, 0.6114375807373346, 0.1456176082266868, 0.6026327782876608, 0.9195321073040084, 0.5168950212818063, 0.5306963423904938, 0.5971865801260662, 0.21756698895730975, 0.7180153070511783, 0.7569708445255139, 0.01848054998273052, 0.09017184762356589, 0.9067951595088127, 0.7754448803464528, 0.03152886443895564, 0.5737005112116467, 0.15396838377955757, 0.5524638038918118
0.8541510532357285, 0.2816535563776449, 0.45164465794854747, 0.19873803066918616, 0.535046602362474, 0.8177140575088383, 0.6474840768888712, 0.7762695102270669, 0.075131023194974, 0.2867589173091202, 0.7316775356368602, 0.9461037195739507, 0.6300322336609951, 0.8596152429456112, 0.8438812128959358, 0.1211683474603823, 0.34179237613469404, 0.1841170679109031, 0.37958469484801804
0.013811744404670034, 0.6493403444744249, 0.3175651097382055, 0.6917019713181599, 0.25213566267250165, 0.0616447667115545, 0.36234686967137053, 0.9527863768035577, 0.29350258822680275, 0.949776732272474, 0.08708943756880094, 0.37075668034633824, 0.14325496310146402, 0.41057990570973546, 0.9352271828648689, 0.272709535570971, 0.856108832168937, 0.2082986264628921, 0.12974834726114493
0.22100895355082262, 0.9096368950494074, 0.16511044557415655, 0.6158610631560046, 0.6450664733488289, 0.5173444224996627, 0.39662557780706764, 0.5610739944471733, 0.413612745943982, 0.5808718111242683, 0.06974843615420356, 0.43135716267767155, 0.8394742900319111, 0.7606237057875228, 0.07087539890289729, 0.015018406692421604, 0.652698289938792, 0.6998395002028409, 0.08461331433240471
0.4377069823492955, 0.02725257845937712, 0.566143926653898, 0.4107213660560305, 0.09728184348219737, 0.6281423748764391, 0.1537081094690339, 0.8680882274817638, 0.30362579437697523, 0.835213595804132, 0.7570293242338446, 0.14736295404952815, 0.44488346399252865, 0.32710385688068033, 0.20263720762227377, 0.7262089308580356, 0.31702584942067313, 0.9666017018855274, 0.06740875959860215
0.6279530514113186, 0.9390142811856733, 0.15645016747125962, 0.6060692689017497, 0.8328897441460292, 0.8965840227277443, 0.6606020270169943, 0.6847153882904978, 0.0696584861797076, 0.7870279925937749, 0.8876059829855215, 0.6500981090838368, 0.10205050315106334, 0.22864667961284602, 0.22220772541859457, 0.13382033961918272, 0.8614452400150601, 0.8910408777381744, 0.6167646804332821
0.23242396618691963, 0.3552559073380773, 0.37930597291969514, 0.9545932189997163, 0.5385562085493464, 0.8335690962846029, 0.6239919260052168, 0.5848591144314176, 0.4320485347954045, 0.8190921737001116, 0.8483927710066747, 0.8102812963982398, 0.31971947770338993, 0.8074169125645773, 0.08217078728842253, 0.2322332600975071, 0.5004240002210224, 0.12717580688305463, 0.3086888220399251
0.10708442936635554, 0.40321117719420185, 0.8909647666297034, 0.9487985743623071, 0.02614097122453274, 0.7857671481862112, 0.7420648439473889, 0.13014656648621825, 0.39938187739826136, 0.41932755101693064, 0.658624991753389, 0.8073622261180771, 0.9953850985742084, 0.3864960480682952, 0.9666106830300555, 0.9976089016615316, 0.4128977964384368, 0.3424369356329555, 0.8462558406024152
0.776632014371719, 0.6191300893415419, 0.3778937696263399, 0.0010362438326285695, 0.6093278946403038, 0.4430958998701371, 0.40359975626161226, 0.8841002389193463, 0.5468118239856958, 0.46654616813969696, 0.6987946151269514, 0.7663380689090005, 0.46229685966026135, 0.2620666925427827, 0.5842611540328595, 0.8585988494226802, 0.8066619417842696, 0.3590607158501654, 0.6774486184526869
0.7236072725376557, 0.18684365099101496, 0.7322271666809131, 0.10123027573412535, 0.27504805040509084, 0.9665711532918098, 0.3866656446851128, 0.7625041637622462, 0.7114418398089664, 0.016624193867841086, 0.7180489797100359, 0.14912133555868223, 0.8338595288320271, 0.3672853139069784, 0.03478311602398865, 0.2765373235100177, 0.07709920001748893, 0.8181769874729924, 0.14674957676680644
0.921147526927824, 0.669570254470974, 0.2374345809625763, 0.2990740526565586, 0.7246486669126676, 0.22094084915877366, 0.5663169779796924, 0.7020628788151952, 0.08514701918514134, 0.6412481762498516, 0.4184380827086194, 0.5718976824919226, 0.2298946565683675, 0.06051847999758575, 0.3913808476782402, 0.6385502219282904, 0.6764313847122292, 0.24128057929458901, 0.7831469249248659
0.6685313618867902, 0.4507585099714404, 0.6084222543683263, 0.6542466906135974, 0.6841920138711476, 0.11853265196677365, 0.8682460024316451, 0.5036148824326921, 0.6478548845475636, 0.23142820531784292, 0.17213169631492742, 0.9999165654689255, 0.7721248292198583, 0.867656545946965, 0.842682683913056, 0.4663116162600248, 0.8374258228020027, 0.789461339377041, 0.3101052215329174
0.9258413966100514, 0.6471187222625876, 0.012341781990483192, 0.16828721561326632, 0.5180662874545843, 0.7744424479608637, 0.6990823744474685, 0.5778535082355054, 0.1313183151187175, 0.7097427643485722, 0.25759939648754127, 0.962249040427369, 0.1255727414797163, 0.9345652188825354, 0.1397914774408271, 0.6659192167032479, 0.3661293329259623, 0.8439407996467209, 0.04064186805693204
0.6554159738359129, 0.7083184356716858, 0.04330873912099131, 0.4335374204685484, 0.6569215780873533, 0.4766767842087536, 0.11943033210096132, 0.7785066084401546, 0.9991602132710683, 0.3967859763203576, 0.2545939287954764, 0.5890996412411456, 0.9992908808882961, 0.5799456454872398, 0.9915559887258584, 0.21801515275204397, 0.21002550912472795, 0.09749416984574932, 0.8259608075624653
0.3963764215629282, 0.5209710788853216, 0.3319313036729217, 0.9983913384027385, 0.8831644822575505, 0.17115713598386473, 0.26652834271328574, 0.6834701596676825, 0.45301993700662013, 0.3454315464304075, 0.3140636129097525, 0.7009244287956418, 0.5939254446403175, 0.8689399541423335, 0.4009349004155789, 0.30054521916522614, 0.4352141924406586, 0.7406883676419305, 0.9994457245316997
0.1633679670588395, 0.9539490431514512, 0.9432204356701978, 0.2636429930809432, 0.197110972455393, 0.16350483999503795, 0.9340968792567063, 0.012105886891138451, 0.2670735598874099, 0.3785779911393966, 0.4148921801294645, 0.37755148613696266, 0.8478609150041918, 0.75316469957417, 0.6213091721074292, 0.17470761998455675, 0.509918714390021, 0.8847438696042977, 0.0621462255995604
0.26166836057782705, 0.4786535146752786, 0.9447609688615208, 0.08796672015741303, 0.2276866082939586, 0.5951983628724317, 0.2672684471060913, 0.684111174809745, 0.9453766310389411, 0.1594822894029696, 0.8771518202623952, 0.21958786022805554, 0.6242347539839956, 0.20777782298723035, 0.9800874440783921, 0.8817484088085338, 0.6338742270019754, 0.6932811977592918, 0.3304147049989451
0.8376050214003111, 0.39001990184516955, 0.21645325093788104, 0.20442336375244297, 0.7109419644057693, 0.511246113833632, 0.23548386282260048, 0.5190849803369598, 0.8139237674345075, 0.6866948312276829, 0.24269374905422836, 0.9473433940801564, 0.49225807551690104, 0.8515397871655552, 0.029577551676416847, 0.32810828264908, 0.7680904883506595, 0.25380416669128414, 0.5739897037567425
0.44246317577203553, 0.5468289136040995, 0.9375096736377047, 0.6010569568500449, 0.26103695925240056, 0.24548852293773404, 0.5077473542106573, 0.7424410051035643, 0.6288850013456657, 0.012905767950542435, 0.9927359416722255, 0.021671719307013615, 0.0924184720201644, 0.1655679745798514, 0.8889983307794476, 0.9779707383171637, 0.30676543415127844, 0.22360299566874042, 0.6581278112731774
0.30014233496623155, 0.2774577743863085, 0.2597547568218772, 0.7689994050886578, 0.6862380093195294, 0.5842271920012496, 0.8701302608181399, 0.028910040824018268, 0.9116353464817103, 0.23629206477036857, 0.2583438661768146, 0.7164228183891267, 0.17397566511952633, 0.315275331382992, 0.9022850930024041, 0.10912797544923614, 0.8651793187964957, 0.08236294113086085, 0.24951075470538742
0.34652050941753454, 0.9596592011692352, 0.512699968922594, 0.3917955698878566, 0.9812283667268, 0.20047832879656025, 0.30568919680243656, 0.7982389209179181, 0.8893692458925122, 0.7774622883373201, 0.608821593878338, 0.9570259168501927, 0.560383843291566, 0.22129905223501833, 0.6746605015105326, 0.5522457773350928, 0.01843638176661333, 0.7603183763880971, 0.4064744332274626
0.2972918658814765, 0.8722815235310385, 0.1568644841156468, 0.11030038307767909, 0.502297804398803, 0.503517523141184, 0.3575212567610758, 0.5374898926367494, 0.4435811369624525, 0.5771383322563621, 0.4643330962009139, 0.1663640690466791, 0.12393412425000627, 0.5986739889194423, 0.11841492435502343, 0.7274997760462335, 0.9757858044915945, 0.0790899410203868, 0.14811806857615883
0.2429910986619902, 0.32327292055205215, 0.3515171690248857, 0.9780860135277127, 0.358561812369124, 0.46303457295741834, 0.6433673962036743, 0.19041776390767162, 0.3027789100379449, 0.34649612069484703, 0.5901235184927267, 0.7280451702431234, 0.48417096675520643, 0.3740772515289126, 0.6583535621052994, 0.5424374129842244, 0.9158901337049113, 0.4176623277957152, 0.18077460389352984
0.08253893593144157, 0.1849885790022674, 0.01232698183929426, 0.3956501883258111, 0.018244319926763786, 0.0632899733345127, 0.9424457851364664, 0.4687854785817711, 0.4412650330793446, 0.6940505578137772, 0.5384779009732348, 0.6330122003862881, 0.7603625143527974, 0.2520914918591465, 0.4222986537449632, 0.29675102139902343, 0.056601474993144274, 0.12270207186891147, 0.45088067053991343
0.8981504086673803, 0.17977132516996852, 0.4437369654086101, 0.6141136087479278, 0.036784404678294025, 0.8460371755046208, 0.9633557278018735, 0.3029023810639617, 0.13027573685469562, 0.3824784817853274, 0.10776724561050366, 0.903096763734912, 0.9553145669352332, 0.5579706385837137, 0.2166904393497756, 0.4725399828577206, 0.6930077436309086, 0.10194436686808972, 0.026694691841780416
0.4810525854773823, 0.12294582551423161, 0.38146917771486033, 0.463846981458238, 0.7107999967665035, 0.1082073205930093, 0.803369218888181, 0.047482836397018224, 0.04206396014629421, 0.44358125704195306, 0.9534416452621883, 0.883799070698593, 0.36558516976712896, 0.5467363486835428, 0.4362781601402006, 0.9132404490230944, 0.6968361490154201, 0.8927109437687762, 0.36432613583026396
0.6179582723924336, 0.10450667809121827, 0.5832249992449909, 0.8045449629099898, 0.2968522939903875, 0.892480298519844, 0.04134227349491093, 0.7776491464965386, 0.6806421565576861, 0.36797325426905936, 0.93345500563074, 0.5054437365118244, 0.05579073031151771, 0.21356129085593045, 0.48703091067839543, 0.4165455548396483, 0.4402165968013714, 0.614523912460288, 0.47286041679816215
0.9112412245549415, 0.06346854211787434, 0.8184416150546215, 0.9380522391455869, 0.16948201243487582, 0.06652447552990615, 0.5798876901948905, 0.29082147392254143, 0.6287919499196843, 0.5052378461132525, 0.7483319478383187, 0.8704453049013448, 0.8810822629670377, 0.19833750190244692, 0.26107055282837566, 0.748499042139097, 0.8195927136558425, 0.4018204106223744, 0.2646713770620539
0.21634349290960064, 0.07460343582093987, 0.3960432469699424, 0.6276998786622474, 0.003849881173170311, 0.2677261086306758, 0.11647651944465431, 0.508954751506304, 0.8863063881345143, 0.877247184797739, 0.6597483513575794, 0.667748410548268, 0.8257602843586743, 0.4859849235043632, 0.9183040286099646, 0.09229858213226327, 0.26741470445074345, 0.05151483420435843, 0.15845843494017775
0.5676412556461206, 0.6437293056025568, 0.5135021010552924, 0.6474749090318377, 0.648607479406241, 0.7584758286300392, 0.8943622061603822, 0.8019287342437161, 0.642000614600044, 0.9946116917409032, 0.47868583930512965, 0.11255352400402341, 0.019362277161671937, 0.6224644406201056, 0.017840244132348304, 0.9317008545516997, 0.15534985671590262, 0.25814432435289547, 0.49468363236616353
0.5942920730750714, 0.6436493936461306, 0.13732130113266938, 0.977731717593151, 0.5319756073422426, 0.06912836331447259, 0.18428167490449665, 0.3584989693746212, 0.13719207762468355, 0.6464534996741844, 0.9583484452636856, 0.3547817093343175, 0.9533798213057343, 0.7274115405900314, 0.9900811084324946, 0.5701996213357596, 0.9551734336667407, 0.8312854189415467, 0.5730281260171725
0.5716007990477452, 0.4055850234946782, 0.15787860500502715, 0.6836772682401003, 0.6124563172128132, 0.6346961404247028, 0.47199739706256916, 0.5477781030277669, 0.5884954929646987, 0.05743325214879724, 0.49207205417293864, 0.9149811399164145, 0.4755307592204667, 0.6330181800482588, 0.9648092668909338, 0.07387733175165057, 0.7302895172135391, 0.8847396514977154, 0.17744072728520688
0.7951844585887999, 0.7652232802732299, 0.054805239358281965, 0.5001898063381531, 0.6721189987586851, 0.7413980730829852, 0.8318875213457059, 0.7480420717975947, 0.16225620994629486, 0.8751579879562135, 0.5335703934922281, 0.5258220077436034, 0.5048772511213292, 0.5430495696832199, 0.42493447320909683, 0.1651157430582454, 0.7695843980888308, 0.4748725242664493, 0.6863433324552245
0.17952545925886831, 0.7742826684012746, 0.8548380495286247, 0.5013811699270139, 0.236066938095, 0.8930795922125263, 0.9804093029535825, 0.42859367107149693, 0.5431899191554171, 0.7386017165316905, 0.6097884296140952, 0.17853810595488728, 0.0013585448920503396, 0.20842617140238728, 0.17758233070745766, 0.31525191235565586, 0.409862232646129, 0.4179746766525292, 0.046422969758391774
0.993576811097221, 0.11061435930693364, 0.08362992396487923, 0.7334013930863635, 0.9043187763223979, 0.8928944518399136, 0.49843803253750096, 0.5432888726604193, 0.5218385297867888, 0.46177304265765806, 0.2137326753338764, 0.9678185279810995, 0.3585467921176789, 0.7410088883348998, 0.4088098449538621, 0.2663146798756266, 0.08945048575494874, 0.8496544558886113, 0.18621214436293754
0.6035064649591204, 0.17896558093320014, 0.6624505594559075, 0.44480632272552956, 0.890892966613551, 0.24291893254944874, 0.20105478952524525, 0.8571769136559257, 0.7146962180485458, 0.9863677696521521, 0.08787489263022052, 0.3198611877329083, 0.5128333191054194, 0.7946116197974373, 0.766581114790299, 0.7422562929964581, 0.7376510108824315, 0.5426818374116951, 0.38450402171172093
0.16595768225319663, 0.8154216250120079, 0.8274248962327827, 0.4603548492130102, 0.9426731812873119, 0.7823891518995998, 0.8911016325437778, 0.8054427382788261, 0.8326842914762091, 0.1874194824276566, 0.2783098459609744, 0.07486838869516077, 0.025815604880814913, 0.2799298166837578, 0.7285047904211222, 0.5667476438357332, 0.6151541656434346, 0.0958408136826504, 0.03938413924857831
0.7972233050350551, 0.23412335141898077, 0.05007841409867486, 0.35859857598512157, 0.5355999687586032, 0.9161131491661894, 0.7082804765895202, 0.6876930706664436, 0.2776940454486938, 0.7551933801493064, 0.25527576064730495, 0.25437596193501844, 0.396011175676648, 0.7234535566457974, 0.8759053419596688, 0.6916947243651272, 0.478703017494447, 0.20276104928007144, 0.9838263383263813
0.42433028063480926, 0.022730501461727504, 0.8235625108336456, 0.8453228907754556, 0.5415322870611049, 0.04094449859192317, 0.12600945157877552, 0.6143755145335873, 0.07052674874173903, 0.5041670543863556, 0.825514466121527, 0.19212802273010232, 0.13487662956164226, 0.47345906582890174, 0.35261746473931566, 0.3232471827191281, 0.44926979951210244, 0.1136230656021624, 0.767228184936439
0.7537451208022354, 0.37346176055165925, 0.34405445894717623, 0.06491708602005708, 0.5922771309319792, 0.8245522004228332, 0.8026302867301163, 0.8000433895408514, 0.03117279310000065, 0.9448672133004408, 0.9948999237001008, 0.22873793325908354, 0.27746673017370194, 0.8385180336393953, 0.7283232705447228, 0.5610921544371422, 0.39513939362404626, 0.8042296296909289, 0.6577407328769956
0.6823504968180677, 0.5095059823402179, 0.058447016157063936, 0.7119395313577676, 0.3244900870146481, 0.8211598238568782, 0.8038962700196287, 0.8479638799965017, 0.9832912943910346, 0.8552722386080718, 0.9597266896902102, 0.4897567541086516, 0.6543626771163136, 0.7793169163799336, 0.3695411097372715, 0.7630487546469168, 0.07782374094493094, 0.22377961303274818, 0.2762555358446118
0.6538894863445291, 0.8674604330216189, 0.7955723204082812, 0.6657177972724474, 0.15439832209183724, 0.2666036376892892, 0.5579478074435973, 0.7679423961033108, 0.33526934440950507, 0.45101195323900944, 0.7780681100215042, 0.359393329762554, 0.9719824869747155, 0.7014545713232249, 0.26811226791395426, 0.08639596545003037, 0.2303852508464942, 0.5245011591258613, 0.49138112831019165
0.8903321557769344, 0.2631826628672733, 0.6834125424418682, 0.10946597283313697, 0.8114865077765938, 0.08583521075115674, 0.8465255718923536, 0.5795905531619259, 0.43780718830642396, 0.6927115398341698, 0.08950974529777289, 0.8522511735052468, 0.16050975105042264, 0.026977980453453232, 0.6911294513212534, 0.07515449276119879, 0.3654726519258765, 0.6805626226743923, 0.3726977696611151
0.6125788832710685, 0.6554511189357245, 0.31632264969758805, 0.2760855160568447, 0.5751673351825899, 0.7714668727847975, 0.9616748377238282, 0.1868777835861143, 0.9122166054381358, 0.578357978109923, 0.6177789374957385, 0.026133332231927042, 0.15613909342321042, 0.4831722822481931, 0.99635693368015, 0.4712232314084027, 0.02611208722388003, 0.04691243951585189, 0.12781771993461188
0.7428508408470094, 0.9016918716520611, 0.06497964559348568, 0.26448399132600076, 0.4929555494995206, 0.7844725157056275, 0.3909413566164366, 0.11942542326753725, 0.5856083079800335, 0.6233808752346633, 0.967743054050051, 0.3790141611354604, 0.2212960930696466, 0.49513705057353175, 0.4490714430822521, 0.9569368444966471, 0.4520571717872134, 0.8739601545714266, 0.18179096051082533
0.9592300362926901, 0.43345106156808566, 0.4059748168016244, 0.22079459311838745, 0.8644005779055769, 0.3840688286151307, 0.4582027160619542, 0.6762560775903492, 0.8358441680385631, 0.7492199421306163, 0.053767245016441256, 0.1654805923568946, 0.6099770753202954, 0.14377891774527107, 0.30247740160689185, 0.07973441586891328, 0.03594574883738599, 0.39043674230782677, 0.04067221011678601
0.34967693286720125, 0.3259361405390677, 0.36674073085965897, 0.6323843762903274, 0.264688587404712, 0.04076181791157307, 0.9414930523585454, 0.3467791363308147, 0.9237673495868766, 0.8624693714621524, 0.11819696035695448, 0.34247730414824673, 0.7143150025368912, 0.22383618825475904, 0.10819820159016114, 0.1729399433268488, 0.6006806212453025, 0.6178966685590704, 0.5691148042993439
0.41606763474357966, 0.247738973631901, 0.4608199626834447, 0.7377806362299172, 0.9808736462016654, 0.554704897060808, 0.07505814256457999, 0.1154871245166682, 0.07022068635903045, 0.4077460330125169, 0.10657677407158361, 0.5694846151136647, 0.8277078387277294, 0.41837576555408984, 0.9831881356063396, 0.6917714046339803, 0.7058058256534139, 0.5711100920371992, 0.032003488160535
0.6251009376878608, 0.013877257061230885, 0.6570297976258173, 0.7950152679961795, 0.5159724059514498, 0.8432692293909206, 0.976233363069074, 0.2951534230159296, 0.24604397130102995, 0.7248491643957887, 0.40663162609256687, 0.8056008296055357, 0.6260089573332714, 0.017335399579677557, 0.6892957429835854, 0.22597000057850714, 0.4546974121337136, 0.5606133777917637, 0.6145205918629844
0.044696040235230106, 0.10730467111616904, 0.023695156623627756, 0.5110343922701288, 0.11320585508205461, 0.6500874930304613, 0.7276711020224769, 0.4076204863064684, 0.7620452912684501, 0.7520760137459067, 0.6486815053614116, 0.6764071969082005, 0.6778284734791233, 0.3268095206933743, 0.28974188755359664, 0.35208578515967814, 0.763492849523604, 0.4563160891899013, 0.21692854719214827
0.23565131319233146, 0.38551731552199, 0.509837268264412, 0.35157458352214765, 0.3461702765958077, 0.03340146133235666, 0.6271360407279808, 0.017033799714388675, 0.46693599434614497, 0.8496404626035505, 0.07035088925255062, 0.5777259136688563, 0.5999421722857546, 0.8763773323749992, 0.13238737272532985, 0.6507359644707177, 0.9533071666857238, 0.19555707934289113, 0.9666184095596867
0.7139637592985876, 0.9238407346442745, 0.6857865585100958, 0.648637392077791, 0.1979866195908978, 0.8347053995876934, 0.5685661242759942, 0.20296048938035538, 0.7691375884978836, 0.39986947026974007, 0.9453845909785002, 0.4775828250033851, 0.9401094226498758, 0.5788976848720876, 0.4404427624939016, 0.3164139243981666, 0.1906753940234136, 0.7404774968531063, 0.39445781858175366
0.5568723249224673, 0.38575469273899565, 0.7494525725161593, 0.040587422658479144, 0.12514200003027587, 0.7240148632847696, 0.13829682685108702, 0.22422844141052556, 0.9418776757737919, 0.6375205979640165, 0.2691415951942272, 0.6510225956398666, 0.18755278889789517, 0.8084256041943348, 0.5255432478768656, 0.9634973371498967, 0.903486728341929, 0.09386726525818778, 0.8759686190349318
0.7508666728481078, 0.9434408427745903, 0.5213779210477859, 0.9710093798115372, 0.6957655694885931, 0.8571793464142974, 0.30672586938431023, 0.1223922146640114, 0.8342627419571089, 0.6469594111489393, 0.19684304330181923, 0.014828023673300494, 0.23013302401518598, 0.7909730033958828, 0.1571073349445894, 0.861288112125231, 0.41257758053066906, 0.36474514719390383, 0.05006505430114572
0.4255040291708123, 0.22246732598543595, 0.3373031949333932, 0.3190542999466195, 0.9926111388391677, 0.530817873014234, 0.15742200931675898, 0.5859677171308387, 0.49431215703723275, 0.8591974035856068, 0.27915575406071236, 0.5032432036566618, 0.7073994538880577, 0.4659558998306731, 0.24653031957558014, 0.5284546587970469, 0.803673818937827, 0.7344467694567021, 0.9613191438171744
0.09938645181886974, 0.5452253656021371, 0.4923123645863732, 0.41598640279953314, 0.5756142091801978, 0.7208360959921128, 0.9270872032384246, 0.2846446872284636, 0.35847230839235134, 0.4167263792220103, 0.8054722809055682, 0.6937489725795252, 0.3909265459418274, 0.8101822349777599, 0.9389827817100002, 0.9163494845751925, 0.8923200135284052, 0.6347381714351941, 0.297216018834514
0.7331348943710357, 0.7470336656518205, 0.8524911045726167, 0.9377616264929509, 0.9486741545922033, 0.23675850916440733, 0.9286650348588567, 0.456832893714309, 0.19942492460551486, 0.5119837659033328, 0.250312201514563, 0.29159159170684723, 0.729231127556078, 0.05688148689896255, 0.5083067704910307, 0.7831570359633879, 0.7834144891026049, 0.7249305649950132, 0.27717279915652104
0.5776478433278, 0.054566233810676934, 0.8956388203285056, 0.5100107408597662, 0.28945351729956303, 0.9214433547805833, 0.5192641730919616, 0.8833607435660197, 0.9373115316779856, 0.7063425436206433, 0.6889043425860859, 0.7173761917608312, 0.7591654690810408, 0.552337675945478, 0.24491817210702238, 0.08331636769180861, 0.021944492461533405, 0.12184158700072101, 0.5535999981987795
0.917886481278982, 0.6560147772437913, 0.08205231188074846, 0.23609608296450424, 0.6996618157403699, 0.37782971457980685, 0.47644657379104205, 0.02420172799773912, 0.05389963720146029, 0.38943967587086736, 0.90073892207388, 0.6885952340778863, 0.7835320247091424, 0.4509903672712633, 0.7805244734329241, 0.8798651930831884, 0.9520650844819822, 0.16459263657984557, 0.4599154050536467
0.7709925251301751, 0.30954995408514974, 0.2725538549279879, 0.0898882044915914, 0.6683710036138586, 0.9279580689582553, 0.7099430748185075, 0.3818149063304971, 0.690421620357308, 0.17270871899151397, 0.1124275410418778, 0.44766224355928264, 0.17485634787589255, 0.029365927324375818, 0.11806116278664447, 0.5552243294152559, 0.4987138529008911, 0.061975602169353716, 0.8000353558312288
0.9490484640356498, 0.5923831793555441, 0.20971748213255037, 0.34768272757211016, 0.690423403826186, 0.7186583583699885, 0.6615544584040248, 0.46301652019399575, 0.7923634479421825, 0.6197928356309397, 0.17575259006666055, 0.5464536332235648, 0.469339675477334, 0.46997413169677005, 0.9797425359019887, 0.06779265813653623, 0.008643812760778413, 0.6592701974135189, 0.0038049822004752043
0.8728446182351005, 0.7083537137447955, 0.9470363079673395, 0.435465019286852, 0.6331870520525189, 0.05066803346708437, 0.8391555472279572, 0.72729601485263, 0.011863615788719195, 0.33293151357979145, 0.8493829603988118, 0.3526708970495429, 0.11371745241413622, 0.6522480294976646, 0.3617540741134677, 0.7290443378149807, 0.9454193997928554, 0.4749349062590327, 0.9068867470030381
0.4354645789128473, 0.9286260190450891, 0.353793182877418, 0.681029966897433, 0.9094474181207953, 0.31830553394544414, 0.3592419708640725, 0.2134135824091884, 0.29892887558324666, 0.4498172081008145, 0.5709156040504607, 0.016946308991022896, 0.8371125467135447, 0.019193079281733194, 0.7326665221160689, 0.22292166361732524, 0.48025184602535453, 0.1548674489257611, 0.4060903419617985
0.22220998401330427, 0.09118784002796876, 0.494375689988213, 0.6570834527214136, 0.9854396791847044, 0.6893485593529549, 0.9891703934427873, 0.642586255319864, 0.9630666197327272, 0.9572956926677196, 0.26272790131138046, 0.021116178093448568, 0.4847962261822786, 0.6494361852354039, 0.9483202120240802, 0.30342251598593384, 0.8957240555931383, 0.27750537177659385, 0.19749989332789453
0.14266111599254094, 0.830334254450446, 0.9799328918740358, 0.8384346721469459, 0.3965533395890819, 0.25159857849555733, 0.8882359177802338, 0.10545086486436961, 0.9581958154486411, 0.9083333153876798, 0.5107396140551791, 0.3394221410795065, 0.0013774939645301298, 0.26169015249647887, 0.10269199483146962, 0.24754767942756328, 0.9249261181160283, 0.8530848001901672, 0.4785839585828138
0.7219007374951733, 0.9773765150906901, 0.4809014548488202, 0.20473336000673614, 0.5018150394031899, 0.3518454160653248, 0.32473555372367524, 0.7950207232412685, 0.3551710002726779, 0.6072259669872443, 0.5697153305454445, 0.8184856005014792, 0.04930881991027447, 0.7177328474309247, 0.7615580083169265, 0.4878373884078837, 0.31304470205725465, 0.6694002900386304, 0.21856170486198045
0.2465894275960877, 0.5791172093173019, 0.18878708644753717, 0.5848660428683832, 0.8770862931905758, 0.9050214000777844, 0.26440195550402446, 0.36412146656116706, 0.15197269067179597, 0.4765217992062335, 0.8547599040104928, 0.6394872301089408, 0.6936985259559613, 0.1547208808049534, 0.3288556656062608, 0.05199374647992416, 0.09080675475630295, 0.292484714670062, 0.2734093223588665
0.7073659784061858, 0.5044470855189638, 0.15074801353071499, 0.2776557095022276, 0.8996681776291293, 0.516971081223528, 0.2573074675758531, 0.821916502678484, 0.5628829362021255, 0.1757869874464717, 0.8528784533340504, 0.8038196939646731, 0.8081678087718736, 0.9042984601485582, 0.2843731724158647, 0.6039742451802969, 0.4085827819858421, 0.05620575017751783, 0.4218202827937618
0.008068999524,1.35916211925,2.06952190932
9.92083816849e-321,2.06018779748e-29,1.1640338924
3.60612607343e-293,7.10378245636e-31,1.58558021796
1.09208007301e-265,3.1996222522e-27,1.39560878098
0.0,4.93506910364e-30,1.41162964737
0.0,7.10289981094e-36,1.52184749145
1.04186067178e-314,2.06084352363e-30,1.34358355946
1.06825008703e-297,1.23237562676e-30,1.37528749124
0.0,6.18592243759e-32,1.4936395233
1.42410713868e-259,9.72168422922e-34,1.40959652757
0.0,3.58556368279e-32,1.57286655473
2.69512809806e-320,4.40896582271e-30,1.37107765171
5.48985054795e-253,1.63326554189e-31,1.70064917931
4.14833124474e-313,9.57127762757e-30,0.967843874732
1.16201379678e-247,1.97572906169e-29,1.29309942497
