$x1,$x2,$x3,$x4,$x5,$x6,$x7,$x8,$x9,$x10,$x11,$x12,$x13,$x14,>>f1,>>f2,>>f3,>>f4,>>f5,>>f6,>>f7,>>f8,>>f9,>>f10
0.21304403129561966, 0.04203248648772384, 0.18012036601490844, 0.819428481021131, 0.995416603301135, 0.30691970200833996, 0.28779883728518685, 0.8875970782961627, 0.44443370783108105, 0.25136774165105935, 0.9946795350778499, 0.6343129582149079, 0.6583262881633452, 0.9511835258944628
0.38790546918453006, 0.8116023166074939, 0.97936619821984, 0.005010539979516615, 0.7518055854500778, 0.8938334288520544, 0.0607499198959055, 0.3018166811493411, 0.14146229005190658, 0.05408695315236178, 0.917328754203308, 0.7316128609281732, 0.8923428833019991, 0.8853958553276556
0.9610320755327638, 0.0980603813712736, 0.7196930002421954, 0.3477993191131765, 0.8107333489312727, 0.6104065480866272, 0.1491811150525193, 0.8702111082068785, 0.4580010124838184, 0.3125581559010754, 0.8355124723655902, 0.8893749835524284, 0.984507969941145, 0.9549211923278517
0.8767126262938553, 0.726099405286477, 0.28493627479534234, 0.5684870288193009, 0.16758563120686876, 0.09291083262565225, 0.43553931395695233, 0.5817512775546186, 0.6643043390335107, 0.2605236513314537, 0.7248676608869489, 0.2925273297576727, 0.1923772942095543, 0.5172520451906895
0.5282347532081877, 0.11674095733515899, 0.18622458507969453, 0.993698034900936, 0.05783389189443666, 0.0034278886871382808, 0.0381659717769377, 0.24225537934946884, 0.7245098402904662, 0.5686915414537297, 0.20543277104991742, 0.005090949765880759, 0.9280706580108052, 0.23359084486077164
0.8776040642607862, 0.6304247087892461, 0.07446257945855361, 0.7259850329285223, 0.005321152195965184, 0.8451703375260804, 0.041899362321839106, 0.03408239629752463, 0.09630274478487022, 0.7541217529639601, 0.2754889854388878, 0.995982790734354, 0.9167506390770883, 0.241393537758824
0.1910678686148437, 0.4533348497627535, 0.0866974954574442, 0.6303247015943529, 0.6070366110036186, 0.6866099773855868, 0.9198458426506047, 0.4165216283625143, 0.6903762128344565, 0.08678864787262741, 0.15887582785883503, 0.06914564062718132, 0.5206571780224625, 0.5686290845731068
0.014682685253708194, 0.7760282201307315, 0.3588570120120832, 0.1044825055950398, 0.465110780634333, 0.925311936326416, 0.16162523630006476, 0.7096621461147766, 0.9738353089609854, 0.6391919340756835, 0.27916727467324964, 0.020331506954449963, 0.0791783822919474, 0.9755309821189972
0.9280454903657108, 0.7473117495049487, 0.42949751674251757, 0.9602208715804804, 0.8160639394263639, 0.7071887513289067, 0.861453873113618, 0.3130490593599018, 0.212560580870491, 0.8984883950749116, 0.9298921295737547, 0.41772018143641265, 0.6783919982593185, 0.6354157002991411
0.42300960918843955, 0.7357376437457874, 0.21177003564099095, 0.45373954031516517, 0.2801748182725011, 0.12619685333314057, 0.885883458456214, 0.6081776219352759, 0.27355517294404696, 0.303365782740312, 0.7312801028739773, 0.2796945925476578, 0.20871403027278967, 0.4742477057315262
0.0634898018863842, 0.5315582806247313, 0.5764544941642734, 0.8487506962506504, 0.36709935314948683, 0.8109061286648648, 0.4276670705515915, 0.19563550418362863, 0.05146941653023407, 0.5495263935889969, 0.2976655000984675, 0.3001922666156914, 0.6705336808115326, 0.6535150291025796
0.16375583055896925, 0.3932221635655456, 0.9086013220575075, 0.1173062687886085, 0.747816809864009, 0.9248257841035399, 0.8115654717685562, 0.8958006312246773, 0.08296353005900059, 0.28469898103546043, 0.5795400765751468, 0.9425866587770305, 0.41774749722171844, 0.5429252205126808
0.4502126175168014, 0.7392342721196974, 0.6255699028115778, 0.4606392838462162, 0.6914558648924963, 0.24248872974924496, 0.016967519496034922, 0.441328660064066, 0.3500561819823865, 0.36150910426743466, 0.22294647344005658, 0.37174295855051775, 0.8688840072535772, 0.8377452112075277
0.8061631041131578, 0.3531796127492789, 0.8176347879216266, 0.9714058191458151, 0.26346668830708553, 0.4310884886469205, 0.7528180560550333, 0.702897323257709, 0.39423852218407396, 0.7807794229024441, 0.38065666234578444, 0.9829896220494823, 0.859016790244501, 0.5560243332246096
0.734416288239059, 0.4898800023718657, 0.5574609157503103, 0.7726252676016243, 0.4315757526819963, 0.4484243096041872, 0.546794244357039, 0.20576191409362188, 0.7667624842012908, 0.9697248793615928, 0.2340925351558787, 0.17258083481324238, 0.2956306564388783, 0.5231795496585588
0.5161184513237967, 0.565898550271587, 0.6060138052117279, 0.6337141326419415, 0.26167248081075034, 0.09368806484483971, 0.8659781353008399, 0.263966198380847, 0.30569157556333915, 0.02516962221467156, 0.6486582273903709, 0.4867753168117145, 0.8737017127966237, 0.43032843715432945
0.5493566868220328, 0.8311463408989823, 0.9496012925039873, 0.7389160600402872, 0.03407188112611481, 0.11261376615295071, 0.4317555364599591, 0.5541454368080979, 0.7306983639667762, 0.03410582445387422, 0.7572619233389182, 0.9828124585331153, 0.15760233993244477, 0.40083214161231484
0.16071251474673087, 0.9169506917369922, 0.9757516870713738, 0.29380523271144066, 0.024415421153087147, 0.0019600370700950664, 0.9689098963398423, 0.19834990359747107, 0.9058036449527603, 0.08389175783019098, 0.5955412644963629, 0.0908291920034704, 0.9150592982016773, 0.06428203145284861
0.7921094054231431, 0.14624695565012868, 0.23969353795611337, 0.842652614667101, 0.24610387551507573, 0.5907633623064067, 0.08396063693311595, 0.13210298071324178, 0.8568347809531518, 0.9795251545840697, 0.9287974474336019, 0.30391133495005285, 0.34042269316101414, 0.7649665523187119
0.14991294559122414, 0.7583606010404564, 0.2175181914669173, 0.027383178137217357, 0.45331509790476954, 0.03867683159463786, 0.07159744871992901, 0.2702329253428818, 0.052810922369673885, 0.19195847759112816, 0.9841898274690299, 0.0866102349236002, 0.24886603262058749, 0.35567482304478937
0.6823908696420067, 0.4723182057765022, 0.8300118428916191, 0.8963374178201778, 0.2913346407099031, 0.16151478950518527, 0.25042846390032547, 0.6315511174291593, 0.2263710907960409, 0.02898987601433345, 0.46528738853665885, 0.19275580698471906, 0.9010803745133287, 0.7818396137288582
0.5029564469727802, 0.336525330671093, 0.747028225736298, 0.061456124338257645, 0.9959463539678743, 0.17668521988431918, 0.9396736219677952, 0.9620994592289107, 0.04960194562954334, 0.2424776532090256, 0.4834251705512961, 0.3316823670422798, 0.3127952943425244, 0.5027545021936879
0.3166821208530818, 0.46271515581060907, 0.8423070663879295, 0.5300982731333568, 0.87681239512161, 0.829181315843674, 0.8610140353150647, 0.3695836174681971, 0.8748745394126061, 0.6785738639244264, 0.517542403920471, 0.7898570395130339, 0.9418489500481343, 0.49863903568814216
0.9193565025054214, 0.8873172259622295, 0.7319026255969024, 0.37829330044702947, 0.6289686059157781, 0.1718582220976036, 0.28164868435600976, 0.2715195202873013, 0.8337319626967991, 0.2346620983603519, 0.17133732334350427, 0.300343341563017, 0.49002884535780855, 0.8060837012109071
0.9685893390685881, 0.050332643767683205, 0.010211678994416884, 0.00778124176617756, 0.6687688484210729, 0.41643199814164655, 0.40828256257427264, 0.3821285318354086, 0.05111260466082013, 0.2777755905547412, 0.12398392546444437, 0.44454007084357205, 0.06736159279070109, 0.1276443366368345
0.7925053836002957, 0.43343967319313503, 0.9817976504386308, 0.2744475192424286, 0.7609010383750086, 0.172493123582097, 0.0013770716148133744, 0.9341331740549558, 0.1323877279243454, 0.5437523655585111, 0.1876692086985443, 0.5913307734498249, 0.8535946764498168, 0.09420656986019871
0.22474865964448498, 0.32295816968427127, 0.5488306077813843, 0.2960408105162998, 0.8796482561937362, 0.15949841055133485, 0.9002269173994665, 0.1512330924025843, 0.16429011737114185, 0.1620734359559266, 0.14978308915403615, 0.5555756425743613, 0.1484067474917925, 0.600244398134634
0.18744895174714837, 0.6749734316477188, 0.6427351436016641, 0.8712337937976157, 0.16791007527215507, 0.5702843397267185, 0.5560498798553501, 0.05881437474696305, 0.7661588721702015, 0.7959372582318137, 0.12168725011377146, 0.26752620463993704, 0.013070305964022921, 0.2662157878529413
0.43808939349783615, 0.43542991869040504, 0.41228554432994025, 0.1858877607913466, 0.010335737817390056, 0.042595281903033966, 0.49791430862919583, 0.8468328887659339, 0.30618753006123023, 0.06327942781876184, 0.9504345448755037, 0.7741293041753053, 0.8539776550092413, 0.28637295174486166
0.9923304068822988, 0.5713586069598617, 0.8610858113154967, 0.11427154999840106, 0.693540104647436, 0.8742980086272887, 0.88986996438004, 0.7850125018469393, 0.05846116350257735, 0.46556593011236236, 0.6670244428042038, 0.2700950304774503, 0.30538885694165385, 0.3062393026589951
0.5837010569870127, 0.8454135652090066, 0.725063450056412, 0.8101920889826425, 0.13634971163751575, 0.36574638623499833, 0.39945054796706314, 0.5370294020107976, 0.7418598681793739, 0.22021631980966905, 0.8803220154043673, 0.1038015673418643, 0.7969163475641474, 0.1818260625700061
0.8520366230067604, 0.7209610009377474, 0.8475918593392632, 0.6085440360206029, 0.7079229353105855, 0.6500791628560106, 0.09611575054186716, 0.5638260078592475, 0.8719000675996454, 0.3204658272222749, 0.7251028956172528, 0.5080971256499616, 0.9252855475755082, 0.6547993703064493
0.822015958113752, 0.9852025420334717, 0.6417775360120332, 0.5703278236629262, 0.7857519856178108, 0.6571245340700799, 0.10704075441629879, 0.6007735388185163, 0.4721513305489642, 0.221056720952563, 0.23739087470963782, 0.19531794243303469, 0.6258603068399232, 0.4843830153631925
0.5052838429269938, 0.45383541665303917, 0.39197182223621596, 0.8831795748620704, 0.6990069037348176, 0.938879183054786, 0.291324085229149, 0.3618484278673457, 0.24773940242391868, 0.46089948470110986, 0.01804244387876308, 0.6336604316837475, 0.7966203956272669, 0.10264798422652854
0.23336565761907713, 0.5318670930353364, 0.3339636110551265, 0.861019954216929, 0.02444030194833524, 0.8518391233872421, 0.9979740926317456, 0.5151547260596625, 0.3983450682885664, 0.36959341213342745, 0.48683935343924, 0.2668228098943556, 0.5679507583071641, 0.3448996716373469
0.04483223366708455, 0.12977532526605773, 0.5747367814625078, 0.5860455337389908, 0.9182580876594005, 0.3083834183029073, 0.11927897338778604, 0.11815098439702387, 0.09683887008795145, 0.05537035324970241, 0.8912440303062138, 0.006021796296854398, 0.5796040731489537, 0.49710191804519854
0.18145868348957184, 0.14909035061386655, 0.08900214943751483, 0.007435748224826955, 0.8347591818814686, 0.022913697486154905, 0.234833544742858, 0.3731937173282167, 0.2762217823477239, 0.43030545021038413, 0.45134816869622485, 0.6399933914480098, 0.16591041781770322, 0.690162725457132
0.6393333791628006, 0.8791273345463017, 0.36497795512562525, 0.47307539318993297, 0.01847268251131795, 0.6443856951642831, 0.8071203675815054, 0.989235902797565, 0.923651172413085, 0.47349777976654706, 0.6599538970951541, 0.017313709906479735, 0.763883995889993, 0.7762186720734408
0.9071323596976258, 0.3552588067743182, 0.5648070143887609, 0.5148001621210735, 0.565453603302505, 0.3058660251390508, 0.3253649535654147, 0.04471808346628736, 0.02332751044947612, 0.3380198942856706, 0.6539512921295926, 0.31922403999402926, 0.6671478770208549, 0.5738136580104621
0.31792044535925323, 0.24335468111877612, 0.20989338336990393, 0.49533478578892376, 0.10677577440553265, 0.038140994034420506, 0.5710923835578771, 0.6321585728341499, 0.28202735492736875, 0.9456945333747551, 0.39961709134730095, 0.7414051588865301, 0.8567524694913192, 0.5047432588158051
0.7252831411084297, 0.2345969925583421, 0.24545907030119163, 0.6143321909850867, 0.7359235676056327, 0.25305756625264253, 0.5750929110413456, 0.06590092774586298, 0.9403782253077444, 0.9079247425477172, 0.7433629460098081, 0.26917610628000044, 0.4575598550022998, 0.43063877878527046
0.8911752154803408, 0.7278462046470724, 0.02373137806927983, 0.5708091918719252, 0.24679798295726485, 0.8260102816607605, 0.11583167795085814, 0.1137789013042777, 0.8267508353709587, 0.13129588206577913, 0.49811476574679037, 0.3697740277371647, 0.1480980189326525, 0.656508396941839
0.1323302448094732, 0.7779267164921789, 0.06483745886830727, 0.5144078235392933, 0.9061339512735727, 0.2372345522570205, 0.8015258741913236, 0.5330193484470067, 0.7222026166919793, 0.9860643115530177, 0.2641701841245394, 0.11861403445564578, 0.03505595510664705, 0.1563820618419367
0.7799799313682833, 0.33328134046665514, 0.7056642846295875, 0.9117805957157387, 0.617910899654045, 0.019354488365971756, 0.06902384272011075, 0.8981647268677595, 0.16747091649993273, 0.08856002711546918, 0.9155786457902529, 0.5733651954421399, 0.2637568103188148, 0.866772387968573
0.4322040582791088, 0.24429095585942096, 0.08671638601519793, 0.9278908167332496, 0.16258324223073017, 0.6265238996327891, 0.45871678614763267, 0.7336265882388878, 0.6729358567296773, 0.5638077334180731, 0.109931187327733, 0.4256701789763906, 0.5317902442427972, 0.8720587266009636
0.6143831819301242, 0.9965944739726047, 0.9309064385061464, 0.27552785073798636, 0.7398384229616253, 0.5998243488521051, 0.7405348818327572, 0.6428895694643245, 0.7736727439754506, 0.40876441345885595, 0.8248912361547143, 0.40158850922319933, 0.28779648449373085, 0.826114921894346
0.009453340246986741, 0.8199637947913634, 0.573977424712517, 0.4582993090558384, 0.3306507857337694, 0.018528686716002385, 0.6992681568146178, 0.560144531523237, 0.14934688958393605, 0.9456157895918681, 0.12706202149525903, 0.6651359543334804, 0.9790766315002581, 0.7483588261449596
0.6840721124095567, 0.4572745854801721, 0.2016499401620543, 0.17273315856056104, 0.9741324887268383, 0.9602391011311002, 0.9760729899735797, 0.7854713073067253, 0.8280333661530445, 0.18681961670037373, 0.7737003033100874, 0.8082680522795868, 0.48620273449533746, 0.43497958866460784
0.20248719345918675, 0.9336889557190113, 0.8946162282679976, 0.4303281677463162, 0.8592062004187966, 0.5426397795841434, 0.3302388067506903, 0.27044999629253696, 0.9090801208734365, 0.5955198021824865, 0.1880191114109756, 0.15306777335905808, 0.43287837402691864, 0.9317912137848517
0.8420553689107844, 0.8567044822612284, 0.19726110851053136, 0.20036951844692352, 0.4556030695627149, 0.7501410029929358, 0.7168455213727526, 0.6009314838042173, 0.9706356396759491, 0.1209924665415727, 0.8302288452228203, 0.517354676153841, 0.5097561112423253, 0.48013715920064537
0.8767192114370276, 0.8958478999944032, 0.7136232104600687, 0.2206853894448969, 0.6470696400599539, 0.36910167289772655, 0.8399758852276905, 0.7099293390022773, 0.42972520154930893, 0.8455048092466533, 0.3260556457179603, 0.5318015676357668, 0.2582529708277216, 0.6416469407176909
0.07649213120756293, 0.34685570806260846, 0.18874718830920023, 0.9436316801429773, 0.09313350018576283, 0.8656242962879334, 0.778853264789786, 0.5734517807025442, 0.7013081675026281, 0.9879858415025494, 0.2715102907584789, 0.6673416054123007, 0.634352059924599, 0.3580698632174708
0.3658008862451997, 0.7170964666890435, 0.8709706378515946, 0.370380272185554, 0.8292796210164721, 0.010904074433738087, 0.6616351574686563, 0.20901746962530254, 0.8446222358291766, 0.8288660618964039, 0.3809398793101506, 0.8032973493383019, 0.549592418442525, 0.1166123902452213
0.9772098112048332, 0.6041828362580821, 0.09256359791812707, 0.4554363773392406, 0.8867008759813694, 0.11355417280916624, 0.0272730106372413, 0.8557986736474704, 0.3945558186982212, 0.20407422539508502, 0.040190638567604076, 0.46700275985657635, 0.6207470907828934, 0.6462652049107558
0.48616441268498856, 0.8786284486890609, 0.5028464392726028, 0.03295444073152187, 0.08843575096912026, 0.23331252718251427, 0.544447634691245, 0.5321574997923948, 0.07843751252787434, 0.898037084402694, 0.6485960478135411, 0.8377795997565164, 0.6868501700022432, 0.7427749064022304
0.9858059607114678, 0.8969493293298217, 0.6834232162722429, 0.023027104896794492, 0.8837713250078203, 0.4731117109386652, 0.7707268626615968, 0.43660898823752314, 0.006379161671870026, 0.1728471986955934, 0.13907936420177003, 0.7282287567107008, 0.24108057137927696, 0.7071246448566457
0.2110993779043202, 0.8455299620408457, 0.9540299753450877, 0.4038036237988518, 0.4358915174204342, 0.4181623528965719, 0.6865443647705516, 0.8960876279282771, 0.6768425509417465, 0.20374931129771567, 0.33841552158067634, 0.01378734177378349, 0.569079079450175, 0.6574578577892142
0.5346714602015852, 0.8327385888704508, 0.4295461830085672, 0.8906037394329495, 0.344545696784731, 0.41175503781199585, 0.6678562099555007, 0.3923917396097545, 0.09786799409953906, 0.027116178661241386, 0.8504708779850821, 0.823777723900555, 0.18351213754014017, 0.4865583306592638
0.35821310546941953, 0.5710875141840466, 0.07768310784299959, 0.9267945676920344, 0.311223615578504, 0.7363660144137231, 0.26257937174770507, 0.25355839112694034, 0.34828215816998176, 0.43494481935345874, 0.18249790198775118, 0.2249382253394332, 0.10093608142221577, 0.966876513636023
0.01492764703264382, 0.7845177699126201, 0.613567326709637, 0.2133629461672919, 0.6780523509966577, 0.6929000173212011, 0.394872469443295, 0.5997449015359548, 0.20784086245859135, 0.6494562430409866, 0.6871353541880946, 0.39118458180465243, 0.8257045226550187, 0.5648793543120756
0.2700985812068585, 0.04783180857691338, 0.39824412617453897, 0.5798160787134735, 0.6689096711091254, 0.13999915654271666, 0.871449034174824, 0.8882236212082931, 0.14084535503357065, 0.9819774294146978, 0.5399950803094867, 0.9036937868047914, 0.21825032818485235, 0.008938380215119057
0.7628755950886256, 0.18920218077739537, 0.11605184196736384, 0.1650646949108201, 0.24110208139849387, 0.504499239736509, 0.5663216877191481, 0.37850108961260076, 0.6450237561940366, 0.6168416307971412, 0.7069147165161327, 0.8739801175268077, 0.10163904711732841, 0.11875000470712449
0.16617262518790832, 0.7948232496244175, 0.6511644431869026, 0.6895085522807181, 0.011869618787306968, 0.8901785894808699, 0.9612666828404758, 0.6876080103463903, 0.7501289773824814, 0.40726708324808125, 0.90212486592311, 0.8641366526363561, 0.6055859837306358, 0.5254910174458376
0.2139288182318989, 0.49282938021769607, 0.36922617418959847, 0.4889919149845626, 0.6688582617936235, 0.10306024402270031, 0.31225759755249016, 0.1614532429349126, 0.12169236497481817, 0.8933815214546277, 0.9193896712124613, 0.04585364590003749, 0.9720716479876167, 0.986425518999506
0.36885428036380696, 0.7696869076103435, 0.9411881454729423, 0.2677283773328146, 0.2502574226033174, 0.14100700104904462, 0.43380114857870344, 0.5671799723361735, 0.5816387509325271, 0.8020559283858949, 0.5981301507154188, 0.05841745121322295, 0.2940959015175957, 0.22550684486162764
0.360380466689061, 0.9238390768241292, 0.016926968272897525, 0.4964384330193031, 0.8920206711086947, 0.7784850022428271, 0.41837009478847365, 0.5822370952848226, 0.8620927500179836, 0.8746212505357922, 0.9241908512904973, 0.19417395748673438, 0.00858055683265524, 0.0494020289704864
0.42574287062978255, 0.6277171859642142, 0.08611481127632314, 0.5764138219688049, 0.30622451696583697, 0.24519963944246537, 0.5320681905614284, 0.9639942657296499, 0.37677004576446504, 0.5525535610836784, 0.02175900599931313, 0.2560014652246687, 0.3085776537569366, 0.024375416420509444
0.5803551089966524, 0.5745251564430526, 0.5378070385883617, 0.32022214102213364, 0.019810935800155804, 0.3969750582873893, 0.5050109999911222, 0.19841197256715026, 0.11738506904383339, 0.8773960699227291, 0.7275743530356197, 0.8803005684642435, 0.8460360046427492, 0.34994085792542184
0.6392471313284126, 0.3705144872166276, 0.621092325109929, 0.8796079795260218, 0.13660604068467097, 0.3250986913308358, 0.2922720459107758, 0.1012399822362432, 0.6407781777042704, 0.20845170882287456, 0.49163104640717326, 0.7186076998446834, 0.32380151877002816, 0.3992017616810646
0.38575125103336194, 0.23530276818502216, 0.6549861509535534, 0.7208581315478431, 0.787931703668483, 0.6380596720699249, 0.2702253930641466, 0.06911181892786211, 0.9928308574223187, 0.16537127263734197, 0.05843327404448173, 0.3051009108378956, 0.6029967488353452, 0.688324830174382
0.3071616129429696, 0.41203944735363585, 0.12591214717936094, 0.2776505618152091, 0.5393530197951869, 0.6862453065860126, 0.007702461094704072, 0.5213254633458794, 0.25308343755592544, 0.20399660655765284, 0.9053521671108645, 0.4674815587006118, 0.5819991930394711, 0.2781649817569739
0.8159587881370846, 0.8171782354027426, 0.6298959615216323, 0.1621655858465716, 0.3088202666786902, 0.5983120610697673, 0.3810878414736574, 0.023453203383177135, 0.057740010215882376, 0.9485108518740722, 0.47127682996248854, 0.645419295488833, 0.5403865810025045, 0.5053644592411446
0.5785140969283877, 0.006939573139496891, 0.08612986684406299, 0.9115994879787584, 0.2963505621528122, 0.1965653043468406, 0.3048448187128425, 0.008632227167546969, 0.2530706669397854, 0.7880460482515116, 0.41514003892705187, 0.2635563357474062, 0.03638522402606825, 0.7246759481406038
0.4464347809700432, 0.6572111880208307, 0.9845192968802916, 0.23715513621931572, 0.20915419326988893, 0.9919550573045331, 0.6081296986042224, 0.8875014209805556, 0.6898498546100479, 0.07822688343351392, 0.20849517645547866, 0.6820206555312623, 0.1813501303634939, 0.8251393876117867
0.7957561594181262, 0.42428468818894227, 0.349477109328019, 0.42093800251499647, 0.815863950238914, 0.005980333361121248, 0.9220288898556221, 0.6259673627777629, 0.48105027566428615, 0.9338483326647758, 0.05760195615492458, 0.2584364087591925, 0.178141067797551, 0.012199077328589047
0.6078764106372491, 0.00024524583258433985, 0.2403459055897148, 0.5737778933050474, 0.4318882354520597, 0.6969001343230408, 0.39651030424964184, 0.3132306759544111, 0.3619302971883851, 0.6240398235038696, 0.5776143819315851, 0.6964325655394303, 0.14012986803091354, 0.5509699143704726
0.4071853066240667, 0.17284475206971206, 0.843535877135043, 0.27724001677626, 0.7404851582752591, 0.5836831630470823, 0.24429365389677538, 0.3703981244392933, 0.05406766118315243, 0.25672590396439, 0.1018897515900854, 0.10721510710760462, 0.8434535385955519, 0.31097603506764515
0.4530798905258815, 0.06457871929594239, 0.6235539939390303, 0.30328770523455406, 0.2699283522080672, 0.8352760654945822, 0.9387038477000031, 0.053705213896011794, 0.9422263922985152, 0.43100396815351905, 0.21323694922865388, 0.02773253936942688, 0.023559509430632675, 0.04935804799410137
0.10087353150096245, 0.9925235526346713, 0.760854828836705, 0.8319538053797577, 0.6302626961183388, 0.8793242047028131, 0.36210817598378287, 0.9697799530530589, 0.7961457326498246, 0.07855641654911916, 0.42228424824939526, 0.3738360279227322, 0.2257187491343453, 0.11024941024762824
0.5861559270335434, 0.16089460646060805, 0.5109120263382422, 0.6656321539808129, 0.6716308039780805, 0.35860484035317974, 0.7791360730272745, 0.9343502023100834, 0.44748773879235504, 0.862751167858273, 0.48576211748649734, 0.3823320784535186, 0.6237715331988748, 0.3293183032130219
0.23323579673627615, 0.56258754387857, 0.6569186291769581, 0.14600916476600379, 0.9246151410159384, 0.6951074358878524, 0.9302742015817705, 0.019650019671918706, 0.8170488765539825, 0.7714808454275004, 0.22385866899952467, 0.7785596581289759, 0.8409652447668432, 0.08249182838416114
0.026433741285499135, 0.6360689497241943, 0.4200672102195826, 0.7894655272855836, 0.5375455211127608, 0.48185003249392644, 0.8637748160241425, 0.9208321299416535, 0.19185127598737262, 0.5999242508457209, 0.4655919522357914, 0.93290539545873, 0.9973853730857183, 0.8621765574028292
0.7007584400273191, 0.3359992546453824, 0.8637145632407927, 0.6098731020463946, 0.567713557374265, 0.3655500354020651, 0.7116090425974435, 0.02261905442288137, 0.775841864824551, 0.6713152146953658, 0.5854978518652453, 0.39062329932112594, 0.7032079324219376, 0.8127453175460648
0.8646126684251683, 0.8456786602882929, 0.9287431086466436, 0.07187782522764585, 0.9456356047376829, 0.4228216235288156, 0.7772928861188403, 0.494202984751846, 0.6311770907908218, 0.07174279178626419, 0.24764974202180712, 0.062208135252962204, 0.07654608191533518, 0.1861789883049575
0.3918316866525988, 0.12232348093993295, 0.993303295825844, 0.930369714479409, 0.94614465934269, 0.2510460629984671, 0.015773142025431786, 0.3705567112952409, 0.4892403154874253, 0.8569360591973288, 0.04369954712179425, 0.22851906093728203, 0.7873070859310956, 0.7928679079545164
0.6370318741994415, 0.5056439061957108, 0.8485720854806521, 0.3290257219522468, 0.5379421088994109, 0.4467080940393019, 0.017315824643375888, 0.29267295757885436, 0.8859205901855143, 0.2574955474668206, 0.23545342509129297, 0.9035630984788106, 0.04432417978609571, 0.34456095228459827
0.7739580198234408, 0.9090008173326436, 0.08453873959225111, 0.5365609155992582, 0.18385106748202318, 0.9601670173699639, 0.5559160555237646, 0.18789932833003486, 0.18975391300530198, 0.050991738502840445, 0.20978041770286238, 0.6913480267401614, 0.9110137410860631, 0.01829121908620346
0.013804894971967574, 0.5744233049618552, 0.8433952391504018, 0.9286932636432195, 0.6856422855414203, 0.5359047232719111, 0.7939413710700454, 0.3570348527355488, 0.8372435222854419, 0.9510270941965719, 0.5726812192148055, 0.25824511192520205, 0.01364811262724841, 0.5184686212564389
0.8268494897379793, 0.2916128131910075, 0.5430246751358478, 0.2255837616708174, 0.6614023625601173, 0.8863162700441867, 0.14265569930991062, 0.7563360408445005, 0.6205870791263057, 0.800444506106603, 0.5796891320100557, 0.01547833591653458, 0.04107629720636752, 0.10143360064937479
0.4537823249773092, 0.06478802762476954, 0.28060332487392226, 0.16649727039560547, 0.005836291262929949, 0.8881168652183506, 0.21358086763798267, 0.12189801174782189, 0.23983383321805718, 0.5025836720333159, 0.18653250012665157, 0.16151401608103855, 0.33076311632783373, 0.31802498928305334
0.44165950837302326, 0.2043939036227832, 0.8578332854081632, 0.7183072227581948, 0.7921892880048758, 0.11423571153830281, 0.8855614208719963, 0.7862402217156098, 0.6683473057107194, 0.5702977111237598, 0.9449599649116645, 0.11282660312304826, 0.2929001847753143, 0.4859860723684043
0.3513429726546975, 0.8726271112574037, 0.37236155497100043, 0.18569460210612987, 0.9237079755409717, 0.16976858039245646, 0.9205328587882894, 0.6123173630508711, 0.2103745086081067, 0.12280096459818657, 0.6684764416681295, 0.8108473104863095, 0.4924467950983479, 0.4129843048855537
9.65398223068e-07,0.0415707288005,50.9555664372
7.03676245831e-07,0.0370377356391,26.0904080477
1.60819544509e-07,0.100157060198,54.6584512371
3.26869799943e-05,0.29582486333,41.2645650148
2.80859427272e-05,1.0328629622,76.7619495817
4.4997739747e-05,2.33362399806,121.138733808
0.000373484252672,7.40260780073,363.803576304
0.00186917958175,17.0656635331,287.801259443
0.111641111253,42.3076439462,406.798745087
0.919473333124,135.008269546,411.239949646
