$x1,$x2,$x3,$x4,$x5,$x6,$x7,$x8,$x9,$x10,$x11,$x12,$x13,$x14,$x15,$x16,$x17,$x18,$x19,>>f1,>>f2,>>f3,>>f4,>>f5,>>f6,>>f7,>>f8,>>f9,>>f10,>>f11,>>f12,>>f13,>>f14,>>f15
0.5936544413177611, 0.11384495641691106, 0.5658536248771766, 0.5903746538651219, 0.7823224990125174, 0.5148005933391967, 0.5846874567612111, 0.149000070648305, 0.4631706684462956, 0.7595468329460708, 0.5764688059802167, 0.8592638870088114, 0.7021686679578669, 0.2587542961861725, 0.16892530987514565, 0.7841313487314437, 0.04356538869185922, 0.0786826916581308, 0.43032505669414023
0.13122249574745326, 0.06552487672498686, 0.693543180018522, 0.09457970111913172, 0.6352310072385723, 0.11638064476256549, 0.5725947072355363, 0.014753116503324781, 0.18876671414887336, 0.00011707220985945899, 0.7988735348688508, 0.9774145998952396, 0.7821520169465188, 0.9043590101375321, 0.5295976539794398, 0.03915233159248632, 0.8035316554438794, 0.7263883113248821, 0.6389689404460658
0.36171412356303934, 0.7423245228467631, 0.1428625958498202, 0.48115161002021367, 0.6133067595721325, 0.6027530520035081, 0.7741648257563973, 0.6150289970632765, 0.2960629855215312, 0.21166277465201455, 0.7507578500706401, 0.18182255225691035, 0.3972619514465975, 0.6789693944962536, 0.5596538097720616, 0.6793079416503522, 0.7613681139160982, 0.3953927572133028, 0.5074060503296516
0.3546538117473237, 0.1552366812088496, 0.6763085455176187, 0.33180645038783874, 0.9313711624553861, 0.07005034393661869, 0.8507480456187031, 0.17656740429848516, 0.5561589506993214, 0.20357587465740556, 0.4679248783528086, 0.7999596788027029, 0.5361000435346862, 0.4835865148644579, 0.7851920707755772, 0.02896234806706266, 0.7380212546294515, 0.4268806663992679, 0.9480402244108599
0.41267595996486417, 0.922869651851867, 0.28135605646694695, 0.24398909537280378, 0.8213532988298324, 0.7853505818459663, 0.10510497237644822, 0.6333604598522674, 0.6667109408879098, 0.6757529238610914, 0.7959806815597763, 0.25778333514378493, 0.4801702858487128, 0.43925066763905374, 0.291147818743968, 0.9436269371781882, 0.05265009305861734, 0.42397114714914386, 0.5854630828181169
0.9750546501719746, 0.5483597148555167, 0.9295523242665553, 0.6653552289986019, 0.6087614307603292, 0.8324381922344536, 0.2119973096152573, 0.15869617612732467, 0.9487818601137241, 0.32186913321257826, 0.18062462408867863, 0.9813283065232777, 0.40164962964834283, 0.9042915454803089, 0.3872112363029242, 0.25588143499847515, 0.1573480251034457, 0.24242034619392505, 0.7811339814401019
0.12644860619291942, 0.12044666776239932, 0.9503916636387504, 0.37741437920133325, 0.7583845376271167, 0.8655650788527315, 0.9521948263110369, 0.19611371466761274, 0.16235739416541062, 0.291227634241938, 0.5212608157652672, 0.6672122037065121, 0.8496534400485104, 0.6470723743444294, 0.9286208294277002, 0.8829678455135384, 0.6548187471690475, 0.6174400881112266, 0.5265761780835438
0.7646763787259946, 0.6296748594976589, 0.9279699329690394, 0.40711361945679836, 0.08541601118938424, 0.43125292210594557, 0.5665553005484171, 0.133939195189979, 0.8556988171415026, 0.2503909477868781, 0.7628051120311933, 0.007642572494600319, 0.16123001756803534, 0.5190158664708454, 0.7280057419292995, 0.4448295577701833, 0.6870481285903409, 0.8413109580565328, 0.1685863605632958
0.1487851885190774, 0.1613245324019179, 0.9852363639321957, 0.2699686898652226, 0.21280086292429867, 0.5516449075532823, 0.004669764103669927, 0.27906539301107103, 0.9498110855799188, 0.009065517032217474, 0.46715097228539904, 0.3610051154114494, 0.6831638458271805, 0.07225891999688183, 0.5165572183838747, 0.24452359602036922, 0.4735184876319066, 0.11428661633512027, 0.7716176760650125
0.9396557362194135, 0.4041439928640309, 0.34415781326734596, 0.5258577977058393, 0.10283428350785129, 0.18411673864063405, 0.48146205170039147, 0.6733488609673968, 0.683270311397616, 0.2642042677765948, 0.34601554648710375, 0.8607481873868295, 0.842288135591537, 0.6289520642437514, 0.7387633708644794, 0.03184562803635649, 0.07126759305620445, 0.07195728629816733, 0.8211123202393928
0.1194082171470231, 0.8339920271063189, 0.5188197149318399, 0.9060933837546311, 0.07641095106727724, 0.4913670451567608, 0.5654225473645782, 0.5173268134671584, 0.38789870011028693, 0.2427737495083485, 0.9851169629347701, 0.8505957653610307, 0.6800170746175, 0.3148068416364165, 0.6046138877441202, 0.6969825144466013, 0.956179104374717, 0.2717028590619385, 0.5720324526924291
0.46364439932079127, 0.503565712092807, 0.2947005602653422, 0.28346850708559457, 0.22861210855300507, 0.16227244495919024, 0.12400810853706856, 0.5842094070891973, 0.7207094848103964, 0.47476645018364494, 0.39206804259869155, 0.3418295705056451, 0.9353817619946941, 0.9044272091914944, 0.8077026926706257, 0.6730464661377787, 0.11216971950161259, 0.5243722690815015, 0.17077324364519242
0.2443329191851099, 0.754786842534737, 0.30245997199440666, 0.039640968041856794, 0.5245414044818523, 0.11434672812171831, 0.1799368148352397, 0.044630216141662515, 0.5187872790286726, 0.9457942166172292, 0.3022267627995351, 0.7791237070603263, 0.3193258918192622, 0.5713974722572824, 0.43633057626759275, 0.6991587084336254, 0.2826491024956579, 0.03587966859260383, 0.8820563716786629
0.7013816765762011, 0.7049550970071172, 0.3432031954084078, 0.29991125786931727, 0.9758781002349192, 0.229069427185837, 0.5741614251420244, 0.017694175410445934, 0.22186611675991585, 0.37898117683508625, 0.13691683018961398, 0.838684713315937, 0.33061608464875114, 0.002900924991302678, 0.9839440524156536, 0.4116235072322689, 0.2909352772732344, 0.39472176739744325, 0.9735622675019369
0.7885427990731952, 0.39653978189226724, 0.09946744049605061, 0.9703715579037756, 0.7061502329187189, 0.8542220042324041, 0.02961809207869681, 0.981867998687643, 0.25766459319887514, 0.44793269053008544, 0.8111147616009572, 0.17224889592722015, 0.6195577296764393, 0.6620402460299495, 0.42542240515887664, 0.569464844051393, 0.07781149854055125, 0.23371027461384664, 0.10952955309481138
0.7992052434582969, 0.6478982691541927, 0.5915850301292692, 0.5820249249714823, 0.02600667414070923, 0.18354900283785514, 0.44484489228435375, 0.46384204781116833, 0.06817076066659034, 0.5018929957557576, 0.2613514105168696, 0.3827248347640261, 0.800581399040873, 0.2440944803472903, 0.3915330325599885, 0.9795653617014669, 0.37378490372716167, 0.5629582985418241, 0.47109074872211965
0.5871468775827225, 0.10407395775055717, 0.44383315764830944, 0.7115611684829183, 0.8127728713431398, 0.280676928503484, 0.8883043468860982, 0.7923389290763206, 0.2610320052349647, 0.835134228928126, 0.4289513814386373, 0.34121466404053136, 0.9494381962078909, 0.8909787594731134, 0.020138348995320854, 0.18754738855085284, 0.06383248387215668, 0.09963838275581649, 0.32955688932240823
0.8968988109694856, 0.05640376250350265, 0.15325265772448116, 0.7686985574523936, 0.025114076555762033, 0.5657448406853779, 0.9729084181682057, 0.6659220062428651, 0.03238115684167442, 0.24281966712417313, 0.5337975601949945, 0.8937539514640015, 0.038024284219075444, 0.6931207498424619, 0.7799823001689217, 0.8162073972113026, 0.9022194989531209, 0.061412302811806874, 0.6750204261184277
0.3498068003810503, 0.31102527291904525, 0.7853514053180776, 0.7271323271661415, 0.8888217561762299, 0.552893197714346, 0.509814569207507, 0.41809891249152376, 0.7656881238270362, 0.17591173475460375, 0.42820111308333497, 0.7519467432178166, 0.5721794596635194, 0.5010444143945068, 0.27754311640899687, 0.5100661395773338, 0.29871562773020865, 0.5835790267016857, 0.0865306652586012
0.1405470407525382, 0.5402777648342807, 0.7859447090444344, 0.5655127030377384, 0.27648402769117664, 0.7248704015594346, 0.7974455030069989, 0.6725007788512333, 0.1903823122424959, 0.06331702330794076, 0.9984012941065368, 0.124753516368029, 0.6505011319400348, 0.9680591508235051, 0.10183055526523666, 0.9951167691209656, 0.10385772904965884, 0.7619233424110181, 0.5850236187026626
0.6579299118091346, 0.3861329114273344, 0.570286541524031, 0.058826622274126716, 0.3472384575766915, 0.4318972728034488, 0.6117337923550817, 0.2848246619199377, 0.4806068211868533, 0.1727114218472241, 0.49844199472663575, 0.5087422357720591, 0.8077565007200899, 0.00850466668823624, 0.6731060024337825, 0.6422106488802034, 0.6472962312773373, 0.5039387651383881, 0.7387262389409764
0.5191986996129068, 0.1938646369010385, 0.40172977995161074, 0.7046889465690815, 0.10077350178325983, 0.23970668764569747, 0.5356425327222821, 0.3525285769924288, 0.16020385182702257, 0.12375972190352302, 0.41937150437422244, 0.4952773409615724, 0.639401222122109, 0.14053724096454323, 0.36348811921381474, 0.4361540824665068, 0.779071984979559, 0.691663461124626, 0.694179637026118
0.009493368899879062, 0.9637009055592762, 0.29238827807341927, 0.08696607215866359, 0.3608351097978031, 0.9262279332218836, 0.6689159767088643, 0.8939842997631513, 0.1277472990658901, 0.48612647883120597, 0.5066773833818696, 0.2890961949955845, 0.4566458401939961, 0.6294689900962939, 0.40316953879794304, 0.8310471327968096, 0.8122992434857913, 0.38132465351308864, 0.7119237299212309
0.04750600510412495, 0.9390361685474938, 0.8321930759147831, 0.9502618561749747, 0.11100912609452174, 0.962171148702176, 0.2705941311289367, 0.34130967292062786, 0.6242101517964422, 0.2968367690383307, 0.27576991954933916, 0.45239219109845685, 0.9496689080933535, 0.9662431537417434, 0.2720140661166327, 0.17762438095814792, 0.9823127523852853, 0.6061567275270935, 0.3895343129772506
0.7655762047381197, 0.13042871525031652, 0.002347481288814013, 0.9154696437568207, 0.916074704528451, 0.05764727701591155, 0.003107559046471642, 0.3825206241693282, 0.9458160347751619, 0.10120320280274497, 0.9988998853382589, 0.15766603363565845, 0.888672222173915, 0.8463457616275564, 0.46730169527105136, 0.2627417089404702, 0.7385873918362434, 0.9077941719140027, 0.8774452305087952
0.5256329583975813, 0.7436693231841375, 0.33398817305071904, 0.09675090791815888, 0.13281961748247573, 0.1970067583502818, 0.37344762374605933, 0.38640194178845244, 0.27360941238332526, 0.03821050300758477, 0.02551301119425864, 0.3101528350670596, 0.8452553821969148, 0.1556969680004643, 0.967287771560619, 0.42579816281226956, 0.7140800663486045, 0.6045787254824595, 0.4060136308239011
0.7472373194556885, 0.9035706718866687, 0.7645651353601428, 0.4614808243646873, 0.13135539578466837, 0.8623219775857439, 0.9840517768451928, 0.43628878757046174, 0.5170630938040327, 0.6369108642221505, 0.12676490333518275, 0.27849888952422275, 0.06473719388515231, 0.88126562663052, 0.5127389201597917, 0.09150483294451317, 0.1483944690857959, 0.8053914896284003, 0.14972727682041687
0.3920307099445869, 0.43506651022634446, 0.1833480285707575, 0.22146996354433635, 0.18041222069443885, 0.6423282537633702, 0.2119998441066725, 0.8338607532995237, 0.8604243593393545, 0.6514864265112142, 0.6618024784715721, 0.5143249756197027, 0.06422910065758514, 0.1204925763217134, 0.07908760648803059, 0.9982345413522644, 0.19462469013544104, 0.7556849006269871, 0.8068209907850674
0.017257353970276834, 0.9498885507630433, 0.8593746110873072, 0.9060273290210638, 0.18739833868800493, 0.8457706374812016, 0.018901973561402885, 0.1408853359896327, 0.006214093894020167, 0.3626267456948087, 0.13741355680755074, 0.25184897353639746, 0.3563578428089553, 0.7652348805918738, 0.024837323628969288, 0.5534948669176395, 0.2113853730009928, 0.6861493054058146, 0.1514689890289327
0.65505167157761, 0.9376463570562219, 0.17750609365274883, 0.8873182711285025, 0.28009258261040815, 0.7005182843777255, 0.7992510397267567, 0.35605595905932597, 0.9398399370633906, 0.8889719736282173, 0.4440697711682683, 0.24814039207777827, 0.8630230946800149, 0.6235850170043392, 0.7778552839742029, 0.008080668688128734, 0.8009580549803623, 0.19531934206084733, 0.7228536793246212
0.6320638605869109, 0.8435157226226017, 0.7194507140836007, 0.8526656349539224, 0.4912963819110765, 0.13950989058843954, 0.7528009876038734, 0.07923969792340635, 0.4628624471143188, 0.46888520979273707, 0.5982960330714762, 0.6739808484733929, 0.6381979352327891, 0.7277879534761288, 0.9503278666640622, 0.2656737471574866, 7.520222466905757e-05, 0.11642392007205216, 0.15944790148456034
0.6293325417123776, 0.885546849640181, 0.4356054554618126, 0.07890906970801415, 0.9431001888293933, 0.5729707416741153, 0.3537794211600185, 0.06998367909599057, 0.581475997499898, 0.10285513905399846, 0.6627689303278246, 0.27848893179023626, 0.40045562591111994, 0.7433628727587426, 0.034731202065536926, 0.4501441150609444, 0.5912896218643461, 0.09623605017518966, 0.2802358073435308
0.9486302601011316, 0.08926885647519633, 0.6819824060162079, 0.6161241825220334, 0.43709775897142333, 0.6227005468704108, 0.6231541397134625, 0.83694429363785, 0.29545736064272365, 0.6077230606424348, 0.7211356713023818, 0.8296734015059753, 0.06269926502426182, 0.4777115401918033, 0.8182552278891402, 0.2728842280056709, 0.9619637591045639, 0.8005867173606529, 0.6159978095364135
0.17431373452255017, 0.1897500484454384, 0.663340882741812, 0.470989203747599, 0.44365682249994065, 0.3930671680379294, 0.4038203694212549, 0.35861147847849206, 0.45222009790467477, 0.5771670238464488, 0.05505826848018547, 0.6102817682929981, 0.4412488104214197, 0.5810031685084005, 0.27355149308257376, 0.948752037264662, 0.6391490087725727, 0.68241273804751, 0.903523643772631
0.9851997613202844, 0.2948570088537906, 0.5722719086784206, 0.6538227851938739, 0.9680749419270076, 0.017666121174132687, 0.5184189887221281, 0.2216368558038454, 0.9024950438975773, 0.5626418976834464, 0.05762947787509787, 0.00657366028698203, 0.9591704612630509, 0.6220483030759046, 0.39551046781073307, 0.2415039497379564, 0.062463036120425364, 0.3561362971543892, 0.19457517576980632
0.7909752608250722, 0.9611335407270285, 0.846967947870394, 0.8333512017876068, 0.21668676832599465, 0.3953416179499468, 0.738766560217964, 0.711553301399598, 0.6336319017287257, 0.9236150636942908, 0.03848569721668249, 0.453361191868381, 0.8448561573575899, 0.5504347999782209, 0.7798077100946422, 0.06747216034912651, 0.4921423407841935, 0.35580381563046715, 0.7600181827234155
0.6253806038942256, 0.9189949614844367, 0.7175104774231671, 0.45034421438797767, 0.8086942682419547, 0.9394451853242753, 0.22754871178040426, 0.3262995390141221, 0.9268180102720479, 0.8571649220335656, 0.5516272439083618, 0.30549167436623426, 0.16641310845377077, 0.7280382508339329, 0.7128223365455291, 0.43318421441467914, 0.14562325284690625, 0.7978324808897908, 0.7213196256421371
0.7998783777478152, 0.07336901872195578, 0.7806175047671127, 0.9050930469263988, 0.37124884675856373, 0.07266735743074393, 0.6377915503477251, 0.0016529600134188582, 0.042777153216340236, 0.5789342597081668, 0.7146251057660791, 0.19257645881210572, 0.7189815966284959, 0.9433551045527508, 0.23544673174512398, 0.35467985385782386, 0.5581418897074544, 0.576730933595467, 0.3514576845987172
0.6168823469657414, 0.4792113158322472, 0.1555676818292061, 0.49474498351327234, 0.4207779144956453, 0.42689735615511704, 0.8726373496412321, 0.8664809406251361, 0.14823982429183313, 0.4242449619915508, 0.5234164300814292, 0.6832604098012265, 0.5418492013568197, 0.23731846044332805, 0.264256706783883, 0.31235245687497615, 0.14868390604662907, 0.5841219899804692, 0.9744552618341799
0.5243710834388317, 0.7941014710717684, 0.9206418580921467, 0.7739707351835846, 0.9476826262979926, 0.9827961677429099, 0.397850071274522, 0.7149398910041014, 0.11841763803892902, 0.11217731508252238, 0.6439553331575194, 0.8917875982668209, 0.6342646892105899, 0.3939662302300314, 0.5687712080233216, 0.07406348676715269, 0.8567549918327534, 0.6713421449723914, 0.7762741270267478
0.8544248608355424, 0.8344423286812327, 0.49609703416342754, 0.3807830710335578, 0.5232083874718453, 0.9131629834753794, 0.30731594197832046, 0.7442306112390958, 0.3029572972859079, 0.5980512192811374, 0.6038074825556221, 0.47127212716051337, 0.7275914700493318, 0.11884148990079002, 0.6612448274463761, 0.8769548967995455, 0.7041054764472492, 0.9937565419054986, 0.7481279578260756
0.9190681943099047, 0.9344560153028519, 0.7607702651361894, 0.3096123201232478, 0.429935242046264, 0.9536163451717254, 0.5024546951533789, 0.48460036290661523, 0.8403333706178182, 0.1189301781099592, 0.5358444416099201, 0.21264634341536992, 0.1948626900939352, 0.6485893235904423, 0.14935509636101907, 0.4178575333646922, 0.3472186815443392, 0.48399342894791664, 0.15348784087902478
0.48389441828747426, 0.042767054146207406, 0.9668092054591966, 0.44491922946847307, 0.8728429381926993, 0.030129585714017693, 0.8384424635585652, 0.3086206072277401, 0.98783864528769, 0.7653425804955738, 0.15850141703078224, 0.05309060934358556, 0.763376380217166, 0.8312584234829179, 0.038351254472175245, 0.30249438281013574, 0.6526814649447822, 0.7773923329483068, 0.9168451127541803
0.49236667419934044, 0.17215108092448594, 0.28191440743536966, 0.11952617865280357, 0.563761837357163, 0.46074698912329703, 0.07643141844558099, 0.2761504839990728, 0.8110875555264455, 0.921595078218583, 0.2593792218197968, 0.9167398857252015, 0.23436555376581358, 0.26848198175798643, 0.6313466663335238, 0.24744390428260532, 0.48438355094106256, 0.7703360624206521, 0.9084378256150236
0.4275222543837468, 0.722264481260504, 0.173101167612573, 0.5445274628412305, 0.07774276822604542, 0.7424973233502963, 0.022280459744126513, 0.7271675988657621, 0.6676286455128719, 0.9321507914967171, 0.7511406999095542, 0.20739230568865552, 0.010125672929215068, 0.9859911458739001, 0.6164724309519222, 0.2665683497909662, 0.7990978129860871, 0.5728087207323685, 0.8491174546839243
0.8707470355013764, 0.017721575002621837, 0.02041194258483947, 0.9568162996750852, 0.15860522163367463, 0.14038345574797584, 0.6055097018425039, 0.664034018669327, 0.7687516865494468, 0.8828640092098635, 0.17343581377298145, 0.5244996636555385, 0.28433761462469, 0.7977256924710838, 0.7979489381519591, 0.8695357847807831, 0.4317788492256812, 0.9212804994174918, 0.4330683083293029
0.033344195248803166, 0.5829640665702862, 0.182506885108348, 0.28525710893002876, 0.7897740278249956, 0.3829810617068654, 0.48841278283173883, 0.8109966409809165, 0.6925593543987101, 0.9530673946052218, 0.3894071710052386, 0.09395328491511012, 0.7652498539978909, 0.821255461249247, 0.8783994191918794, 0.4935783021742792, 0.931135489462877, 0.4784486653033798, 0.44666661613401826
0.6021500847850961, 0.15588178441618183, 0.2907636909322058, 0.6688965531133703, 0.7349466076889084, 0.709757262882618, 0.9576232267256102, 0.15012236951479696, 0.26225920840664385, 0.07470585636504379, 0.8683140141375806, 0.04995003025949163, 0.7639586329192186, 0.7389588947475852, 0.7076099872798296, 0.9144937087805881, 0.47228793503726807, 0.9652382193952536, 0.6369913523158922
0.48168048306155653, 0.4545707483865209, 0.2490540534455531, 0.2370893067771631, 0.8244819757526322, 0.8914812627515591, 0.15847699880938548, 0.6190205063400769, 0.7615663140027253, 0.4860220877668756, 0.6878004951670251, 0.41131420342451697, 0.0243001345996815, 0.8658459521643646, 0.3228894177532662, 0.45273268706101644, 0.46409874561841624, 0.5186444311926006, 0.38549505203332757
0.18148232602107717, 0.9970792499893232, 0.28212191356001515, 0.8948966932795669, 0.7507532111268506, 0.8109749059419573, 0.004744918033831258, 0.8853444795831473, 0.9877207438563224, 0.6611243121850864, 0.006432401500739315, 0.9827985737683826, 0.20934391614119974, 0.21127737783801648, 0.67110907462362, 0.6469792031979382, 0.7618052436666102, 0.577910816490795, 0.9889915161596016
0.5214350276885775, 0.11007286961378382, 0.26923272419752675, 0.77568564386082, 0.23067674639176106, 0.08987507649729565, 0.07180336628435935, 0.5034207974091853, 0.19000217685092557, 0.5594101577132423, 0.35220666158198777, 0.6619163808909516, 0.5109664891310213, 0.5825503420583932, 0.7368271184377487, 0.18840945429190004, 0.8036615637264312, 0.22895350611006537, 0.628097227205972
0.4261015424449218, 0.6055211448577299, 0.18292315409527393, 0.16256519966851313, 0.31496264645784333, 0.3805035730297458, 0.673049748868573, 0.9900444548519111, 0.23424448315520852, 0.7881324513629991, 0.6456699466467871, 0.43134937995837175, 0.8162343139279513, 0.6143754731876869, 0.22283380092973382, 0.5819683952365279, 0.7076217082721827, 0.8856211818870775, 0.43210933095464354
0.8129037526321025, 0.2115274738456826, 0.07503012034264422, 0.6639315516802313, 0.9634653894867288, 0.7818490677842564, 0.810439617816944, 0.9132583316655593, 0.8909908034782614, 0.5232281335890008, 0.9209598189540587, 0.7160227922762118, 0.8768590020819825, 0.9593705886025118, 0.6938556703568528, 0.8251618814505245, 0.8124155533710807, 0.23108281092047112, 0.7408344540254956
0.990207502280537, 0.8808055579849053, 0.27715964478003574, 0.7183385489302252, 0.4051595182921831, 0.23248401868246416, 0.3433149591497868, 0.3273626247436898, 0.2216640862946404, 0.17304447355638564, 0.4795615918584939, 0.8830651017249582, 0.26637737668274675, 0.37180945006593114, 0.3343417713880721, 0.8613537189336186, 0.811471420873805, 0.4870302125600414, 0.011258263727310314
0.11403680853941756, 0.1926337063868031, 0.6018357616388524, 0.5269126109607543, 0.6229437071141156, 0.4375256287470177, 0.40450169297696703, 0.18629955723266123, 0.5982135633967912, 0.45339214963925556, 0.5385404673096315, 0.17978106120800796, 0.6325392221260986, 0.0944031289309798, 0.8948784254125366, 0.7419147969857903, 0.44074362381952703, 0.06453790312219254, 0.4742722562994669
0.8480417388518966, 0.3728182326283005, 0.3889550812840834, 0.5050122908435442, 0.31245169147988083, 0.8151828705479064, 0.5085544019210434, 0.8522327052010535, 0.04863708663014521, 0.9331844243590344, 0.17331346140671255, 0.573954735074168, 0.3992463493173454, 0.20609069845256367, 0.1744542567896532, 0.9698780969461396, 0.29820461059058545, 0.19425560324415148, 0.8183125863535995
0.774364965003582, 0.1168958802748582, 0.408777542448048, 0.8414321076850357, 0.6843454773825924, 0.4475271890010075, 0.7001549980343091, 0.5684407393999981, 0.08850780393428204, 0.25135161688697727, 0.738788222087613, 0.06944475950961204, 0.49265135919819614, 0.33713949302677626, 0.14855134122189073, 0.5832416955165848, 0.30769081335670534, 0.6255934878068428, 0.22828892759817576
0.6521104834614024, 0.2272623930778036, 0.2796421634171927, 0.7151505508736753, 0.01866947760485238, 0.26443152182424723, 0.4854236093039702, 0.24226252928314873, 0.9951539279591036, 0.0730675681313826, 0.027136199843773245, 0.511053149940167, 0.582326530174034, 0.21303593364721807, 0.9108753947290458, 0.918989085390898, 0.48649417002071005, 0.36357655249451304, 0.06672079474838932
0.6249725100479613, 0.687915306355083, 0.5222201396883184, 0.44298659970275167, 0.8337173405743546, 0.6080392287259815, 0.5539573905556833, 0.1398845200579628, 0.011042462133327713, 0.49251227138972753, 0.3341005863160691, 0.933157732317113, 0.4521986534942567, 0.1237082060260084, 0.30683287382450386, 0.6113860635357116, 0.9544434809435006, 0.5353234354671853, 0.979288124787351
0.6985818575869865, 0.8101437425071857, 0.7674702937586065, 0.7868662728487155, 0.8557109894776361, 0.45408814090092464, 0.46043516605652834, 0.8021993043364055, 0.5475915755668662, 0.280892543648679, 0.7663961994553012, 0.5282621095587725, 0.003091524169555826, 0.6765614303358202, 0.673865071879591, 0.030439079565639182, 0.8936596479608528, 0.5904258212637871, 0.1575732803983747
0.9391792662568722, 0.4921824217701489, 0.0007716890863630477, 0.9350689225775667, 0.6942234767894682, 0.9549137168077744, 0.1113344782603124, 0.10213183089393585, 0.2591544817113609, 0.9898531824035317, 0.7810945285642917, 0.9725023478258769, 0.24654514017956597, 0.43500186858278633, 0.6101503648548487, 0.4965749131451047, 0.45341372007212144, 0.38350152735902354, 0.7074405853745376
0.8252918355152542, 0.1534678447868708, 0.4942610331480787, 0.40549789172629047, 0.8035661168168742, 0.5387165983060958, 0.6245695378033709, 0.957111813205314, 0.6348138155260449, 0.8429028131081758, 0.07294368561560982, 0.5473634108685858, 0.35545392574240153, 0.524456430946323, 0.0062017071161559745, 0.18480401810112357, 0.3132016529294933, 0.6741829223548634, 0.43896860190823817
0.520383572532381, 0.40611244543904645, 0.46763617267811464, 0.4752069904353253, 0.24429036610609467, 0.5352580548869222, 0.5091875803776732, 0.6472893005002056, 0.36717841108584715, 0.026682767295183818, 0.4188928605140819, 0.3375577491184907, 0.1121079097502855, 0.9561523676538156, 0.7942738953505387, 0.3057000728125949, 0.8272266712173554, 0.8696454621629134, 0.7589466465008048
0.25552582371543053, 0.32897108284005405, 0.03452929237955138, 0.7908219334535747, 0.1443846850026641, 0.27645433811354925, 0.4459628220645723, 0.4534866226991927, 0.14911736518197405, 0.8329680739253108, 0.6238543322821828, 0.09275526913188781, 0.7932103511208558, 0.40831943482456867, 0.5744257898137406, 0.7861987019563197, 0.29833800265911725, 0.9791368638287564, 0.5663978282218003
0.48348500928064664, 0.30186771053065176, 0.40062478108760124, 0.7283728821058346, 0.9253413301592748, 0.20217432208339103, 0.17166090577608584, 0.9253334766249642, 0.9029864907827029, 0.7434515474202196, 0.5183069322584961, 0.9067104951885565, 0.9180137574473448, 0.5123701812571436, 0.20496799895437912, 0.9672108345320934, 0.671510322693834, 0.9730421449512364, 0.5961819485244292
0.17375475405576568, 0.21217344778569547, 0.7725452587137596, 0.6550417861387975, 0.9687493780524199, 0.6820243942112133, 0.5271208116956464, 0.42505635920196483, 0.7262855664193957, 0.8645164624151879, 0.5657739354380525, 0.4618632354972667, 0.5626544345144671, 0.3249954016510159, 0.3876613377778655, 0.7213502487130807, 0.6421570700252887, 0.7123565926478861, 0.6380242394600361
0.6421853933789995, 0.19169731621148323, 0.26400567163886235, 0.3408391223587661, 0.4632193059699684, 0.6669097479497456, 0.8204993862561566, 0.3896239202888443, 0.6920786178535879, 0.9920261127914438, 0.8508006576133299, 0.04494461598094124, 0.472080419379555, 0.9130695483243128, 0.644068047584, 0.32380828063749145, 0.19941303920314046, 0.18220477441734506, 0.8047253953901741
0.6847429574102718, 0.9480873640041431, 0.5705102805669551, 0.9021403766170858, 0.4962388095930017, 0.9155468276874819, 0.07402009154384104, 0.6905059194426398, 0.5491633597678769, 0.9621481321508168, 0.25438489324353286, 0.5068621829619131, 0.8874435669968517, 0.8531818023067366, 0.8979951341944333, 0.1869801501355356, 0.681575212001357, 0.2117718450219792, 0.03619095105041714
0.982275991094433, 0.12893119838241962, 0.48005354962446334, 0.16514062320720857, 0.41827121738272566, 0.8888260095661122, 0.26809587444716154, 0.5864001333336698, 0.2712560028097216, 0.9216264027767149, 0.716461940395577, 0.1732569525712102, 0.6093939795295034, 0.48434457346200566, 0.6179793231839241, 0.47737105044339256, 0.9486646143004471, 0.5838985613562657, 0.16436212277725337
0.6276861724433832, 0.029471208963900652, 0.29519285002923124, 0.5414639363781384, 0.7868920656862596, 0.6287006047596463, 0.10554783370415044, 0.2532763854559028, 0.8051562890981588, 0.8354561450576177, 0.04914732431873403, 0.01926021175936876, 0.2698465698008913, 0.8944168383329913, 0.877045508503221, 0.047485984701253425, 0.6698223074068391, 0.9671026384894585, 0.9384072994194645
0.2728390788680509, 0.9743370246879978, 0.9558817810746482, 0.9755039777912552, 0.5760604425471256, 0.7104600476070837, 0.4819603417514292, 0.004547877131289235, 0.4102182241813941, 0.3029627230353311, 0.3165826119091337, 0.13436691702630943, 0.7176611351732263, 0.796993986268349, 0.38013674536471687, 0.8933207475235498, 0.13586662262784732, 0.6501489083061651, 0.6025260745411478
0.29966943947893876, 0.7114509442640555, 0.5001498402268634, 0.6818560227158603, 0.33367171597506873, 0.36518993409188993, 0.7450488185207224, 0.9251973224153094, 0.10687236584121473, 0.8602481496438225, 0.32166008978759997, 0.7648419904536945, 0.3584683592878938, 0.8712990254060482, 0.889984956490673, 0.55158549489447, 0.8862908572835739, 0.36917077746746063, 0.44692347208683403
0.13074419234759527, 0.9296191821329572, 0.1441403175832462, 0.2821559214533613, 0.1921953192874084, 0.9875140509822492, 0.47685024235223783, 0.035613427316871005, 0.7038460540187592, 0.6732324268429317, 0.7101556863582255, 0.28688791179648765, 0.09998746205471187, 0.5165267514933487, 0.2632239493104819, 0.19572491378656287, 0.51915413390743, 0.3896778893018912, 0.08771214240089731
0.2750364350601675, 0.5812198598181166, 0.5219742477334852, 0.34584195469529666, 0.16418501618432435, 0.5648716990186875, 0.6413007187859808, 0.3396003913335317, 0.5517652250424226, 0.5831842065002414, 0.8690496644022033, 0.5554043197062679, 0.5601428946203869, 0.8714328927412929, 0.053117541404855584, 0.8377809182492054, 0.4056978607913869, 0.30999555854156424, 0.39151929100533545
0.3842914894887509, 0.9543332351996683, 0.545085742809463, 0.9669395146323312, 0.36839852213048996, 0.9056403532935198, 0.7486271880095088, 0.9273402858995726, 0.5744463635002548, 0.13269016438104475, 0.5357634205044992, 0.2270616098840219, 0.44843044740517546, 0.16896844267872846, 0.2917845223380904, 0.8900965469618886, 0.6079929326699278, 0.05713319476518297, 0.8701187894201917
0.7824432557114381, 0.7535200862180014, 0.9473512400659013, 0.3246510885676044, 0.7271533008335793, 0.3094687638031658, 0.4364067901864336, 0.5690265735518709, 0.7949263917077019, 0.5113591974795799, 0.01656897286756387, 0.37375254475163555, 0.8843329001468039, 0.29335755002513597, 0.8209892167857823, 0.3778313389653619, 0.5074154799112693, 0.3703064390566978, 0.6449854712438748
0.34265947490802406, 0.1376553836872677, 0.8776656435452939, 0.40027077540604317, 0.39016723062578296, 0.41369766575247, 0.02871921415086387, 0.7088546965221345, 0.1433790985870922, 0.9246271667028484, 0.6769677896884768, 0.06852381502807636, 0.07221443355335444, 0.6861241887077336, 0.25538035356037747, 0.7455218772528062, 0.24481954222266444, 0.21075105108263037, 0.5113923292521523
0.8478116174077861, 0.1573928164731656, 0.6065575636287217, 0.7793058993279335, 0.3667601711896814, 0.8759987824738187, 0.3661315736788934, 0.33217028681558125, 0.017775859400790073, 0.13673537992483842, 0.0647848425948917, 0.917765280872078, 0.47904320292876257, 0.9686750052628059, 0.6404092669575714, 0.7755847277769263, 0.7675754699148793, 0.38710191503763836, 0.9767872333448916
0.03784611506746405, 0.3808956929468985, 0.5279498525254913, 0.7386276833794332, 0.6954905889465592, 0.9061263911190693, 0.5679408744755053, 0.8317359837451845, 0.5806953056203437, 0.7113399519048061, 0.5082949454426674, 0.32250084832301973, 0.9583874125391141, 0.5672606549529434, 0.28686051151261305, 0.6614848375377386, 0.10944267620084036, 0.9177820255349464, 0.038585801178215084
0.16322394896084869, 0.6257507203261548, 0.1800145407043915, 0.5198475643650641, 0.4861502936081741, 0.9974297605068606, 0.5760382500556758, 0.35102603396978105, 0.46687530819732714, 0.9328241498189889, 0.8968592212313025, 0.8411408061590822, 0.8219476913125621, 0.6040680226255443, 0.25367402572056386, 0.5670330116919216, 0.9339933000979144, 0.31442334596937027, 0.05040715718443223
0.21990966434799342, 0.572408520191857, 0.5618659306689116, 0.593889455672976, 0.6928995956219551, 0.005421320049702194, 0.023765689124431222, 0.7561397318045187, 0.36396789032475396, 0.3696429461810965, 0.8472308777518935, 0.7997349288104955, 0.9957813119728733, 0.46137486920729576, 0.709784599607611, 0.6906606707014649, 0.24557845639695308, 0.48882231639073725, 0.6869720554430719
0.9047868560353921, 0.7212780811484719, 0.5420054950454478, 0.6838462959812911, 0.43040675419081786, 0.6869386975415592, 0.7938866605098417, 0.2635065594500057, 0.6620449375454971, 0.035640217553288056, 0.12709905097567198, 0.42608912900713136, 0.5449081884223083, 0.6049721861000972, 0.977364469642343, 0.5082207836406313, 0.04273704207390361, 0.27179468052711797, 0.4177923986900405
0.7389088329219432, 0.5246609638538499, 0.4901490817361146, 0.9773869045104663, 0.22663675691443463, 0.7411567473354543, 0.8464929726919225, 0.9812509733997442, 0.34186251208772545, 0.8512826166216705, 0.30829915467333036, 0.9872578172067719, 0.8193277122503876, 0.5799238183642376, 0.871091046400732, 0.7021707923383185, 0.14791097998478697, 0.627935439045098, 0.4311471307318291
0.34883003638205257, 0.002474322330101697, 0.17639966886622127, 0.5299968935279329, 0.663758178420447, 0.7351514901261927, 0.2638284029455743, 0.7670531659667935, 0.41392436735634675, 0.9563522181721377, 0.6327754797516799, 0.2443946819875823, 0.24124108460280436, 0.7255421367754279, 0.6473361642616949, 0.6163462975559202, 0.3527564275212046, 0.4191258719731721, 0.10003721072876559
0.9125252405795737, 0.5764874738076867, 0.3963654335580544, 0.6140962886315442, 0.6249533743867136, 0.0680211200401587, 0.7853736695676536, 0.9263915399688291, 0.4861173385143638, 0.37795676038988657, 0.35753362656504695, 0.15943802077410607, 0.8369749694387248, 0.9732399574381679, 0.1712028796118681, 0.08400221415270515, 0.23986853614943893, 0.08293710566119539, 0.02913393524801844
0.8895720502091558, 0.8534323932743686, 0.7451761306938569, 0.050221589014275314, 0.5000279068532099, 0.871079770761577, 0.771158464643935, 0.875173914415556, 0.10500839472758361, 0.11691120780773545, 0.026899959730129597, 0.692629813761855, 0.3730361430154737, 0.058170938766535674, 0.7535566667149053, 0.7855709149996749, 0.30134288098673434, 0.28776902605091104, 0.8476924740931954
0.6202365259664813, 0.8341553990921635, 0.08594866934928269, 0.7054741493121229, 0.19239520843590607, 0.4319231432112539, 0.33609993511099934, 0.8044138136165485, 0.42056637938342456, 0.13660599740589296, 0.8430675259642219, 0.8723840095049067, 0.9667869276208668, 0.6445086334335154, 0.3473631689393887, 0.858414163702527, 0.6515144634563521, 0.06921469291450932, 0.18461424692170947
0.6294244537433464, 0.514941121251966, 0.4856652858461564, 0.36465957868057886, 0.7598131743788505, 0.9185568957727427, 0.8932956448990632, 0.10237077602518041, 0.7791091230059217, 0.9214371985168738, 0.5356097183132726, 0.037212722679626165, 0.08201298126968393, 0.9115940704461822, 0.155944482183476, 0.37800632646840726, 0.12179817324398101, 0.48711542085453574, 0.25283125422081965
0.4824642874133206, 0.7505280523368002, 0.7990055156192815, 0.08794422773885813, 0.27875592567136875, 0.430575284287915, 0.8095642927994525, 0.7147247589528934, 0.4453035176219752, 0.2841524512485295, 0.4137696183254608, 0.5688998250511172, 0.7882207851440217, 0.30957346355728943, 0.6251170717002096, 0.5027955441486422, 0.12133737707299186, 0.4223799145191651, 0.7227272480940067
0.7431076562744459, 0.975442175958245, 0.8832334019036807, 0.904729373719989, 0.244057662366038, 0.325762747799635, 0.8421728205122089, 0.9838454893826589, 0.225305170223002, 0.7567403887979978, 0.09721418514547187, 0.6035645553706211, 0.24415606120206446, 0.1824202211448258, 0.012596218267075576, 0.6284253503245537, 0.07970754068127273, 0.3857078263583851, 0.5783910158219747
0.6088471839973514, 0.06694281518607137, 0.9060979150203524, 0.11430559047080413, 0.5123594250969362, 0.12905557942423007, 0.9591046854902432, 0.4250498077615398, 0.34874136161297087, 0.42075536286833115, 0.8635070553619141, 0.49936647547891333, 0.4726519447595714, 0.6962323876618146, 0.16936571404020595, 0.8121578351720342, 0.5096327548096445, 0.7065376603023574, 0.30658718069227864
0.8052547983282439, 0.23373276812149502, 0.35457379267143596, 0.09258323450312511, 0.9925219452894967, 0.39328016631421914, 0.9779629744043655, 0.022933025959040343, 0.8893525882566501, 0.6226922000396138, 0.6573813725963829, 0.14802874202342198, 0.22400756135405886, 0.12692254977188466, 0.626855995698231, 0.22512825816825288, 0.417201101300231, 0.25772970143423257, 0.9347809116852505
1.68700284424e-09,0.000305239788692,0.60919997328
2.08285454754e-09,0.000314045309951,1.07849134993
5.63308939343e-10,0.000844379242272,2.31867032937
9.54130046794e-11,0.00238475850051,2.18048169646
8.86338275508e-09,0.00589892913105,5.59176088617
1.02927991802e-07,0.014579699384,18.2150509814
7.05189040443e-09,0.0500331401736,22.6954952755
4.01425570687e-08,0.124857671126,19.3583498309
4.63110280631e-06,0.297827970699,41.057010532
9.43829317415e-07,0.927196777156,76.2613016063
0.00113134118003,2.29331348035,132.694782286
0.000706590463559,5.67506906164,271.197658245
0.00207690929496,17.3230089561,263.235012126
0.0497642666546,42.4397794833,373.923202174
1.02530708981,131.942638202,442.048723316
