$x1,$x2,$x3,$x4,$x5,$x6,$x7,$x8,$x9,$x10,$x11,$x12,$x13,$x14,>>f1,>>f2,>>f3,>>f4,>>f5,>>f6,>>f7,>>f8,>>f9,>>f10
0.40033281007702815, 0.7413369400685288, 0.8690509727647607, 0.9251537584097185, 0.31050633781024695, 0.8097990054594667, 0.5040415704506138, 0.4399056622475712, 0.8686424398259794, 0.4225483713578496, 0.43584340523773735, 0.5331022723272142, 0.09276346367538157, 0.27876939555428226
0.4253925432352177, 0.555240227915105, 0.9006065149739536, 0.7800242737561637, 0.5832950741395695, 0.9326609241294579, 0.2651461932162893, 0.4868547456403025, 0.3859627388444038, 0.7805186964024023, 0.915454600559226, 0.6457787285447018, 0.809827039956542, 0.022420310441293667
0.21496186349104396, 0.980114054982529, 0.5699002775063559, 0.037876289376074124, 0.8282825333445628, 0.6053894340285005, 0.42043348400353076, 0.45374165353088913, 0.35180014454630826, 0.10156625405361563, 0.7030213904114041, 0.41424830379785427, 0.5255882258299149, 0.8650923510473189
0.7720432936440474, 0.1622400628893137, 0.11106539554603478, 0.789352031161217, 0.06265358916570107, 0.7612403975244441, 0.5666716869896045, 0.8776493638299059, 0.03119518907290142, 0.6821905356177512, 0.39613393176295464, 0.4147877987691947, 0.29676676928499757, 0.2867024933947545
0.32682634360677454, 0.6567446371401003, 0.40923257750043873, 0.5557708901831083, 0.6813329588297115, 0.8984252584037667, 0.734300233235069, 0.9987340974710079, 0.35352204361355466, 0.8555987864904455, 0.7733616559341447, 0.7054883712606356, 0.8832582928367291, 0.8271144666679436
0.44179351022168734, 0.9364784115314445, 0.1943723001551848, 0.5974196681956001, 0.9280427871959273, 0.6232246907462863, 0.7990298909805144, 0.8982238522528377, 0.2977931463268194, 0.34037310951026845, 0.5407616310380926, 0.6370005737649153, 0.6931292756102331, 0.5625733527130028
0.9418289598326053, 0.9397081596850544, 0.21471829831718314, 0.16307791144055217, 0.7957787934846843, 0.26473886000501234, 0.12012932617043248, 0.9651219330490275, 0.34531504530947077, 0.7217247763942296, 0.7850017290517037, 0.8662951622893511, 0.4122297014321339, 0.5967939732428377
0.7129553298138316, 0.573215032058015, 0.7332171715984104, 0.5930464302540781, 0.19099381396426052, 0.15810166193881692, 0.2044724824115186, 0.5699527993533956, 0.2701915243108942, 0.05661262604931505, 0.06565243692071299, 0.49801843706276994, 0.45760477587047665, 0.04673870928014434
0.5702974386299717, 0.347305070189877, 0.9511887457676518, 0.31891253327679925, 0.19197571444878914, 0.6838498810899093, 0.6520171440634943, 0.31997551845591954, 0.3513806748402608, 0.7396888873624586, 0.3289818467195892, 0.308814855868761, 0.21455618023127565, 0.12149591609128363
0.47945243568996676, 0.32473358552464304, 0.9696317321716418, 0.8462093957204919, 0.8894039540183017, 0.26058773401401913, 0.8911746756031089, 0.887037770710935, 0.5513176042867076, 0.3475652129549467, 0.35774950977746145, 0.4119378623141349, 0.714877585059949, 0.6104594459281025
0.6039754998143467, 0.026067549351290076, 0.9436397952897722, 0.24998244370706624, 0.8671792322372596, 0.8514657872791452, 0.19674695894751992, 0.46984660305786596, 0.7291469054248685, 0.7919419787403814, 0.348872315714848, 0.457191394067726, 0.3208551953123804, 0.0013595386338687288
0.543347204393266, 0.6772851136917118, 0.6006927338578736, 0.8600749769542655, 0.3973397264528814, 0.16488737428681455, 0.5257582798543499, 0.4949022699139852, 0.7326584472321264, 0.3467663278561911, 0.8744745698861367, 0.39894286790678535, 0.5512865123296747, 0.4126714960432267
0.2971642830497211, 0.7690693242496666, 0.17861741837601008, 0.2754171672545024, 0.18021141257646955, 0.5762188364651066, 0.8774513668174722, 0.2644611110716848, 0.1481310102308111, 0.12785107394837758, 0.3489154388825547, 0.854872250828723, 0.8126989284010661, 0.6615179731604715
0.3628806222786982, 0.36753316393849234, 0.8460173474857845, 0.576945487314489, 0.37097276378054767, 0.02857895592747839, 0.3759437411701261, 0.22333914611217887, 0.40505081656392594, 0.9740820291484035, 0.642387787202107, 0.7103825850733325, 0.8217209578853806, 0.8009490897113977
0.7596968662998125, 0.10375496067959644, 0.7348024366832755, 0.316149903329321, 0.48240018267748097, 0.5651257295605919, 0.16365239258512576, 0.7321822473934364, 0.6284495390622954, 0.9937261474211994, 0.9098464940845822, 0.27886168979727777, 0.4929488018385735, 0.7395816973710382
0.45376500567099054, 0.3983601509970778, 0.7990289195098165, 0.3207695989696181, 0.5278366278845291, 0.5482237564919337, 0.4993728949199603, 0.01591204036443894, 0.8839668415234517, 0.7108339974558521, 0.5919053355465945, 0.042813564360395295, 0.2000050656240635, 0.239669668840362
0.8989703075667395, 0.515047231707889, 0.785220060135096, 0.39296735483551737, 0.3731920617405565, 0.5345965884799327, 0.05218354660930857, 0.2663915993622248, 0.5936954361341693, 0.0719943218443726, 0.057124601066074865, 0.21163505068235255, 0.522393552131147, 0.9701986120044299
0.3390075298397729, 0.4687433241622526, 0.3261321997076845, 0.4125478916740135, 0.6595084523382639, 0.33108663614879363, 0.13695836432213537, 0.1875795476475316, 0.10325715146598136, 0.09269710939031661, 0.9442395380624512, 0.370609808070005, 0.3997621656674991, 0.12640817335828114
0.7913844160282827, 0.9610674565354884, 0.7569763177425793, 0.3409230399534876, 0.26189029116647233, 0.8439072706342009, 0.0814753255923375, 0.015557533633052123, 0.41479913199674734, 0.15217875158163396, 0.6254133007468806, 0.6345021382674055, 0.8689019290107555, 0.06938305677939971
0.017946770156212266, 0.5079004645641093, 0.3035772844774812, 0.9284927553765975, 0.36245177632786796, 0.0769570848318194, 0.1202060643953835, 0.46516577745730214, 0.5684659772530974, 0.7914289875787789, 0.8027381863100261, 0.07430387185209575, 0.5105320546084183, 0.2810092182257733
0.832144967647102, 0.91684541051887, 0.3181200784271013, 0.22920881947163607, 0.38821682910773636, 0.9719199106183466, 0.2731612677268621, 0.9516573007628629, 0.32120124481291057, 0.634456618907654, 0.3335090843241061, 0.005045290534203106, 0.37038236141186665, 0.9931458486542284
0.7060151461711334, 0.28494679595686045, 0.6616245787085729, 0.27769096845354213, 0.11642971812802239, 0.6759018527170917, 0.31548809948808954, 0.016084925769954572, 0.46736632941161904, 0.39363359810509524, 0.2867294995647526, 0.45925708632209294, 0.5580362433192645, 0.6363020574187984
0.7032935173459951, 0.1259085281698431, 0.24953588826008677, 0.9736013534134531, 0.044551459430726026, 0.8110212405023928, 0.14194070140227888, 0.11127874852794128, 0.01868654990308327, 0.8370662947944003, 0.04657582361788093, 0.18444467711641, 0.2681631207720463, 0.31589240365885574
0.6788444350462518, 0.6428204868417597, 0.5509311072071443, 0.52841273065768, 0.3037645166392432, 0.5854719151854063, 0.005337947010764177, 0.9304245691851541, 0.5056384246583249, 0.7474063938021623, 0.66601759417465, 0.4444022534469011, 0.36449658447398536, 0.8405596337984806
0.2286161774478762, 0.933082597934861, 0.6064903721802678, 0.5504345570776712, 0.4032800130150145, 0.3038542335344616, 0.8561348316781686, 0.38138507885557205, 0.28548599041323064, 0.32683086156432506, 0.7158075655546586, 0.9603634761692803, 0.14593244724407106, 0.5945489100709339
0.15535122706759352, 0.021044091615373572, 0.1808343327126034, 0.7649120372958447, 0.2290766843216422, 0.015633549572688255, 0.8017164096355639, 0.6179558816855597, 0.13895950640331156, 0.8127045754148151, 0.056780736936369314, 0.7795413979094907, 0.6095021140418537, 0.09961283772531215
0.6595444824793442, 0.747660314866801, 0.012180913737406152, 0.47015041738662444, 0.3815480638998645, 0.2716086686262045, 0.9149119722379266, 0.6694416774112268, 0.16348282142035742, 0.9355099891941661, 0.7849768838387252, 0.2591026048859658, 0.5044581224879477, 0.7733417414928137
0.2626131202790629, 0.05290047282106125, 0.09490830870354816, 0.13917570942996738, 0.8572846802390754, 0.45831512841509636, 0.3731762076639168, 0.04124820007921237, 0.002568563965160031, 0.44890570415945497, 0.044125865219016736, 0.7306507789816096, 0.9247526055070191, 0.4265926278056599
0.9744250821030127, 0.18162040995919015, 0.4246634294670637, 0.8047967748474074, 0.7630526953352159, 0.42965041394379966, 0.493266250247714, 0.2887735212989314, 0.25814226002369256, 0.16023091110781507, 0.4752892719557694, 0.2090359755716481, 0.4302301207736495, 0.004125556034747735
0.7461389621208809, 0.9982109388725571, 0.7369872101425674, 0.9007173780679415, 0.5696067207674268, 0.8796230651529784, 0.9647924088252852, 0.4972299204121602, 0.3290789305473225, 0.8608858466838373, 0.4003052171372531, 0.9882925571152299, 0.3833372567477642, 0.35136516242671
0.2601656550272332, 0.27521740936009864, 0.010733410787954756, 0.0539755769585154, 0.6910908211570532, 0.49405377151705177, 0.506630040388268, 0.8700087323822705, 0.17478118977115997, 0.9035861897329578, 0.3325473680905855, 0.7419997968392844, 0.5702505460373571, 0.9057156782470805
0.1918777012425279, 0.9141283801681026, 0.8995104403051123, 0.1246026743451778, 0.8366842347864504, 0.9736486650488089, 0.7872764205972407, 0.2717436420018855, 0.07336133665663347, 0.9414365114486111, 0.44434194974877905, 0.35355042789776103, 0.2574836806191375, 0.1043693540060513
0.4483640517611712, 0.031623962651076365, 0.6022776207911581, 0.2542697755896286, 0.785388812872814, 0.07284749811077629, 0.7696080320663569, 0.08964257103344431, 0.08319011714709068, 0.3263248211180235, 0.5124423956455799, 0.20325030757715723, 0.6324561476909961, 0.4991705574798504
0.4352468472141904, 0.01706333467721044, 0.0043349713613490826, 0.3030248081060063, 0.44359172904565536, 0.7021267957344293, 0.3850491297087849, 0.4746340186939153, 0.49814211585951473, 0.8565316843499253, 0.1025524453596075, 0.5405737970752688, 0.142572402982029, 0.515407048241722
0.05694291771543958, 0.9887038809897678, 0.5959947365759212, 0.5289984889211368, 0.7566206225897514, 0.9436309610321002, 0.549227595056423, 0.17868805234008855, 0.20634242729741714, 0.7874620891813273, 0.8550978994160134, 0.1486596969922297, 0.298482744909904, 0.596553158112342
0.1371071466360112, 0.2914565098292653, 0.7099201494594173, 0.2342217352035666, 0.626214084103526, 0.6352327875127709, 0.47681659099965246, 0.8417045759425986, 0.6916204027118494, 0.7681940480697262, 0.5800623514694198, 0.07359106099971868, 0.5481586055487169, 0.6173413755685746
0.7673701013117761, 0.8890645395552819, 0.838729662434865, 0.11977519908260803, 0.27585128103461276, 0.6231136178548007, 0.19321998045344602, 0.6480646489720577, 0.5183637756406293, 0.6173475066779376, 0.43109099512223736, 0.5366457272234807, 0.8317960348407981, 0.44873678745988077
0.39895842183368446, 0.026920728436231278, 0.4354847045214634, 0.7763600166355146, 0.008683118758808228, 0.5880827759365741, 0.9100705042036238, 0.40674306124950643, 0.6235485500338803, 0.48151201941615673, 0.7751007034211836, 0.7961592544448489, 0.5211524288045164, 0.8495122840749881
0.6207855062183569, 0.29512609735126116, 0.9018792174049411, 0.0274962053065394, 0.9932305371813065, 0.9309149473517352, 0.3140929048465787, 0.9088095513310946, 0.4484227886881157, 0.5853978777628336, 0.13301516488326115, 0.8986549635743188, 0.2659002521372408, 0.14683985032935332
0.15307655645270557, 0.17718519262848953, 0.18184337483907298, 0.6730996114124844, 0.4736534417431657, 0.11219732945431127, 0.029812541445256358, 0.7720221260601944, 0.6057705702112915, 0.4876844200719085, 0.16391375686982324, 0.4712860301287095, 0.20531605648559215, 0.3107081454937025
0.8010430046953736, 0.0032532572219063915, 0.4359706285602871, 0.5271955467422221, 0.39926237399904496, 0.5710605276612856, 0.43696783071281864, 0.7986337538114912, 0.16445460204957152, 0.12032130947354369, 0.8933746118028967, 0.6838478417693769, 0.2639607566125488, 0.5473690944047832
0.8374792095400757, 0.7060758664196436, 0.31328586481836684, 0.7030841135311436, 0.49519834307687016, 0.6678754576687, 0.6311044999303334, 0.40066361052249844, 0.8848289104289977, 0.9541798988626519, 0.4928583805320015, 0.9599535688366111, 0.33258034425717065, 0.8981541481701287
0.7171732119312884, 0.07477614883303618, 0.9474953540926632, 0.6548063331105687, 0.474423785595396, 0.8920202966838474, 0.36080072544663755, 0.8800275900422001, 0.9262024179518631, 0.6875724142411173, 0.8422796369658165, 0.47397423360626734, 0.952702293332801, 0.5862992893755689
0.07951025513471188, 0.1894070965774678, 0.7495961102275601, 0.2673342858417386, 0.0382860945653114, 0.7588304660862872, 0.32248824109556873, 0.7874355821790994, 0.5687019755229173, 0.9000984792184521, 0.7726720839543725, 0.5920257828805999, 0.9225038823065543, 0.24668377926874663
0.1138422093562157, 0.7645203892564619, 0.9445374557296408, 0.16388488789315758, 0.8526513100719588, 0.2791606514919093, 0.12274339984267779, 0.07784666211265179, 0.0338801472940341, 0.14880642244494646, 0.8030016218608635, 0.8915703061875306, 0.05089669615265835, 0.9268882577611788
0.44419194050589506, 0.16018776327115003, 0.12677503959437586, 0.024124415149174516, 0.06715630275245832, 0.1284002442561546, 0.755210650202214, 0.6053697311002433, 0.6678227478457046, 0.11408304915112522, 0.8290055532794817, 0.4602239762216934, 0.6707419332000796, 0.38218803244858635
0.3464378491982528, 0.06916306155075569, 0.14944267159357316, 0.4018806688422003, 0.43102667609150824, 0.5272592834086693, 0.3349625847675086, 0.21676752192902837, 0.04207811750639323, 0.3421110091064883, 0.2749907146912949, 0.253959088062123, 0.44616567991161693, 0.5720805775679473
0.5337735758995782, 0.16655326163614537, 0.8726114077435837, 0.20183392086074525, 0.07287543608944724, 0.705253557031565, 0.5504286780705709, 0.1551580728107862, 0.756071920975458, 0.8511173173621557, 0.9214316571852954, 0.7696939277827316, 0.28172174666299354, 0.7589699895134219
0.569921285501419, 0.9891443526177294, 0.1454304230512501, 0.6287195665021126, 0.9337848194327762, 0.6902754337931737, 0.09824518088558465, 0.4297813487827752, 0.6704222083049789, 0.8431939524359635, 0.6326096596339352, 0.51592998375271, 0.7001254344404209, 0.2807168987138906
0.8954812911047138, 0.6638859135655221, 0.7970847895153835, 0.6592971566923679, 0.9070284509547928, 0.5137974980852686, 0.17655000638379414, 0.6479265914489941, 0.4576706295580292, 0.963031003900036, 0.7822760236988225, 0.5974508988997961, 0.5396433962379984, 0.9914223465544578
0.041760302646502545, 0.14004727145941154, 0.7945717733852841, 0.0006381309085559117, 0.7693390529715728, 0.15637285343861396, 0.6190194497800157, 0.8007253066064594, 0.4911552439215551, 0.8468836066164698, 0.018544036890073334, 0.920631245418985, 0.8395186880622996, 0.4418094053819557
0.4165164776851499, 0.5523187678747977, 0.01804262210480201, 0.6550626374374215, 0.5665931407163577, 0.7411115022303811, 0.16637709489438302, 0.761139145852834, 0.7218516329081518, 0.09427876117881284, 0.5217526933809992, 0.2961163519054487, 0.9033140053583769, 0.7987122351163505
0.4972242741901123, 0.41443993229717246, 0.8087932685467184, 0.5082153518419031, 0.3596433988188864, 0.06501731803623811, 0.7680350157888524, 0.4460507088700574, 0.358058931519343, 0.8823924884926153, 0.9836811023147003, 0.9085951864377158, 0.4419472066971538, 0.6584425716118141
0.0692371086321224, 0.07741803400932123, 0.9694460598553183, 0.8839417444311779, 0.5433494853135334, 0.2980099992869658, 0.8177238041549865, 0.4483001433504503, 0.47195550450538104, 0.5576291474110076, 0.9136996396626951, 0.4364383953480059, 0.7156427289970215, 0.039127415407573585
0.034752476503219776, 0.2540054923083981, 0.989573332953347, 0.7315562688975323, 0.32861502000140597, 0.8318721681757925, 0.13047003461251994, 0.4078475869672529, 0.7095068219861249, 0.16282101578240638, 0.6446891355306417, 0.7434914985571479, 0.861508186453015, 0.21122145197016728
0.11526569039215073, 0.8596496110911186, 0.9991308411127557, 0.925809732650341, 0.9515936281762524, 0.045416042364179066, 0.05069943768356855, 0.3072658981235975, 0.07404756501094156, 0.3317515799599614, 0.6667941717321716, 0.3515876822392662, 0.671891122885516, 0.35093476838969073
0.22649802346357362, 0.09983407911807218, 0.17354420293382244, 0.9813092162249001, 0.4231746487685514, 0.18754747419349815, 0.20375149671678372, 0.6379793931894185, 0.620237775466508, 0.275747353613064, 0.5418728714280014, 0.7551783325816593, 0.25288293010534457, 0.21637669689738348
0.7725496247209938, 0.8330862805626075, 0.5772328933463928, 0.7618280768705487, 0.6073728438479992, 0.44219623295232546, 0.8049327350326201, 0.9914438000155661, 0.4863041184069604, 0.5544382404438393, 0.7758023426138108, 0.40959271755569315, 0.36456882814393743, 0.621027633146541
0.14603132214572812, 0.19964808881446217, 0.7768461230832718, 0.8859521839380149, 0.12414837697728631, 0.2317421743807342, 0.7159668701531563, 0.7904917070843264, 0.22803389013184516, 0.45452001857128244, 0.9739138366054427, 0.6240759162512763, 0.5060255680873598, 0.7790102644475128
0.3373601534333349, 0.5053187773817464, 0.17867478606037968, 0.32337400526326554, 0.8850265855590428, 0.7395967249564773, 0.07192007582494164, 0.09232264316517891, 0.5003448578932465, 0.19680210289321565, 0.7893717232069156, 0.4741979376398453, 0.7691200528430568, 0.753271602333692
0.7878799202890842, 0.9223528178145437, 0.7729883286689383, 0.20000554378233493, 0.758223871952046, 0.4851055663879037, 0.039243989071808594, 0.49247012718309113, 0.024842573865770712, 0.25031040172164165, 0.6365703014630116, 0.4928114557998471, 0.10617671940096263, 0.9653469912325356
0.4475979713875068, 0.6487184359730663, 0.19848836774079304, 0.7088516959273411, 0.9836442847062475, 0.6493279167563774, 0.3954300694778561, 0.30142807673805216, 0.8229496657810499, 0.034672061026774004, 0.962362796130574, 0.325595584337129, 0.49687233093615024, 0.6019075436475361
0.9144036029357752, 0.17127707822344562, 0.7079896317704887, 0.9347451345955691, 0.684323424126184, 0.15374955456763684, 0.30589925210696733, 0.9295717908118266, 0.21654016718065172, 0.9674820629681665, 0.6744200364247048, 0.41468686882790995, 0.9263418977861532, 0.7830780862691015
0.8622014337126529, 0.5782668490698392, 0.6456529992496136, 0.23867553989037316, 0.0940361076630396, 0.20975124439493575, 0.4045359585336695, 0.027488082225681332, 0.8075841410575556, 0.10613058832087174, 0.34237365274085363, 0.2028679582852252, 0.5071380201667768, 0.6971020079640969
0.5628457419286007, 0.08985548771366492, 0.35190468822005916, 0.02305919829827041, 0.8547847166996817, 0.3266595914092615, 0.6970529027737061, 0.0891830154251042, 0.48023731943008385, 0.9277592641976327, 0.016765360927345596, 0.29472200467224996, 0.8805538601257942, 0.6932076794967041
0.4668765734130148, 0.5229333334744753, 0.10084099389266465, 0.516985988760129, 0.9684809553283503, 0.8111185368150917, 0.13428082674591857, 0.3112051679046983, 0.5742671045989116, 0.19183630971690235, 0.05489888839188839, 0.965397949022448, 0.3397215824158083, 0.715257433537344
0.832742478191479, 0.22156477103291228, 0.08116031991122263, 0.025586652553231226, 0.6524337355409064, 0.2394858587521702, 0.9051072567358138, 0.46598573487013073, 0.12108808818441341, 0.41907264447579107, 0.746611873900932, 0.3700559510665936, 0.1754709771027574, 0.5414195791387093
0.6061756222615056, 0.5603568766255632, 0.10805971229736044, 0.18364789636987, 0.9109141032966553, 0.2620643139583506, 0.4012427709906048, 0.37576596347533897, 0.2729180541602858, 0.41402465986698755, 0.131803846923088, 0.39542404384045793, 0.7192575158018899, 0.850652819967673
0.5860431814763919, 0.17548839228056923, 0.2781908351741408, 0.2238810942017696, 0.9873049431397073, 0.8396862067335017, 0.30147503897645933, 0.5469403490314131, 0.4873861441198005, 0.16663352495641437, 0.035255387298501195, 0.4968351207390773, 0.3680279039587051, 0.5308785449866733
0.4022219960455192, 0.7101497760799463, 0.8831883025987907, 0.4700062141631115, 0.7917803564347566, 0.39718011082846083, 0.21643315015563136, 0.6784354261132023, 0.25276823122079706, 0.9690713355837226, 0.7085492522661269, 0.18430994237416665, 0.24760244117432595, 0.40525118126970383
0.7609330191677286, 0.6605791823702957, 0.14149152684394628, 0.16818298889017136, 0.1088691037201317, 0.9058831316838636, 0.4631952848127777, 0.7043731379007024, 0.322445922700077, 0.5486648277344028, 0.00901903532914572, 0.48546380741440565, 0.8367899169836468, 0.14936560204295035
0.9868210916896066, 0.8775368908452316, 0.9809434404485985, 0.2237491311785389, 0.8784424368539684, 0.0750146353100345, 0.28384173784781863, 0.7881101939938009, 0.41700072822514955, 0.763258476705659, 0.6638236030382298, 0.024704929524518082, 0.5799066470231856, 0.17231356139733223
0.9869041552746274, 0.8396039664020267, 0.8255335477922051, 0.38194139060639964, 0.46548910982224456, 0.24829146979138028, 0.24438004588434625, 0.5362850604218105, 0.3132809709520573, 0.35070635182307264, 0.40552365929686174, 0.31023848766707574, 0.007474791667295144, 0.06341886715992362
0.28185923878031416, 0.8120912112835836, 0.27235511062921547, 0.21563472202706058, 0.004303474292485565, 0.22036022573914038, 0.17314968040177392, 0.45892514532401474, 0.35523895236139935, 0.27683070356941786, 0.2952557381481302, 0.2692614065983373, 0.2686187667082227, 0.7318815960304546
0.8536856451379824, 0.585155073077877, 0.04819489987525449, 0.3725631877398614, 0.29096700708888634, 0.43648651527856897, 0.12240835902287928, 0.7713369488264413, 0.6919842908500641, 0.10542517974086618, 0.38085941022282166, 0.2982785616742494, 0.06306284641350479, 0.7799886398062144
0.46226875508887033, 0.43333175583022665, 0.4946837500698331, 0.9108880860425937, 0.47314172038555025, 0.9334968692036374, 0.356003110922551, 0.10829593891136946, 0.37741208567232587, 0.5725385401836051, 0.5945079124381168, 0.015884823096427025, 0.23991890970164487, 0.8283184611140741
0.09376514656108492, 0.8384159805503218, 0.4445605244498583, 0.11826343579174858, 0.4993268750317268, 0.7602901015619922, 0.9298034417376355, 0.298324304593924, 0.6602124144492855, 0.5910751721631617, 0.811955920622877, 0.8396176369309699, 0.7262517382137779, 0.4002376281279695
0.6469267866402589, 0.2302103848775613, 0.6252439607891188, 0.9136069701572148, 0.2319274658281809, 0.23965583869012486, 0.39564916980358134, 0.9438071076610485, 0.6592228109994785, 0.16751011514828684, 0.6860401109590616, 0.0028036286456195603, 0.2248831744319607, 0.12136074503164795
0.7214528480601167, 0.5827893431137082, 0.5895722935243998, 0.3164834211701204, 0.7651736892620693, 0.9134786783275712, 0.010038617282765339, 0.41660807677952283, 0.0908477369334505, 0.602601196383038, 0.35722764844241195, 0.22066509459989903, 0.03467787857725402, 0.8154228831584837
0.823850924027, 0.31508113846936225, 0.6915832523963142, 0.1801223736805394, 0.7818169362417735, 0.5024955517331582, 0.32145545014663934, 0.9801888204603897, 0.12261172278056298, 0.18184963595296266, 0.1356483252730163, 0.6744603228145898, 0.2500228027284128, 0.3672291767576855
0.8126706339672388, 0.9823278881781314, 0.7000544269811617, 0.6803860958222864, 0.13096231926435553, 0.2997117509341698, 0.9705478321889742, 0.8041451598437301, 0.9010455799350818, 0.2902191855503887, 0.20244330931436616, 0.716962971794121, 0.5161118697990503, 0.724737736822227
0.3216256308215759, 0.8277265290621941, 0.4387663050917451, 0.13606007191117753, 0.4448235028808768, 0.9368129531353611, 0.4463937959807608, 0.334231764121122, 0.5944656518002649, 0.837794871391537, 0.5150635405983627, 0.334535200063073, 0.9558631687541732, 0.730430230013616
0.533754333700865, 0.24817045083015898, 0.7409791201194613, 0.02511301243557862, 0.8529184766421825, 0.8544167380447287, 0.11951420875910346, 0.720540620754724, 0.342128232926704, 0.1679476227458, 0.616199762488201, 0.11825892630737977, 0.08891425985158263, 0.6804188940271236
0.6246793023083987, 0.17809077352561886, 0.11278148287271661, 0.6289801969186511, 0.5827728618637469, 0.7452840662407624, 0.5097944040327921, 0.8930205351522128, 0.15717562070416202, 0.7608594739302268, 0.9507651739831036, 0.429197524091273, 0.9385189885879375, 0.9101943290234737
0.8017874036959384, 0.38564062612258154, 0.04385611324255401, 0.9155407281318043, 0.7313444147400981, 0.3466524857669543, 0.9339758562843785, 0.26982449812902776, 0.7476375574074018, 0.5297873359516027, 0.5523838594541426, 0.18209103443462193, 0.38861386697859335, 0.21484606539587858
0.12334875757345776, 0.5847282948214791, 0.7159793139485197, 0.5466409131085607, 0.4021665352203977, 0.8172045079758898, 0.7868749275728499, 0.21152054872620196, 0.33182187996506785, 0.8999437929031501, 0.17520528928645762, 0.8884210785327429, 0.8498301154302885, 0.2801981934282308
0.5626319680064467, 0.6353796571460026, 0.9753492179462616, 0.5352659575275629, 0.7402469175485947, 0.05823030489117631, 0.6320602615157647, 0.4147673466346743, 0.5148818579136636, 0.7829719771993373, 0.14083826298453084, 0.08823265079533082, 0.14247106700766998, 0.9272457420270795
0.2273225658400534, 0.062389495700809205, 0.5482760296998784, 0.27973348553917354, 0.18078430497758746, 0.34078871311021186, 0.8201346379936699, 0.0297895531365715, 0.7775833611645515, 0.06193501833021209, 0.3014982021627768, 0.3116278230461207, 0.19404417779672278, 0.39020975908147226
0.4569899589496641, 0.3693654924037777, 0.6396056723269516, 0.05820148398458136, 0.24718822413366082, 0.19155235942348625, 0.70252178261117, 0.3804548852020634, 0.7390831563002634, 0.7114911202797423, 0.49071944240695164, 0.5469139996623356, 0.2812569668470596, 0.27481682305898925
0.4185783670544374, 0.2521943453562355, 0.21504783779569014, 0.4544042093982332, 0.07787702081026138, 0.18380666759963082, 0.6964921136335865, 0.5000918293977648, 0.9988967976016679, 0.19032032123554987, 0.24286416358048957, 0.39798293367696924, 0.0899513932734306, 0.3199418094417227
0.7116404209216906, 0.011637146457213365, 0.9753901091588759, 0.13507019871720727, 0.9686347496713308, 0.07173108459189759, 0.9654946542074652, 0.7593788826482272, 0.3150817595925286, 0.08342926774478376, 0.26818472047215103, 0.6936620385867778, 0.06082875591538106, 0.3756791624404623
0.6694696762616305, 0.920409616336486, 0.34000197609214966, 0.41852710133480575, 0.7527186827062916, 0.23332806929240402, 0.7955093568994783, 0.6155307682096177, 0.2374958570228195, 0.3996671858719363, 0.8943731161659364, 0.5071194067117414, 0.8123660536766486, 0.2909420020035248
0.0235327577059,1.39519105976,1.94078892779
6.58155993729e-278,1.18341868959e-29,1.34083316824
0.0,7.19939352748e-32,1.46069400445
0.0,1.2703209811e-27,1.55393945343
0.0,8.41111119021e-33,1.36548409384
9.72075393357e-317,1.55476319957e-30,1.24132444709
0.0,6.08272937661e-31,1.26522137813
5.48819096817e-277,1.58048389574e-32,1.6007307337
5.92878775009e-323,1.96243950752e-32,1.89541364179
5.72090874322e-256,2.71030250848e-30,1.60411814511
