$x1,$x2,$x3,$x4,$x5,$x6,$x7,$x8,$x9,$x10,$x11,$x12,$x13,$x14,$x15,$x16,$x17,$x18,$x19,$x20,$x21,$x22,$x23,$x24,>>f1,>>f2,>>f3,>>f4,>>f5,>>f6,>>f7,>>f8,>>f9,>>f10,>>f11,>>f12,>>f13,>>f14,>>f15
0.7625479580539103, 0.6640643726118172, 0.021604652605431207, 0.6614614556031655, 0.9885000076662664, 0.39509036146729437, 0.6117073156899963, 0.5769076822428326, 0.46032607028374384, 0.6680835844081952, 0.6683633859957415, 0.5978834978372781, 0.06690295007124458, 0.4846219735192041, 0.8579897194815442, 0.4941048154365435, 0.06055805080371057, 0.23801561816260886, 0.07776615652299879, 0.918492868768764, 0.8083119733327128, 0.25603968548009115, 0.9346174670071585, 0.9016996031702467
0.6271909789088096, 0.9917633772029089, 0.4526446892053583, 0.1626420048698588, 0.7277884076803245, 0.06672103758732095, 0.08817403910091404, 0.8824593756571587, 0.10694116475717652, 0.40924227450931927, 0.9035234349201555, 0.8072843984592898, 0.35278563494033954, 0.46627467746738016, 0.9732554535234073, 0.584382429927346, 0.45075347022505863, 0.7704038326038212, 0.44438869087454336, 0.5167210923773519, 0.8089371193463758, 0.07311695480162039, 0.31958389726442593, 0.727097038136356
0.7482600034277994, 0.448961545406638, 0.6051641259912209, 0.2865103073396521, 0.1801257821362846, 0.6841083560032047, 0.9901444856652444, 0.6353750179226217, 0.14509083634002362, 0.2134420354938933, 0.5501075742823521, 0.43153931603007445, 0.43847806505170284, 0.7657258811733163, 0.6030281777344406, 0.12007835509475118, 0.07605382001082817, 0.8203473998314118, 0.8639479947270668, 0.11331102190188713, 0.36184782211249567, 0.1824343959545771, 0.8986072341416024, 0.8644786767826537
0.15590823242904417, 0.9944816604885703, 0.6115028621346004, 0.8287046328504327, 0.7173685009751152, 0.5353189576987006, 0.32967729611401875, 0.6950172651971657, 0.5053044690361111, 0.5627774929617035, 0.938801621686605, 0.21734070135975114, 0.8672136693464042, 0.03675133670822994, 0.7623148656685969, 0.6415182820964124, 0.4261475032256512, 0.29209185906988466, 0.026509173011286857, 0.655928175326881, 0.7185116641463112, 0.029800245954179516, 0.591326401755032, 0.8878823186406858
0.8944500354140856, 0.9850659098477905, 0.09811430791204279, 0.3284821088319433, 0.47604801495711346, 0.22316742444925353, 0.9904088008603896, 0.7795870425938668, 0.006544169081093343, 0.5199688352920723, 0.7370178821377122, 0.8972089216929829, 0.30837412495611016, 0.10620197367342488, 0.9152328059356194, 0.07814197435066017, 0.5605409355390717, 0.2528857280335952, 0.4448218503659206, 0.13976781448826847, 0.6714028894551262, 0.7064927507920862, 0.06647728202946213, 0.4550126956374645
0.8872057670023621, 0.9128906286752605, 0.7435760400972166, 0.4355527122059901, 0.6896363780684293, 0.9218590242731008, 0.4411394537271476, 0.12903019631729917, 0.9949701410489958, 0.7710644588722712, 0.24713944468741222, 0.01667853141166764, 0.5156692480702755, 0.5666559673147594, 0.04263354016915799, 0.04763206339563586, 0.2669386674561498, 0.020204433851759296, 0.07057950662808254, 0.013053903076436058, 0.6074578164632798, 0.5949975660026483, 0.07039218946629466, 0.716690641760777
0.031195872349684906, 0.7396596235506165, 0.6615507823199651, 0.059403129120783826, 0.20127174150148153, 0.900656352740935, 0.08116606496713696, 0.7622830135212196, 0.45684527176442347, 0.7593186288278773, 0.8711033339551358, 0.6017780197566943, 0.5605648548753732, 0.13696806516627402, 0.8580481990069029, 0.047532880225983454, 0.25571900781170487, 0.17415504092288447, 0.19892719119260605, 0.5727616501509156, 0.671779427155525, 0.5414899780091876, 0.2854479809189301, 0.2737744729699475
0.990727655146154, 0.1332533156685406, 0.7449266895703146, 0.19612001894655118, 0.400806847237265, 0.9332605841472209, 0.37941028952857314, 0.5200671421621065, 0.30291355650212304, 0.44470475304776236, 0.5640637515476636, 0.35157665297891394, 0.9887074672398218, 0.535444180794056, 0.4202628468398035, 0.22694718852161255, 0.23497209008912112, 0.7699935104561854, 0.10709574008679412, 0.290584226862164, 0.25958678116917133, 0.8971049796986174, 0.1865178271559147, 0.15755198094483014
0.3678479279224789, 0.5235899307025014, 0.49268584030986873, 0.2297900745761895, 0.5536464304966285, 0.09720476160515856, 0.9877857783324853, 0.44002947308306295, 0.39736007659213635, 0.882425213712076, 0.3372049671150402, 0.49194277650517226, 0.041879340139092, 0.7550065888374543, 0.3422100095299121, 0.17484852336827117, 0.7091104351357911, 0.7101082988718005, 0.08228189591548296, 0.5709252320170489, 0.3076003623893001, 0.9025713054572908, 0.288413607404156, 0.08895764267716177
0.2726689563744237, 0.5439730514229105, 0.5551348354628287, 0.9718469046653925, 0.846960396545621, 0.7726778897768489, 0.6506920809612812, 0.7307025273071289, 0.7377546622901302, 0.5022890034725181, 0.16045634288398536, 0.9119346496473595, 0.12051380530263489, 0.5252024530306985, 0.5235463936652732, 0.6185192286774394, 0.9522203056191211, 0.1930998605179688, 0.11676130444569255, 0.838510595108392, 0.47938529146617836, 0.7866535148423952, 0.40027945265142295, 0.05852542147986273
0.6738278914360962, 0.42316931554021564, 0.33649401952236535, 0.3397616869720127, 0.7570987598333107, 0.5982485151794081, 0.9053442603748024, 0.7683401754061553, 0.8704167872158293, 0.12791473653625096, 0.35218212572707486, 0.046316492783425534, 0.6132707314252087, 0.405889672806088, 0.35885584436713713, 0.9409643907568295, 0.7123951423361868, 0.3793142275596372, 0.45253943376018, 0.21135612425260297, 0.3231684042231572, 0.8122969300746006, 0.06476494770885688, 0.9571012852168999
0.5709634303960015, 0.1099105812820308, 0.9415126900864136, 0.7509131546281608, 0.05065425219119801, 0.9410249319471425, 0.47892739514642046, 0.5913065004636803, 0.8045966652563901, 0.5433945165187833, 0.07418365405956506, 0.05811198140762719, 0.21048665510956743, 0.46782058982085195, 0.5060765819576901, 0.26167254754479197, 0.18891077880796292, 0.7831535038839044, 0.3391469369828868, 0.6903567720011274, 0.9507719530334094, 0.08424646637443356, 0.2239199894682845, 0.38952550515166473
0.5186561310749036, 0.3600245814829407, 0.5042103201441038, 0.4706923179636441, 0.7370936271672506, 0.5193108457143406, 0.9058631809211614, 0.8231188882776876, 0.7821563107081146, 0.6752985385732837, 0.36403819852490304, 0.2784244182205293, 0.2561430469079774, 0.01957509990993711, 0.9186701811479495, 0.5675175650711343, 0.6195718978254333, 0.6372037612901403, 0.619276789507139, 0.8604494406085803, 0.11229219971868853, 0.7551489778908017, 0.4305784246160348, 0.16589535512615672
0.7665174572758511, 0.26422161863336335, 0.48390356025127845, 0.9735276989977726, 0.5725578656802027, 0.11085371308570269, 0.827092457273225, 0.8256101482096749, 0.326819786678041, 0.5405382176815611, 0.0673869827178174, 0.33307403553598247, 0.6974950398378954, 0.5876095879555943, 0.012858565284765366, 0.5049067748992602, 0.8134134088716601, 0.4853530873991744, 0.9943263171489306, 0.06993283265980599, 0.9259622461307009, 0.1376328920413411, 0.06196500041267117, 0.3689711473355073
0.5733109342469097, 0.47915407097759044, 0.3615662566805491, 0.18863868517827231, 0.7898364416720907, 0.2236426828019551, 0.8514294625145469, 0.09846635901389122, 0.06559345680231943, 0.5328399038529601, 0.3760976378393571, 0.6013750684802511, 0.6544178256290167, 0.12655994812117544, 0.2522001551893389, 0.8341758446856847, 0.24295397881574043, 0.009240967833770486, 0.8347457884691498, 0.3855210477642611, 0.47126263937497104, 0.5390631007376436, 0.11243560270913922, 0.8990957803663918
0.7740061475941009, 0.5175922454453527, 0.9936654192994325, 0.10480713217488491, 0.14110392823584128, 0.07927623261555095, 0.041105767320127495, 0.906183703654419, 0.7203077641108647, 0.3725255238219082, 0.9506110535155239, 0.00723792255703537, 0.6098857583426235, 0.3222719779161416, 0.3752364666277699, 0.8731195616942298, 0.5690119032879257, 0.9353923001419912, 0.9898044993127465, 0.44262165858652347, 0.2701838151078707, 0.4837765250337912, 0.6375764357322627, 0.5715031159482349
0.29558317699511727, 0.5682882870757178, 0.8410760892742782, 0.36213090222114497, 0.3091416378870995, 0.7309483512499821, 0.447754484244407, 0.733379901388743, 0.054955601613495886, 0.5836842417144668, 0.7133162365383151, 0.14696945740646072, 0.9145423772679381, 0.4168832629833483, 0.7948731050711478, 0.5481575489733855, 0.32346078012399637, 0.7856847008180767, 0.5049080298545348, 0.656942647259005, 0.1673668231496993, 0.310538202641257, 0.7200560423200233, 0.4444976452917788
0.20783231111426725, 0.14434030787590835, 0.9942581927671224, 0.45201076283653363, 0.7267810920060336, 0.30801172963439083, 0.7299273156279321, 0.5595970851536924, 0.869047420673785, 0.6835286813103075, 0.7325358180385989, 0.8324321673337755, 0.35782606814303086, 0.5829440567206007, 0.6085571855257392, 0.5550183763703026, 0.2019202634026469, 0.9522347320378685, 0.5111105950983027, 0.88352656941115, 0.4871334153349899, 0.45879652477242616, 0.9411073525395396, 0.15833771266676389
0.09008662409416412, 0.23684251493725184, 0.5052317448039152, 0.5465359981411303, 0.019336521525323724, 0.8041126233581338, 0.5416842951928994, 0.7821283530953402, 0.11241645993936, 0.5007661591072666, 0.7036168398312009, 0.39305313469958214, 0.06731125900974999, 0.7819515620971184, 0.6722089567139367, 0.6928607349994946, 0.2852508539870452, 0.925425616231605, 0.8595580661084453, 0.8116843341935486, 0.784076473688226, 0.1472355480838078, 0.6996809966486989, 0.28807503794921363
0.5858591406806815, 0.14289395497221935, 0.7967857059641502, 0.11409676967139737, 0.7948520663268912, 0.46854534643661094, 0.03392040240162242, 0.3322176513795614, 0.4117948867136797, 0.6880722515439681, 0.8636538689104335, 0.21064261604334045, 0.4745183485573231, 0.6102042811151315, 0.14206220397347147, 0.531241207107155, 0.0565084673978532, 0.6337225925904266, 0.13128759662469525, 0.8042071185027401, 0.012111866460699061, 0.11770436533085826, 0.07353822378849273, 0.0861809945195181
0.35276641369530715, 0.8847683862634366, 0.8235469630732318, 0.1945754939574007, 0.8499609277084833, 0.38063809400646464, 0.7386316960366296, 0.5059411684993397, 0.6608032786925001, 0.7390917896347358, 0.3061442626336688, 0.5114233668410567, 0.34557519324904495, 0.9977333123314399, 0.9333590174472072, 0.5318459228024851, 0.7307386224640724, 0.9584758248390788, 0.813539056340512, 0.7544472679366374, 0.9131121297991128, 0.09479900023290233, 0.7322386789910073, 0.9992639832445348
0.5149985119857307, 0.9731455805704944, 0.9724052027495426, 0.507117279050564, 0.1995513006975571, 0.0043391736274485115, 0.12101228009608178, 0.3782849221616583, 0.5975719829968533, 0.9962590762790439, 0.7117958223210754, 0.2201282886793332, 0.42073547427317415, 0.08154492897848409, 0.7197972895518285, 0.7188370038194323, 0.24156178986118426, 0.7389074494272494, 0.2086012269471612, 0.06081296316996987, 0.4767893692849561, 0.3940015245966111, 0.5983178630711791, 0.5636528874425285
0.7809160869765387, 0.9820974575283691, 0.25071635641979095, 0.8007077212680636, 0.9162066153006375, 0.6211163134138757, 0.43681730104682115, 0.8544595852489665, 0.19051230988620615, 0.7740122716770783, 0.7364782206767381, 0.9331550322354311, 0.5472452165182979, 0.4088825745845933, 0.4106479485953589, 0.43431318327673196, 0.1246054307286315, 0.8043939831993474, 0.22111394601086087, 0.2909604244833238, 0.6959344765050038, 0.1536733245347739, 0.7261380395098387, 0.33928098711310684
0.7839976867737904, 0.3067187221785249, 0.7329454173101877, 0.1546683337961886, 0.8428504715583033, 0.4608136009358609, 0.2737635020897381, 0.9551682812570618, 0.2423291710022859, 0.14101697705746952, 0.9323388265485537, 0.7276772040502761, 0.7748901964266622, 0.6064266117907752, 0.9546261942877394, 0.012965067122134966, 0.4591108417426871, 0.7320043472402926, 0.38863639183350707, 0.39882174306167895, 0.9266367149125303, 0.6060800707656389, 0.08866343303513746, 0.5592362430109831
0.562991422016542, 0.5649407054653922, 0.8991512485110518, 0.4941458035255629, 0.9562960452953876, 0.36330693381449997, 0.065159685710109, 0.1218304294490491, 0.8041923424875704, 0.9266419925294052, 0.6795373059278805, 0.7830230938327105, 0.48055141220982045, 0.8694435560481828, 0.6105693354449567, 0.5170383926178277, 0.43516134319632416, 0.1391214120158255, 0.11476700996609845, 0.7398471157759028, 0.550444701849755, 0.6988817988980979, 0.4245538588663792, 0.3027043755327521
0.45587182198409626, 0.37252742898297464, 0.21402010253001302, 0.7623236333939516, 0.8438984660744882, 0.5964916407905017, 0.12374740448954102, 0.1365145105073985, 0.6150620811998981, 0.805978773851434, 0.19387478751339104, 0.48627995056117024, 0.7287047434121021, 0.6583451652344846, 0.28166800579968154, 0.7856657082131784, 0.4488252218171128, 0.43320786317290016, 0.9972935992799092, 0.9547576797821723, 0.4572368200121547, 0.4250311166306229, 0.9487248366081631, 0.3045082823378803
0.028577621892179828, 0.8986458388858565, 0.5213888215607149, 0.09680940627676882, 0.06348758037214886, 0.16003345401933666, 0.8735793627497508, 0.9361733044401489, 0.0549089141547664, 0.4996880291029635, 0.3340371113227788, 0.669524664587986, 0.790356024688199, 0.4723137159476716, 0.4793976940799617, 0.19172331220242222, 0.30293490502966036, 0.0871458563859665, 0.46112687763080107, 0.6879928023984636, 0.9435928800329296, 0.9985219973645487, 0.542903204559999, 0.10403973590094784
0.523606153522837, 0.3922301169289395, 0.7524126056692582, 0.6648621644969098, 0.19433831376361355, 0.16673884063472355, 0.9147714935970107, 0.81265113920541, 0.03247793218929296, 0.6221844707372025, 0.7572935691691491, 0.4420652548879045, 0.9416197665849672, 0.08691780209871325, 0.4613718584047092, 0.3420184034293855, 0.4133788410213458, 0.7706458890781499, 0.29631953626557095, 0.7122208359524402, 0.7748382650219675, 0.25212138614201185, 0.5264706925178306, 0.9931451918961721
0.07141961607873026, 0.8060980192011422, 0.9087398378398406, 0.5309011647371559, 0.16098267151835954, 0.37962346542415204, 0.6781720329646684, 0.2673862525986942, 0.2899765573378501, 0.46233779095118843, 0.5031882695204019, 0.04672945499315306, 0.48648953568293474, 0.31746348788513223, 0.11027851679665002, 0.2651874144050267, 0.074135453649807, 0.3551515468288673, 0.8446424779711238, 0.31920464508707014, 0.7658823370137927, 0.7463028501596627, 0.42135926699380366, 0.5200052346884726
0.16507687405983829, 0.8581162973993336, 0.2299986681705668, 0.6878467151657826, 0.03285154268909196, 0.4221105827620175, 0.3749780068638746, 0.23829970258173316, 0.8586117831378086, 0.648977005621853, 0.5189578758404231, 0.5465148913363701, 0.4285534222076456, 0.7698384896335623, 0.054340515464675776, 0.27760540130586686, 0.9653128114043779, 0.8611791752739165, 0.06631950992410174, 0.7120124403079665, 0.05900731122670855, 0.4231474667885575, 0.941809694279486, 0.4446434788047964
0.7007399764595882, 0.13969742237350125, 0.12986700005000118, 0.8801289233905899, 0.2913359049724854, 0.6832247147882674, 0.7525513413176711, 0.7571733396670164, 0.4337235500498742, 0.4171768227802086, 0.6229106095107786, 0.15921669428347285, 0.6210994534489334, 0.08697201839867641, 0.3453422170807583, 0.050402103349301175, 0.27822999106703694, 0.15647586884526288, 0.878922655124805, 0.5381031249246102, 0.28100268843513243, 0.006257189408210184, 0.5611655810024971, 0.25371488623256566
0.928861548339382, 0.29965879623646785, 0.5768151275780555, 0.8525544761968611, 0.6515495091236891, 0.36238888693607296, 0.41169697713696884, 0.8828871178444244, 0.6278253424469763, 0.9172856360528364, 0.2636864680633536, 0.2371272655290757, 0.24281486909850303, 0.451685415291206, 0.13972320319345655, 0.23635402160856855, 0.442864024777467, 0.5255652577087891, 0.7159757617053474, 0.5980616150437295, 0.8031925916303303, 0.8851624799201018, 0.4465222261495232, 0.6639978091015848
0.6629854199662948, 0.054659559557859505, 0.9021167505853295, 0.8282428149897942, 0.8920946562231019, 0.9714782364169186, 0.6716752781151087, 0.32449355529703616, 0.6903253691344469, 0.18611456412281713, 0.24807767945887937, 0.12562926627601134, 0.8558117663205774, 0.7978686757846334, 0.7548239878604887, 0.4654010733133982, 0.21015802505463999, 0.7085922342914283, 0.0059051236890407255, 0.5025186133055513, 0.5982938323826347, 0.8559773850156995, 0.132785054774338, 0.7474744816128225
0.04602889962752055, 0.13616852551846115, 0.575279054148208, 0.8426578181174242, 0.23031731295911384, 0.6281251372798908, 0.7722933910409734, 0.19345255207446488, 0.35383816484936215, 0.9411739315890282, 0.7099486985754639, 0.26790899275600144, 0.03572414436186888, 0.5612082229525104, 0.1255471244772116, 0.5741196525700203, 0.29203347475109787, 0.2602797827693727, 0.4765308553333213, 0.41837174993720205, 0.01788230212927544, 0.7514457815291361, 0.7050549270886015, 0.29654684784527363
0.847530110249591, 0.6003759744715178, 0.43494357796654015, 0.3891236578282409, 0.2867419926301191, 0.6571596661170834, 0.5152194261183718, 0.43407530899359803, 0.10114515337719943, 0.9855940997186913, 0.421142121629301, 0.2941472237120685, 0.08461571380201416, 0.986686074610662, 0.6172343755033565, 0.6150919033480505, 0.178770136486317, 0.15161806564777314, 0.5898385325259659, 0.34143382221763785, 0.8991810799002484, 0.697355952631285, 0.2894887197581014, 0.7925309577358127
0.6879178000509607, 0.3733663604848303, 0.03992291393571168, 0.4754365588718763, 0.3309815739341454, 0.30952421453772494, 0.9244143529168317, 0.8923770044730029, 0.43559436872269786, 0.610700526313459, 0.3982528816092814, 0.7842271829164521, 0.9135440836445408, 0.0647926694578318, 0.269360899881258, 0.5697398772214287, 0.47377406770875696, 0.21428383067424606, 0.8250348788945913, 0.17425915708703443, 0.4727443475110228, 0.9708209487873882, 0.3997648852175215, 0.9388032306625452
0.13879230427074174, 0.9827416256438902, 0.720410523467384, 0.5863615384955484, 0.4235922139478703, 0.8574622334277522, 0.026390833254845147, 0.06451465944975487, 0.3182494040653253, 0.8897301045618221, 0.4259345091833616, 0.802201332768059, 0.1696077089310204, 0.06345809299443761, 0.5121223969645787, 0.920042103475145, 0.2993095415455552, 0.4271462432064609, 0.6739988034158784, 0.23874169412710855, 0.293002380014207, 0.168670967922796, 0.730974654408125, 0.022983187562637175
0.7225390452050505, 0.2614141815433618, 0.44348041964628293, 0.0010415837495995062, 0.28192112006212644, 0.6311773284192604, 0.6380188821326772, 0.6064465307301509, 0.7016948435564094, 0.8113842298239029, 0.9683813523488678, 0.3240105444952275, 0.4855657708084794, 0.8452491365134337, 0.48576578079818, 0.7252773322537196, 0.8440713876148357, 0.9591888205039127, 0.21196250548997075, 0.8860922324450297, 0.5007462837061969, 0.42070293928987545, 0.995685552525242, 0.030603793412122604
0.36652597740409043, 0.4797556626820253, 0.7428571021639376, 0.29735677702841756, 0.14138177160829113, 0.8071637991117403, 0.7492203826770509, 0.5042512342451205, 0.46737747544047736, 0.08177732178487773, 0.8472628379974898, 0.5376153981326324, 0.8847309796119889, 0.09808416192853231, 0.6172577762284888, 0.11186901255259374, 0.6895205532692747, 0.14611633534829294, 0.20141957350285988, 0.12466062037669845, 0.005992423223305621, 0.5635255219291951, 0.7769996524890155, 0.5961012345783895
0.48947575502851937, 0.5626780577541652, 0.9792900769789048, 0.7338964745477699, 0.12806216937833448, 0.7969615375422869, 0.239697785604701, 0.011910984414483239, 0.26864046643329054, 0.6430043832509722, 0.9078489381083631, 0.6709732441884699, 0.544348809050277, 0.5266187454136912, 0.5997817133140836, 0.34291931997224556, 0.7077383271701413, 0.014577470732148434, 0.09822397205282396, 0.7376068583263723, 0.8141297744965967, 0.5585122920924849, 0.28911250936774135, 0.6657543991953078
0.6655466800736412, 0.5588202353522127, 0.6233702043957655, 0.5082453223871295, 0.5109075187386825, 0.28319151118942754, 0.6400830049252865, 0.5389711141923144, 0.5454166713253834, 0.7534783048891976, 0.3886122386642439, 0.03347537326787797, 0.06588242491824692, 0.059349319175215576, 0.0018819533262901533, 0.0982340408501573, 0.21172145162831546, 0.9209164610588376, 0.41226176301658723, 0.19010856540108534, 0.6406690316562966, 0.3596433850149945, 0.9693514750270003, 0.07457085147812004
0.1658518196324661, 0.45198857083774635, 0.9770836326463074, 0.017677440252257703, 0.020118732696041808, 0.7765617707592958, 0.9379420521495179, 0.23794902863528244, 0.7204581665084079, 0.871688567272919, 0.9138913862921858, 0.3297279939938723, 0.7849749983297571, 0.7962049739241128, 0.33167195112358583, 0.7397292245142943, 0.2152068101465252, 0.8584265944717943, 0.21918298235427103, 0.6085435191236682, 0.6529979921998319, 0.11846186720292728, 0.9172679950883305, 0.7415534508208961
0.17484179458142124, 0.6105310603735018, 0.2878911659930138, 0.6940038172163893, 0.16868543568822147, 0.8437928361076197, 0.5848379588453131, 0.45296630164743157, 0.32015831521248284, 0.6023515963068348, 0.6177644739032448, 0.2894943223288966, 0.3725246171594234, 0.04672080827461211, 0.07567670186705067, 0.056473703793207375, 0.9990080611730353, 0.7839339765359068, 0.6583042816906972, 0.8459276783134078, 0.3861343331340852, 0.6118019458540925, 0.24934428605525627, 0.6885495757552033
0.8947193237248342, 0.2811161269328938, 0.3947529226879758, 0.6108174129078544, 0.6968725989623324, 0.8303899648637949, 0.40189401447046935, 0.3197335945951514, 0.21953348889838842, 0.983806448935084, 0.33784733425650226, 0.6093391639900827, 0.14713251473832467, 0.590569777167125, 0.8721511590136991, 0.13679445492014508, 0.9259706285703486, 0.02933304824072258, 0.2930904719247406, 0.7595131266990331, 0.7047207258266031, 0.4998274972038552, 0.1205381345267228, 0.7042757474901495
0.2797000458605434, 0.8959227341505364, 0.7275177226955861, 0.46039533008123723, 0.17050423755375443, 0.3629555635426793, 0.1591079873025384, 0.8624302398562069, 0.4177487734728438, 0.17063784014567218, 0.7506485337356382, 0.3086365906555607, 0.24216238470349205, 0.2940764809415527, 0.37317871092193766, 0.17502923514540314, 0.5100172892113887, 0.08280823084022326, 0.3432514174137744, 0.933826347143421, 0.12576551040282768, 0.21437748399958323, 0.2812423541710102, 0.8664738524590349
0.6509146830154493, 0.612510611107399, 0.14594719451842264, 0.8557082588368496, 0.7229966600634001, 0.026298968133175893, 0.1335178702171962, 0.5919973206633143, 0.28750064968426814, 0.25290571484662316, 0.7174967273778055, 0.8526132528793644, 0.7672372083187212, 0.05810082209273326, 0.9578247504998215, 0.9372775430326, 0.7489363230711648, 0.8648147243944362, 0.28661577085419354, 0.7281954287607207, 0.05738842674730149, 0.4244210780290163, 0.18195107207923333, 0.32454345273712293
0.4556092774058844, 0.9772423688431644, 0.12293546932397537, 0.822966213386201, 0.013457267876587964, 0.524110648232032, 0.2131256109951779, 0.93400596112845, 0.7540471571141248, 0.8777427548545985, 0.7435283925291053, 0.3015411537397269, 0.4883894190223803, 0.3950172418631953, 0.8925956119776216, 0.12183530874054815, 0.559890469399004, 0.1428533293612888, 0.8846870179243795, 0.5422362504198032, 0.6081899825920372, 0.4397290726189602, 0.3519730771123466, 0.20828966149629935
0.6219062030926115, 0.8166878679302859, 0.8610232883606991, 0.4830711544467262, 0.47115118154872215, 0.7160262897218573, 0.902888367868607, 0.11152039123644086, 0.24963050675910248, 0.6614103926798274, 0.9773414909593604, 0.7475983737532037, 0.732875662115243, 0.2511505681321421, 0.9181193326051332, 0.8199744565063425, 0.1989584227952479, 0.027948817106124957, 0.827394253234547, 0.558621374929192, 0.32019921457730205, 0.6086079960231486, 0.29411928769997553, 0.06525054864456559
0.11643453791552894, 0.3802114788885549, 0.14543362893722567, 0.26073035037981585, 0.0505776408246591, 0.5575373007492841, 0.9225699750179417, 0.7063492998356988, 0.7583627743572282, 0.2805629656833398, 0.023307667179990554, 0.8841040106544661, 0.7305224485996271, 0.289763049799156, 0.09694080684633533, 0.6520708215765038, 0.004710256057789963, 0.2108754024502444, 0.5821598055255234, 0.24465841697728608, 0.42520528708912086, 0.08748530328509152, 0.11234764897167238, 0.9848201166660443
0.7417479028425427, 0.46257705509538705, 0.5820038229404987, 0.0025127027819910053, 0.312372395027661, 0.23929558353005864, 0.09923653079958683, 0.16952330169258356, 0.7543075125222579, 0.9429750277584598, 0.36458674934059, 0.21513646065519854, 0.3216950599005185, 0.008775246716049678, 0.17497429121831065, 0.7644167272195327, 0.7251537790803156, 0.3710060074307522, 0.34928783587147105, 0.8475608167339275, 0.20913755905122455, 0.8531778869180185, 0.6131469156951342, 0.773903809448087
0.2997991829639671, 0.11111782869608922, 0.4896483635888743, 0.8671333938399777, 0.7931155836389949, 0.27387114754026187, 0.635343054543522, 0.38146192143682456, 0.5242597354645885, 0.9851785239980528, 0.46363885865951526, 0.1936661081275013, 0.37537278181449407, 0.9708007544927936, 0.9019065420090053, 0.8644152230520284, 0.32059045454291357, 0.3997732191016705, 0.42370680138153605, 0.5217974849485045, 0.6452484760315442, 0.35854503271177784, 0.3340155115608333, 0.5388010388147693
0.559072766861918, 0.5764783249565517, 0.3100386855795868, 0.9850249783279867, 0.07019593499125065, 0.6950176890354541, 0.6324263316646338, 0.8725243323233994, 0.5389866359618002, 0.5764372477456624, 0.06586331978156035, 0.04715690196405253, 0.9271703932998382, 0.5816009849852708, 0.322854362987982, 0.5190811214213518, 0.9360151929896954, 0.9560906058392692, 0.7317620038925288, 0.06592441427703355, 0.08191139289901883, 0.1373647789157445, 0.22158930399152188, 0.5811820996469739
0.28907887829675505, 0.3290502460583592, 0.4974005312924372, 0.2928351357914578, 0.6876643151976267, 0.1438174341421995, 0.7839956544441511, 0.35654167363158973, 0.6913287798415582, 0.15098720417441136, 0.21411693234626805, 0.13976016995552698, 0.35921618932039934, 0.276717047046274, 0.6607083256387429, 0.9994233791364631, 0.050396823900827004, 0.17838455509580353, 0.76577627021439, 0.4107481883109757, 0.14825078514119483, 0.7832816965398705, 0.44109398039607983, 0.9950986275256499
0.384065862094761, 0.06329289365884616, 0.34679688503314876, 0.7342640656054684, 0.8221153150927215, 0.8124049721275783, 0.3518977648835927, 0.9639897869103206, 0.3632692641834837, 0.8632062437438655, 0.7872794182894091, 0.20814208472233386, 0.3458066734084899, 0.7974222792557455, 0.414180761529478, 0.5650191868148585, 0.23487780091244848, 0.5845606230418675, 0.18008142157029428, 0.3335364953962655, 0.6496748782133436, 0.9705691246628512, 0.6939698289756263, 0.21356473568558731
0.8654119034618332, 0.15198848165025147, 0.7930351695402077, 0.5045224016479901, 0.5231562407455814, 0.7250461376282912, 0.4274384001868444, 0.5135980825079711, 0.8984290859635299, 0.46810647045523524, 0.15963365708460697, 0.5524702761722083, 0.27823745726349614, 0.4303679835084949, 0.8259387106837507, 0.6741317729510159, 0.7668632402617894, 0.0109387594998539, 0.002113381918071089, 0.5665816177429897, 0.5152508614193929, 0.43662983454941595, 0.5932134856097875, 0.4407551738674612
0.567508396938081, 0.7327440245848548, 0.23746310407395732, 0.9193606346893993, 0.4630980280295177, 0.6131166131038867, 0.8490727849319976, 0.9109470539617436, 0.30400525703424397, 0.4955297340587115, 0.49283281783932054, 0.15834701428607756, 0.7083411966357137, 0.8480654409871451, 0.14324973114615747, 0.7836134619437625, 0.6062026176414677, 0.2493819370474013, 0.3581425645528733, 0.7646930522011243, 0.1038561516022789, 0.9077491200034175, 0.9293288423010657, 0.11304391332412689
0.35477201367397193, 0.7147116384882933, 0.47624006819773534, 0.9696323811828879, 0.5507704434264434, 0.028773942314753387, 0.17406880236083877, 0.08488181415324958, 0.36458256167936265, 0.07040674314147544, 0.1673467301595457, 0.7196335967732002, 0.8328264541810259, 0.8182603807844293, 0.13945185434259888, 0.12439521824638156, 0.9870547999105521, 0.4189568223013155, 0.22338670041125863, 0.28778345414003603, 0.0026212142956154594, 0.2711377398582858, 0.9805378510629633, 0.05815489000434304
0.9382138405019483, 0.6696561738725958, 0.18099453288424683, 0.2752647586572251, 0.8799204934878013, 0.2573471366328378, 0.6619666391909218, 0.6081919896779926, 0.5239791174676489, 0.7491757418378782, 0.16384512714440225, 0.5752694354046445, 0.5511135546661834, 0.547651791903421, 0.4915252796210162, 0.8569714740676285, 0.2686412115038225, 0.3156567714140067, 0.04939392445125412, 0.9394878682023672, 0.48380210038045623, 0.9813995935940738, 0.41533636854557354, 0.2692640189037927
0.4293235688917386, 0.7538250640740902, 0.24694591855869952, 0.21544126870363245, 0.4081210562032036, 0.6792609556563556, 0.1306752794892957, 0.6641793736393006, 0.5578508588173797, 0.08763571411134352, 0.6066499385544278, 0.21220485078157214, 0.21453324167258603, 0.7856855031842909, 0.9427332118728751, 0.3033759629774644, 0.39424077900955745, 0.2708455064988169, 0.682751212686449, 0.12981199865310344, 0.12849362213528726, 0.6636496651585457, 0.1096875959491912, 0.23644604694141547
0.506936854949401, 0.2330108820447696, 0.6400194437713395, 0.8117787739521041, 0.6870341507354397, 0.8973746356815019, 0.3344538037987238, 0.5477511417172969, 0.5359218204484203, 0.8547004621555796, 0.31216132664096763, 0.17366239841786224, 0.9424341353324859, 0.04061119823724624, 0.5428668443069647, 0.20505202382329135, 0.8963187773432033, 0.13863479985425364, 0.47852231572348647, 0.39545641766045436, 0.8204273348862138, 0.1983048888723845, 0.753794325070029, 0.9924149159010194
0.2640588039213396, 0.7034378939879764, 0.8276626800805046, 0.8890558596171316, 0.4003928509747756, 0.9970657852280874, 0.24354573525518064, 0.3108798591547829, 0.5094308152681999, 0.32020564436981536, 0.025877843332851702, 0.43856141386362213, 0.5034493525856776, 0.20766025325505388, 0.42258246735755056, 0.20023660081039596, 0.7960003875750213, 0.5545210766599379, 0.33840818122379057, 0.16748514290304872, 0.21997359934763283, 0.30860974904818117, 0.373801242953016, 0.7292417103697538
0.3828739354045214, 0.3301902972478701, 0.9564218015922509, 0.6606089912978512, 0.379581784126527, 0.8173721806853146, 0.8788755181809003, 0.19299507772089064, 0.8898599102293697, 0.3366840622013759, 0.2168880022378462, 0.6928971621336942, 0.8146976507912784, 0.07150291631598649, 0.9890307419595283, 0.0028183301360718005, 0.6806569374965167, 0.7875779486578804, 0.19489385570859474, 0.6195155318277826, 0.832996759202685, 0.7057894126170066, 0.010499575154084062, 0.14793394438078455
0.5215626564093017, 0.09289015624048169, 0.79138696525271, 0.22104102975107276, 0.8890850347889832, 0.7401937175371907, 0.4052318980851929, 0.8511142566806859, 0.8975710184336649, 0.08246380262242092, 0.4720034569914957, 0.2793982153426432, 0.11533026500260835, 0.07164249523781596, 0.865807381992745, 0.7717791474870117, 0.9016464947012903, 0.5509307416766741, 0.09831133780259438, 0.7619516472615545, 0.21088234484711665, 0.7874672351790154, 0.7493733494183787, 0.6806053939920828
0.07659118720887947, 0.5045591461481727, 0.08315968194986323, 0.6376025806336162, 0.7508682956683812, 0.5746301496421665, 0.2849574252230189, 0.7056086375872057, 0.046179916396783094, 0.33717056172732085, 0.9719970610490044, 0.7224265950228715, 0.429136574562334, 0.22977735881019756, 0.709781825633677, 0.8214762432747812, 0.4835542634643214, 0.3499148387942381, 0.5699619390218273, 0.019915841217072128, 0.9454456867314386, 0.9152328290131234, 0.3531831405559285, 0.8918915880803933
0.7263744866743244, 0.05494598081456481, 0.916351429554011, 0.2765561250056179, 0.55448708439108, 0.14829185876788298, 0.6480183989496838, 0.7668515911231524, 0.4782402015481537, 0.37462098321743553, 0.6211428089114082, 0.9228598791912795, 0.0419913506411258, 0.47576206340765426, 0.22749392657759715, 0.6216072296995311, 0.2867528480216224, 0.32657974717952865, 0.1266801856835068, 0.5329831579744664, 0.38984729467597545, 0.5027878224984345, 0.5711441306028091, 0.9139984143868924
0.1499902450209022, 0.018344243057236587, 0.48310000424332256, 0.6991253651901456, 0.5651542815820335, 0.34614568220435793, 0.9144074520955836, 0.8597347979444955, 0.030413487493160085, 0.9655702217281438, 0.5301115898191122, 0.7641815578654882, 0.18676626880871738, 0.00371675509122138, 0.8976237652728959, 0.8894311243054147, 0.199046610057231, 0.40463640584525673, 0.025977649912368617, 0.14472874538112068, 0.6978934746982941, 0.14713575742025997, 0.5538292912636612, 0.7500431992404456
0.15428165763057944, 0.8654661751292997, 0.32283437366122647, 0.6288483690017045, 0.8869691404676591, 0.3149547416103592, 0.4878265568475433, 0.6652970428759873, 0.40201800803210275, 0.33453650662955525, 0.2881402937050904, 0.4014439091053633, 0.48688257682949587, 0.7396485797069687, 0.07355779651754568, 0.22924497467972726, 0.7935166292763806, 0.27091850957735, 0.03565492700513684, 0.7389344855326799, 0.3624796824313872, 0.5253599122075341, 0.07569806717000671, 0.8442818498758672
0.7404263107804354, 0.6311438192476502, 0.8139317062840372, 0.10443175878342037, 0.23727968197812122, 0.8509578323223254, 0.71710362189005, 0.9686386650836999, 0.6891841901068009, 0.6699707789012221, 0.043890354682076915, 0.06526089643281052, 0.9077333894310353, 0.748946801352555, 0.25438032941725586, 0.8972664165241764, 0.8556740373593303, 0.8204922452160823, 0.4622213659277308, 0.3117911002891981, 0.2820765600503762, 0.34708821313584703, 0.9468376055028108, 0.9042681920685811
0.8264400894818725, 0.18779845541682283, 0.054658517741936974, 0.0400744953780966, 0.43510514321504523, 0.8348676602752416, 0.9363184536464288, 0.5625677275640086, 0.012644945690334253, 0.5925175301762694, 0.17774835717892135, 0.5384856146168643, 0.3328241230084593, 0.810066045847824, 0.22597192855730452, 0.08122886937099338, 0.8324730795422891, 0.8340466625550778, 0.9159976794706606, 0.9016398859933562, 0.8176915253546648, 0.5423657968241742, 0.1879046241816661, 0.08782124488964482
0.8687185389846673, 0.5996702127873207, 0.3762424552612157, 0.9669861932640212, 0.9283818125483174, 0.49743026069936536, 0.9259915901205557, 0.5932364908451125, 0.9786534377741151, 0.8693409941327058, 0.8363387776474256, 0.21094525784165608, 0.5628113250701297, 0.17133890344414238, 0.07379454457040324, 0.7403492371489262, 0.23229324553686903, 0.4320316873026051, 0.15002463770262642, 0.619277758580372, 0.37500910133780696, 0.8381750887622177, 0.8702718341173308, 0.006931139271953546
0.386558041076452, 0.5171634122887688, 0.6104791251083513, 0.775427559509664, 0.12104838307749444, 0.8713166457564248, 0.17049176664394528, 0.7929745325047053, 0.455579818381484, 0.9663233212693123, 0.5883788239090957, 0.2078101341714469, 0.2505562182917588, 0.1350906773607582, 0.5573547044566841, 0.7520129727019962, 0.8198237858126922, 0.8507985504336518, 0.7994658045687626, 0.599285874813374, 0.03983534435147551, 0.36259034306549853, 0.39215627717619406, 0.4557062347986942
0.08516006064440995, 0.7217094418051136, 0.5688267773862061, 0.4490623385444852, 0.9856384919405431, 0.45744444245621085, 0.0158076946818978, 0.7477668402600048, 0.29472726448565356, 0.559379983764525, 0.07941240693399476, 0.6340234125302754, 0.7385396659171863, 0.2166092003679082, 0.349787261633825, 0.7780127592793672, 0.4740482216278843, 0.2761989609721982, 0.5438728525475981, 0.8204836204551902, 0.6214184910225942, 0.11251027339972264, 0.1289277831818858, 0.39067428915119184
0.8185572274018761, 0.8172183614212091, 0.23146559187539384, 0.3962982365529337, 0.42600966566470344, 0.3640746886515347, 0.6064606694459743, 0.005656510231341394, 0.7039924861384802, 0.28528921108740934, 0.43638185456420386, 0.8321615555899056, 0.6545746024484055, 0.1336815699585947, 0.6207049442788882, 0.9342317036708342, 0.7140800858157341, 0.28537881513223606, 0.22794020038768648, 0.8951836558723979, 0.37999743165631417, 0.5400334699879406, 0.3860833002388071, 0.8848928142095378
0.8523762675900141, 0.3668081755226672, 0.9389596582856768, 0.9691815930841797, 0.8642794263247902, 0.06474339577830213, 0.3329096871488856, 0.7295126212093888, 0.1447606240778141, 0.855229925272543, 0.0026222668298410134, 0.9069027220588401, 0.7794740235517416, 0.7029071971654762, 0.5874742361807962, 0.980212318338411, 0.6162862842965069, 0.6013909129090415, 0.2673672853729757, 0.05775090449951481, 0.11770352801900763, 0.6192535039373658, 0.9077310148696649, 0.2506571850343686
0.23038461830539014, 0.45537666303380686, 0.7577993184023967, 0.08229091356415719, 0.9136654828033292, 0.3659383734775923, 0.9689297181299933, 0.6260513611604993, 0.7990540049743224, 0.7272722245988984, 0.35268431715690285, 0.3835633716116794, 0.8949392052300497, 0.4448123299324319, 0.8155424383234651, 0.44046657910431575, 0.17046575982874057, 0.03836424890037027, 0.2558369452677448, 0.6439023011676397, 0.4823035832946444, 0.33446109667266544, 0.5896100149891215, 0.8588084758721102
0.9900308801805903, 0.8400607138499011, 0.27581420004453727, 0.8444132322779418, 0.3020222425111281, 0.8311029432615201, 0.5842735643716019, 0.4785097718464364, 0.7373910402838846, 0.48508854557631764, 0.023195322938130758, 0.8502276565499549, 0.42844865156904566, 0.748656074140938, 0.036718905817557324, 0.4414475751561244, 0.23464277399201605, 0.35947896095804543, 0.6310214714598229, 0.5605891143154651, 0.7105441536849066, 0.6468836258893345, 0.4228469086841904, 0.12835639481667394
0.4905417547629064, 0.8834519415777407, 0.40309589476062524, 0.6670853724378321, 0.7537550935843508, 0.4439519877215994, 0.8689766786532457, 0.39255944247410035, 0.5865787711541854, 0.1643059917172096, 0.6141625456439005, 0.01044831589133044, 0.28599574575204156, 0.25018993881663143, 0.36501091427744903, 0.6785277382519542, 0.7518258886098012, 0.23368688959539308, 0.9423336071329314, 0.7600346674568111, 0.16083857756716602, 0.8930709775709521, 0.3048897136750731, 0.7197556614377459
0.5832160359365628, 0.8246313808311285, 0.6795227663497361, 0.6433982159816116, 0.08486322173247363, 0.3877031052746751, 0.8327374420906299, 0.7323695041123791, 0.9765007028181149, 0.26095631055565105, 0.804772613148068, 0.6674743179522727, 0.3879808084551759, 0.2686796784641816, 0.19614695289804873, 0.8952409188669657, 0.17331482670750153, 0.9727627505766675, 0.9616646472719014, 0.2737502975809296, 0.6257661918223573, 0.2830838131295548, 0.8500920327977454, 0.9884687336517577
0.33964369831968144, 0.8550730570553287, 0.41454188360740585, 0.10198086658788419, 0.3374005138410391, 0.39260562154965417, 0.9002153277939339, 0.6963200830075713, 0.5258313189543439, 0.8538346430948555, 0.02365837669233173, 0.9647162585781263, 0.7646268697840013, 0.8293202320586875, 0.6563292040544098, 0.9675918816927771, 0.8763325804190468, 0.5007728041799928, 0.7875577601148307, 0.8985201715541681, 0.46984172377393496, 0.06563267298143849, 0.2712545188327752, 0.7874441214645365
0.6858032795040543, 0.8022070054395783, 0.13386597198284333, 0.42280981516017635, 0.0540514470902983, 0.029043850190844656, 0.20318682086445472, 0.20515246621921412, 0.05378429109422167, 0.6846530573393331, 0.9122379141802806, 0.6236787584681591, 0.6679530501030352, 0.995040067240692, 0.000665288421941912, 0.2843088933831208, 0.17254372072957092, 0.2588336724098713, 0.2927163564940407, 0.8225214537993197, 0.7576168569333873, 0.4629524875127935, 0.4663904627259071, 0.2764179848721563
0.51076603763818, 0.6670734817167459, 0.2961626677500686, 0.633107968393309, 0.923634824417613, 0.3813560514547236, 0.9902550248323286, 0.8318725595095785, 0.40178337848784107, 0.5052801726436427, 0.6673641815913528, 0.6575217015912667, 0.1339253519708844, 0.8275844580062867, 0.06898271526133992, 0.909050211056621, 0.8210684690678105, 0.07734408866111897, 0.00027531181494888646, 0.038931642795899335, 0.6652738114397829, 0.18368793864155297, 0.9651648236107881, 0.1490441345264213
0.7057844034737065, 0.9057673488842936, 0.9878237224415641, 0.24271050549909345, 0.41222353794869393, 0.24886401609877418, 0.7060447719579377, 0.496867955211441, 0.5675830818142908, 0.4568060137726594, 0.3521607893529253, 0.7742661671034723, 0.7452209927307037, 0.5594173428217207, 0.6798379480132619, 0.0013837687028499523, 0.011049294291320177, 0.7452895779936362, 0.6332738960319609, 0.27968577439120623, 0.7913139999112375, 0.7931183800110235, 0.0966184710556719, 0.5597982792117892
0.7086991557935917, 0.4134833245331764, 0.8912411307969389, 0.20226389896675756, 0.6114288522388889, 0.7349624635552263, 0.9969854566579154, 0.6624853624558465, 0.2863893400685915, 0.39178101245397234, 0.2724397177114639, 0.21400328695645443, 0.7253400885050787, 0.8795241898901068, 0.3007078983804493, 0.8296325966878264, 0.6844882288491905, 0.5265742700738777, 0.42495612356335843, 0.6619949765400723, 0.6781863687500957, 0.42689854508110403, 0.496592376982986, 0.06161612432622021
0.033069266677568376, 0.6198634456419925, 0.824124865753235, 0.16397219498021465, 0.7700759906092348, 0.4944738485464262, 0.7828665516710576, 0.04642123326466907, 0.5842105871376527, 0.7226515681535155, 0.8016180991196351, 0.04032580157045773, 0.6646920824924063, 0.2609019270189855, 0.2689941440159259, 0.5988246950014394, 0.8842200734152802, 0.07744412673199241, 0.3687298032437869, 0.12803202702555305, 0.028064317349104306, 0.3729366701887997, 0.9677168566155533, 0.8419874092665885
0.5750732250558742, 0.48166568958641354, 0.7979668684867093, 0.39468403166859956, 0.2852885645467601, 0.7739695084487961, 2.6932442527827227e-05, 0.02398969442173271, 0.6691454455641331, 0.7306858085968325, 0.30238162365719634, 0.3038623930218638, 0.14307597846733633, 0.30308819647405916, 0.17043383389303413, 0.25388264683969075, 0.9900991525630408, 0.13672855828598451, 0.17451272306824583, 0.1635694999850723, 0.01486114896885038, 0.4209091514606619, 0.029321543058516752, 0.2940238649678466
0.021990233459411423, 0.3002843958895538, 0.07299208245273503, 0.5503140731708183, 0.03088035046839155, 0.5065262475686786, 0.8299039151569444, 0.2091256868750645, 0.9220205722650809, 0.3083890545764538, 0.3386187061474988, 0.0973280688746394, 0.052491553018966686, 0.908750736475166, 0.3661188696223683, 0.8748589222603882, 0.9631812054145271, 0.7620703484145545, 0.36700365064437135, 0.573328678970045, 0.6887132631006361, 0.8484227484058996, 0.12355194048665386, 0.8572298751527313
0.3576563846864992, 0.808579469851284, 0.9388333618557232, 0.6266158033825159, 0.6655306949501689, 0.010424855830571955, 0.09834212940057852, 0.49333043839613766, 0.542803640108648, 0.695308958293613, 0.6190839281863679, 0.3520328249447304, 0.7632918576520021, 0.16275137403007367, 0.8175443637587854, 0.9757090677651413, 0.42850128832221823, 0.07471648420880006, 0.3959612234098713, 0.33090721993377614, 0.42554657636595183, 0.4123524621444916, 0.9161478714700761, 0.6249173016338172
0.5915466722372924, 0.18679721781818992, 0.897929846927681, 0.8245694295013626, 0.7866576399848175, 0.601596839886801, 0.24099949816659338, 0.4965237910644711, 0.9725633919338198, 0.6298218231209763, 0.5998987601941944, 0.5658663940670511, 0.8648928920053772, 0.38457460471753857, 0.6086760127442463, 0.6611019865028565, 0.7303213238531617, 0.22056377324329002, 0.16013461652823313, 0.9137878007012975, 0.7999543072406985, 0.0050466695386574, 0.2744695996625528, 0.28471569576531564
0.22752097522176717, 0.1409350660422165, 0.37657366209720844, 0.3823266136783743, 0.5772616107231614, 0.5454253751140794, 0.12850056978651847, 0.48288367280878186, 0.05309353415068807, 0.47166731064683665, 0.7337545498792519, 0.8923275535250587, 0.30450193748083254, 0.6920677394023805, 0.9154530667161953, 0.18030959451402173, 0.8786264597939188, 0.08161852551588511, 0.22592947974733602, 0.741061620583334, 0.20112010780594702, 0.8849494116657626, 0.17859755644441155, 0.15549915649118218
0.21401561824759274, 0.41482455230344883, 0.49753669621301366, 0.5381865913540447, 0.13285956617475037, 0.21169715672212563, 0.975421498019628, 0.6832907669373527, 0.8079568296152221, 0.819172146241849, 0.7970784024417339, 0.4062959137797547, 0.3481149134073249, 0.9437484677401796, 0.033888232221686465, 0.7379192906554249, 0.7131030422526753, 0.9087493635334234, 0.13609997163408039, 0.6809857603704339, 0.38347688932890833, 0.7338239686711311, 0.5751432953078713, 0.7441702798648393
0.7853798134407315, 0.8207459673850999, 0.12571659595871298, 0.698603612331199, 0.40232646251161186, 0.4744170377115464, 0.4561149749080302, 0.33171840341591896, 0.7185179009751327, 0.15360570821883535, 0.17744728160483503, 0.8823353194882472, 0.36107770974052156, 0.3141965880194364, 0.9017734210311706, 0.27923608123846244, 0.20125869955940467, 0.11215535455055547, 0.872316431253494, 0.9762396945573886, 0.8063234272068684, 0.8919360635449836, 0.9949033383596978, 0.7494200504143816
0.6131005663276461, 0.13488295760558766, 0.6417308480484752, 0.07499425556584871, 0.6578026175167154, 0.8375630805483469, 0.28685529871906557, 0.1595025734332931, 0.869569973351602, 0.2705754354605313, 0.553347677461223, 0.0833936923240951, 0.3344791362169145, 0.0972462679942746, 0.10713053012636231, 0.9585058014745256, 0.7042443123834096, 0.49992060843488106, 0.8176502593283851, 0.8797058243437081, 0.49144624044867047, 0.6370887885719986, 0.8558870676771123, 0.9182957638928033
1.99970478799e-34,3.37784712008e-16,1.65047849886e-05
3.89362395628e-38,4.95903726776e-16,0.000221593079228
4.81845680785e-33,2.61341984431e-15,0.00469507429108
5.58653342714e-33,6.38682896247e-14,0.0130834516003
1.40589077485e-29,1.42017500939e-12,0.0257686871035
1.64396249491e-31,1.55548990322e-11,0.0186075050028
5.34629388762e-27,4.83607387311e-10,0.723693924708
5.98640190153e-25,5.23817392905e-09,0.676495770602
1.99332054659e-23,2.23251119748e-07,0.881178864099
3.87869706586e-21,1.49627832702e-06,1.60446050162
3.16086196834e-24,3.23525017209e-05,5.98741387227
2.2542160673e-19,0.000449945453932,8.91218977251
2.00531255421e-16,0.0125778579054,17.7227961172
1.242307999e-13,0.226431154651,31.4713331561
9.75983087789e-08,1.62479605566,5.55560016928
