$x1,$x2,$x3,$x4,$x5,$x6,$x7,$x8,$x9,$x10,$x11,$x12,$x13,$x14,$x15,$x16,$x17,$x18,$x19,>>f1,>>f2,>>f3,>>f4,>>f5,>>f6,>>f7,>>f8,>>f9,>>f10
0.9821282502256515, 0.02141646129807062, 0.26130438351651175, 0.9111397363899836, 0.2897914986627671, 0.7617969159263539, 0.3786875746602768, 0.4674260744459119, 0.9174148942217651, 0.5673791636086866, 0.34631209574014077, 0.5194831820173492, 0.7652032988285687, 0.26908281005382784, 0.27991009376968834, 0.8967332390764982, 0.5793513451868998, 0.5624725279380155, 0.7673298160456437
0.13253745301961095, 0.6359605354219962, 0.4818142507066112, 0.41602059257363455, 0.8451003511604792, 0.0073169175838959655, 0.39181099595549185, 0.6060015895603256, 0.8248138661404354, 0.6381189697803287, 0.6469586908995946, 0.6741991337416179, 0.55416564280469, 0.12061213485936328, 0.05707317233733111, 0.29869897964968006, 0.03981165889113103, 0.18201524410282688, 0.9943089276655839
0.31227850019088044, 0.2179925646759685, 0.7408981359914782, 0.42466730260545704, 0.3823169048954639, 0.8569852741515926, 0.7268824157349014, 0.5371115510993439, 0.8066955024324275, 0.3469601947180445, 0.044687924250550126, 0.4194161784539705, 0.4781283018009853, 0.3544345193779229, 0.7623976206228005, 0.4885330285602102, 0.12771417708724075, 0.4786619753860887, 0.5703124379434901
0.28795224045534995, 0.6606314299673866, 0.8698173286095532, 0.0023057865827535995, 0.07986660983232996, 0.3011379921860132, 0.27053262846620785, 0.6602909778182733, 0.37227020949592493, 0.018911063495762992, 0.5874832271947337, 0.11129149727343246, 0.9209179079854111, 0.5133664441689277, 0.5887626375066327, 0.19544372340363092, 0.036933805916857576, 0.37662443599294515, 0.7832903765623508
0.8199481417520107, 0.5676025504630817, 0.40942358779366705, 0.1663731610225636, 0.12836563110791488, 0.002487934950285653, 0.09514820595089768, 0.7482345354912125, 0.5893620201295742, 0.17389610490781626, 0.9419555407039543, 0.12190143516471663, 0.27265743122411545, 0.1227509046424089, 0.26414508308893536, 0.01495149176507693, 0.05135261248128076, 0.10443679832665931, 0.879922234257899
0.10301384684042092, 0.8550879156148061, 0.3449984709489645, 0.11129752561643047, 0.7308099722911046, 0.418236493398365, 0.576285576795303, 0.3670612626157147, 0.3427837546802053, 0.4460714852213259, 0.9666578586173478, 0.43925907072660597, 0.001524625446956529, 0.3891169620053747, 0.3234829593922933, 0.6597491441544018, 0.6006841005795401, 0.9500271035445974, 0.4580685202777156
0.4592499661682595, 0.9197854241389117, 0.5374654981340959, 0.23110472011858696, 0.1311969862588943, 0.10104839072468397, 0.02097136423154755, 0.8590678055850441, 0.05213056906179181, 0.7474233943621391, 0.6543435138441773, 0.6480746446093364, 0.3007319018481093, 0.0831547900330758, 0.9361178382844599, 0.116827387139533, 0.039088457242835384, 0.47943467045329147, 0.6350936235223253
0.3863044609375551, 0.5276478470023246, 0.655280532994131, 0.007900178008969694, 0.17369842183061612, 0.782402518271808, 0.783573344995333, 0.8406592700140145, 0.9900300924549377, 0.6421424426754239, 0.5217054206108173, 0.20091919147100845, 0.47668484806102596, 0.4765264610021931, 0.5472845675928494, 0.7702747362185512, 0.6336409747359678, 0.12086011870501112, 0.40162056961757286
0.509790364827001, 0.6972112819847341, 0.2507588814873799, 0.5029561904629042, 0.9726621146794051, 0.2720152071967683, 0.9712607504606615, 0.49033542863268376, 0.5789392167977555, 0.14753439937463597, 0.14204953318530134, 0.3758243984928028, 0.16813941673847188, 0.7355849468389292, 0.3955351196325947, 0.28497382723531517, 0.3184325323142394, 0.6911106711023953, 0.8935264619709591
0.16859109165688124, 0.47314161246983766, 0.09934740460046898, 0.8443129763448072, 0.6128190180127854, 0.3110266848829051, 0.6491144824556697, 0.4587049673625583, 0.3668387142582935, 0.09363838151300186, 0.7388307541466165, 0.45332337913820386, 0.29437657343859525, 0.9949617173027246, 0.9368043557622368, 0.8097886569529965, 0.6529063645885181, 0.6812649522799468, 0.8071418495780993
0.9868383882722408, 0.4254703597693217, 0.36502461731364744, 0.7937476916594647, 0.16766808389521204, 0.22785243694481128, 0.1392186380020849, 0.32814987775122906, 0.5604750496676141, 0.8491867999111082, 0.6282278210023532, 0.5562785982794397, 0.41618242500335345, 0.44072710334503795, 0.584210752377692, 0.9295522544135667, 0.12909237595787737, 0.8270741935839779, 0.8483202056390265
0.1671143239777625, 0.04387846137548401, 0.6159598504082912, 0.17871660700765568, 0.8100674597968842, 0.6875577346261605, 0.09507711946797404, 0.6270027741595549, 0.7601085935739935, 0.042165858090505326, 0.11069418242845441, 0.3726800573677215, 0.32646608681278144, 0.947784809075392, 0.7517246216551788, 0.6840006536071912, 0.12947337100048117, 0.3527357238989123, 0.18627169731043525
0.008221847732307053, 0.9306996884386647, 0.8943045025833126, 0.19288487848756075, 0.9992537924073086, 0.5113837209454892, 0.8201001561762526, 0.00831198902920427, 0.39064709773021067, 0.9913455501952547, 0.6340920738323178, 0.1115708903285284, 0.07808017363488551, 0.7837794347317244, 0.9174986758919713, 0.762621716435191, 0.8756376820863951, 0.21014431737078276, 0.7983620722556319
0.5763313228715777, 0.5376983568019059, 0.3630469054463068, 0.2684784548900243, 0.7403209815667314, 0.42533468412435427, 0.09905362501697057, 0.8987141683428375, 0.3974948234642154, 0.3266151802890026, 0.4211815758641744, 0.9677021200818084, 0.6181815151229098, 0.09458251042756816, 0.051325757357068125, 0.3917858114579563, 0.18323587061166935, 0.32069282744671246, 0.04723005736515973
0.6234160904809415, 0.5088710307132854, 0.852720622390834, 0.2760050724738099, 0.09321293963512511, 0.45628620268652254, 0.15122617799410298, 0.9663906952621851, 0.7755420136551887, 0.0228196343352145, 0.414033885871422, 0.2542533445670153, 0.48766525668368954, 0.5788054122206374, 0.09551929552244087, 0.22107037094034843, 0.6772155679729903, 0.33692871538565394, 0.7077469823315813
0.6075778596898599, 0.8752327695639132, 0.6507474411829314, 0.4419436390891137, 0.8251113742800211, 0.8507649821961547, 0.06450100245855084, 0.6635022732946091, 0.40507412590914926, 0.26296232466194347, 0.42825620459644165, 0.7110902034943584, 0.04279033500546259, 0.6960752671401699, 0.9702457204513539, 0.11364534428901507, 0.7335455210029241, 0.43612144563888655, 0.3971544130449205
0.7800787530699327, 0.23962900910096607, 0.005902022603736401, 0.1209793022364194, 0.1582242790967754, 0.318962318400543, 0.17029841043508365, 0.787311063299133, 0.4471330397086333, 0.18224201855583444, 0.08759066423492512, 0.1922662489050837, 0.9315276363975759, 0.35622776004384316, 0.4641009670669114, 0.8752996953203068, 0.8483252158323344, 0.015122654214517639, 0.1587632785721862
0.6114929606468159, 0.6543323640496133, 0.11541626030487762, 0.7364242717007237, 0.6622951516207767, 0.1165175022791961, 0.678513029956327, 0.17000893144154705, 0.4547473832443518, 0.8313981712460825, 0.8969759755429553, 0.9101559994420715, 0.6623748123040993, 0.2069118002918774, 0.22938975248456395, 0.4943728702152558, 0.5304926530689713, 0.7485625469153951, 0.47732710723714133
0.7871305578144997, 0.4615402794040727, 0.6186681460802081, 0.331791240790137, 0.6267017391189357, 0.6583692463238454, 0.37489155272340824, 0.455226136682527, 0.3079057247541187, 0.7352141264635204, 0.7386086990127919, 0.3149387606671621, 0.19880719221691323, 0.49245960743096595, 0.780644224151956, 0.7316976008392646, 0.5954039034518163, 0.08141088168420574, 0.9366830884554923
0.616523613771656, 0.7062309205756789, 0.7853390677457428, 0.7027218719223665, 0.6053616826995128, 0.921285078905253, 0.9636783616870142, 0.2701941700989109, 0.021257691479676266, 0.508533424112976, 0.334032085870025, 0.7479665780014095, 0.015713545054812483, 0.5338701916755252, 0.4429541160690891, 0.31246670436790847, 0.506359920582661, 0.8655759979953271, 0.33315931232380724
0.5250269085573889, 0.5870934889618897, 0.7632166406318861, 0.7947291196686606, 0.48965738165598893, 0.6730017321016987, 0.8993868087897222, 0.15197845631275697, 0.9978237052658067, 0.8732262575602354, 0.662503240022923, 0.5075837934194294, 0.17820693199692417, 0.5974863212581034, 0.562518392054049, 0.9997509525924213, 0.36348617580831755, 0.8463658329323452, 0.3399883332380377
0.10590659685655535, 0.3964005842980758, 0.9864631430695264, 0.9009727609966849, 0.9754154407464886, 0.23961137200489024, 0.1664088490029273, 0.21630882172326293, 0.3172217828665431, 0.45763054138074444, 0.7121622116291744, 0.2096586287628115, 0.8471844036560684, 0.15897627019114524, 0.6522246675452055, 0.053362741532511304, 0.30532608160377805, 0.26049885105388715, 0.7590043063328572
0.7426615183275795, 0.5122082285127771, 0.6239575832324931, 0.007450617393066961, 0.9648552912330715, 0.0823718951425414, 0.17964554211001027, 0.9699899516221133, 0.3497512847171683, 0.49532573743862063, 0.39018325148946253, 0.40852475934337507, 0.49794048419101444, 0.8918858856683616, 0.2630301478839432, 0.16307361776844342, 0.16670344569824125, 0.978735448815368, 0.6809357666912044
0.16337236865597804, 0.7670172776631758, 0.35341256499463947, 0.5749676503176614, 0.6461451533206805, 0.40234477492136145, 0.384150394125521, 0.13943589278874868, 0.06197522186171145, 0.9186289007623154, 0.836241838923235, 0.381458523327769, 0.3200422509534959, 0.5556570510343704, 0.14303139611401583, 0.9424396726936421, 0.8322217630571823, 0.4155926549452257, 0.33610095576786525
0.18312267932918092, 0.8366545073510843, 0.7205175757495904, 0.5900978249524957, 0.938367302387714, 0.2872705706129427, 0.36452167494926246, 0.611481210457844, 0.6383744758782278, 0.7041754952169901, 0.7427399796935289, 0.5032730762954136, 0.015075371550153815, 0.2592589156610453, 0.3315650615909319, 0.5306626046219094, 0.6005602281226851, 0.27542945302432453, 0.07783209689146142
0.08217579238095607, 0.04072957632202279, 0.4355056831449, 0.47192741001443794, 0.27224011685579763, 0.1396234046080087, 0.9426158153403449, 0.39595348943671715, 0.6846150530208686, 0.7340524366870155, 0.604014594889394, 0.43412298059454535, 0.6769111663523899, 0.8164192658562625, 0.003565562500117636, 0.794658724779792, 0.20737363104503637, 0.6981124789096929, 0.23072742207864505
0.9182454775221297, 0.1184487502620114, 0.5516290674417467, 0.9139676184505482, 0.3332572226946089, 0.7086325927299906, 0.1323026607481601, 0.33430936253822574, 0.44854055223110645, 0.6739446497677487, 0.055360499779597894, 0.5964372113066218, 0.10499850992070736, 0.0001274099449376509, 0.8945758142735106, 0.9100814141315432, 0.1411006153358113, 0.6870145192652883, 0.6527801685677017
0.25748788504748155, 0.7879497245534052, 0.9875351907456557, 0.7124803786755427, 0.5024927465175046, 0.6255064873226247, 0.19955390534077277, 0.12680509962828923, 0.995565210538255, 0.8085480968497117, 0.04397990688598208, 0.9128449612453372, 0.745761712871451, 0.4957520251608528, 0.262479700906586, 0.9064968836833928, 0.21411151555614372, 0.681904983602939, 0.2555948801748318
0.044468247144017536, 0.06353732173245252, 0.25413636274674, 0.5027303811850472, 0.569019572327095, 0.3227353417125488, 0.8437738849094035, 0.4966283184680451, 0.16975971516417354, 0.6915530476818177, 0.9756976804511579, 0.20644175785978658, 0.8086237874683692, 0.5857626286155471, 0.6888348798159507, 0.3177514482745055, 0.6634288602752463, 0.4519650326570023, 0.6059319936705864
0.7528196795300297, 0.4274909717851121, 0.7508543267948457, 0.14069676547774668, 0.6181189519494277, 0.7740441939554256, 0.5678480676037759, 0.4148671240584675, 0.3864794763659044, 0.7633203029144883, 0.30252382159822744, 0.32734019305772866, 0.7158663498226119, 0.5398360158813571, 0.23636877553845426, 0.6026969961771771, 0.85938454646695, 0.6093010874384491, 0.44809138880660304
0.38714112415855306, 0.816713987546779, 0.26690360995308604, 0.8669110690263894, 0.8915055280159626, 0.9885581331763234, 0.7606101852863824, 0.9647702099688061, 0.06913178629759897, 0.3716404699232456, 0.521466021013898, 0.6206509468762853, 0.5473321603103767, 0.02699273575823702, 0.7830548142322814, 0.013016843218151775, 0.5579263957768609, 0.9063575846560762, 0.6531711119168435
0.8748416817590762, 0.1758689480850818, 0.1285392270771898, 0.14668606076578894, 0.20894631826688603, 0.9631263232964716, 0.36109360681515557, 0.6121946861986589, 0.5176754000392326, 0.9302694674264165, 0.8416850839577578, 0.9064798489816476, 0.0242868169703494, 0.2523200946129277, 0.31106404603386395, 0.7299503785192857, 0.864414237870084, 0.5249465429215419, 0.22044233267749513
0.19546146575882262, 0.26084480776569396, 0.8488451985041516, 0.5342484631244092, 0.7785521813530669, 0.5577854614078182, 0.02695187948113087, 0.8286497641637398, 0.9889954632621186, 0.522942005596378, 0.019029306826043868, 0.5994952782145141, 0.6699223213822795, 0.4835532551455537, 0.5185452121970555, 0.7914381027119173, 0.7329190961945116, 0.34703110313497043, 0.40838990580034606
0.39973002396628166, 0.31078965967864935, 0.7503816390524193, 0.40991064127100185, 0.40521306512591937, 0.935414945686533, 0.32339355550987525, 0.44901826530193023, 0.8950915454076984, 0.2472688144124957, 0.2840255566527562, 0.2164142764022482, 0.8926248968519359, 0.07610718326220489, 0.3293878025690362, 0.2574639622534012, 0.31546572464509726, 0.11394830358194508, 0.21705573069094242
0.4434041787613022, 0.1757350777119273, 0.8216972979957096, 0.0665294874574438, 0.788134627762578, 0.45937539689206097, 0.7945838434306163, 0.2910057476014284, 0.5848617395646699, 0.22306454380510832, 0.5923911060355447, 0.6574935927665095, 0.6215923500156584, 0.22303390698808645, 0.2655929912480174, 0.6129715131409847, 0.7169331432397578, 0.8353445378143226, 0.3329830582783262
0.7775155777382878, 0.13282352875010905, 0.5778157678861499, 0.5219727741984398, 0.3723179849538808, 0.4357058200424979, 0.006807676848892497, 0.7335108556112278, 0.6501349418352557, 0.01688780194926287, 0.11904567762026386, 0.1607119393961587, 0.01745718309452826, 0.7609476816147921, 0.21599191266114048, 0.9763395801060594, 0.36653320434059145, 0.34950537953305827, 0.6645519700636808
0.7415689813526465, 0.7821166668155325, 0.8063128777629034, 0.7032464605883544, 0.2005132802955597, 0.7280194852623539, 0.6237772886454563, 0.36795064582956194, 0.42827216239090704, 0.911842425286437, 0.30334084235440884, 0.03932607949695921, 0.9195616418436486, 0.7757583378318202, 0.6789352416622033, 0.61998068916536, 0.36217980767663893, 0.23794016711798116, 0.6207893758316045
0.6806542801632082, 0.4518972614728298, 0.7573276387819623, 0.1014270620429728, 0.879206233207749, 0.19858045252910095, 0.9328680213945422, 0.04254517039767747, 0.25624568499735545, 0.4697980094648485, 0.9548735523643928, 0.061176936182654185, 0.11809093207677579, 0.939115518795186, 0.854773355252294, 0.03126875730357237, 0.7635113592469677, 0.682491157515764, 0.4543218261615882
0.5509686043823527, 0.06680748144415039, 0.837971059513594, 0.1169072415231116, 0.892277749225051, 0.2725707507070074, 0.4615160722580435, 0.7444442514382696, 0.6148542805207794, 0.724493075732176, 0.9919879751534373, 0.6919632125029218, 0.8218421346127732, 0.10565934344370898, 0.4568713039481207, 0.5270885980948201, 0.6436799938544101, 0.24230007624001526, 0.914653419204141
0.7857067694731626, 0.951443042718334, 0.5104312574014019, 0.32486830185336635, 0.24947748031157535, 0.29731218467928666, 0.015641170797225712, 0.7724282577136761, 0.10138835778437072, 0.8550086149133809, 0.18825168836682304, 0.20932568198389467, 0.3092945068071635, 0.1761971103887725, 0.588859438518485, 0.6455346304807648, 0.49059749385511175, 0.023807139860648308, 0.6240587206509961
0.11442165978150665, 0.9450265942967103, 0.8337894734161668, 0.6243141175783948, 0.4405579217890495, 0.07184955022994421, 0.5717352324638236, 0.4322058466214349, 0.5553215435075304, 0.027997438975065347, 0.02178839924401632, 0.7422617572363986, 0.4053754481996431, 0.9938132420035085, 0.33069402756416744, 0.18958915278090938, 0.8984875095360527, 0.7690885152439509, 0.6218022088175277
0.6743924790809663, 0.11629851919099987, 0.3333065124081457, 0.1232813606078701, 0.4429541276602491, 0.6276416333471023, 0.8920487412546265, 0.3277410008929905, 0.08542351205489118, 0.01560043198812111, 0.3649583380278687, 0.5599525056039987, 0.041948775670151095, 0.036100324795373506, 0.2520396682841731, 0.9999824770238687, 0.7344296489620037, 0.8945168972782122, 0.3343439074164044
0.9987086750896236, 0.7714717144133135, 0.45382816782726587, 0.6711464496002031, 0.5132172186885179, 0.8732472526359093, 0.2760905808709233, 0.23857929984537662, 0.016534345356565172, 0.47655565608479766, 0.9513542710135767, 0.12852563629247116, 0.053784203208324, 0.9908498370141252, 0.025264552081334934, 0.9056668015146558, 0.1648607695154658, 0.2602208464096756, 0.4753945705260654
0.06608485139757048, 0.9923200875719648, 0.18334706210334895, 0.2064961156712405, 0.4192857443769682, 0.7608490023407931, 0.4716920474471211, 0.07043499152297239, 0.013354008630120262, 0.6639396796676976, 0.1438754676614824, 0.6186453991942712, 0.14323060805772114, 0.12984434240812837, 0.5768232136052548, 0.8228394159187182, 0.0031122780556385177, 0.9776368597525169, 0.02227944081208011
0.6349090856989155, 0.09151016987070659, 0.37211641585852984, 0.9467186586314866, 0.006636933424925218, 0.7109709443040709, 0.6611212726311891, 0.4660734968994952, 0.9392511329691495, 0.5045618433017239, 0.7210020638245841, 0.7642172721951361, 0.6290068522916856, 0.2137627713947724, 0.31111103534143214, 0.861967213577812, 0.694640358809762, 0.13770918899454132, 0.38780717323679725
0.6528404259788416, 0.7514615675310492, 0.45144571001385525, 0.37031082756141265, 0.5837483852073767, 0.6803494385786469, 0.20758744917787886, 0.7716539283651567, 0.2965246371465503, 0.03602770831011881, 0.9612241253896135, 0.31859098676155495, 0.21200498355676334, 0.027343786152179583, 0.13537416902135446, 0.8843713055091855, 0.9438313266878392, 0.8812938816130715, 0.9455229222724512
0.38416008106738686, 0.9492633887905391, 0.5724654948273573, 0.09094640494722883, 0.6610149025736209, 0.44514714788809195, 0.3004982026561851, 0.6771644195223078, 0.14916407683266686, 0.6585127342518656, 0.14117994877816464, 0.06991359082347581, 0.8822723366957599, 0.8589961262659265, 0.004684736341476148, 0.9993893170839986, 0.6273633339049465, 0.657279761396967, 0.07631496571184382
0.21798729289238483, 0.9874949496536939, 0.9519222735645076, 0.36252029018077014, 0.8914482263586418, 0.5130691304575801, 0.638795462668512, 0.8114395951415975, 0.7922864638987599, 0.43633216582826095, 0.7829083095108031, 0.1596378672699933, 0.23165345852917119, 0.391179949082718, 0.32562557215783705, 0.9168581865486706, 0.08245441428129485, 0.5378427626823481, 0.7237241398466964
0.2919220823814874, 0.4089178704630294, 0.9162926190395031, 0.7934370130508666, 0.9022273394637744, 0.8149307089547012, 0.2862713989214982, 0.7512020525449346, 0.6877636379635679, 0.813068130703353, 0.2763304430222694, 0.708741394718445, 0.29424801695031777, 0.1605860833593259, 0.2747553010083774, 0.017693249114853815, 0.19358683326973924, 0.5090732803873523, 0.8243920594112337
0.6017975329881281, 0.5729336718183797, 0.034831114894671944, 0.8788947211400266, 0.5811819635091685, 0.5391411614202616, 0.08182871078821996, 0.5463785974403583, 0.7463642974820585, 0.1371783900163689, 0.16239593776324712, 0.46038506966873005, 0.3853265081505337, 0.2023356625344317, 0.4955526518923593, 0.601688523979442, 0.48250338259215675, 0.8572372363596399, 0.08666187838287776
0.720519428042154, 0.8109263676988212, 0.17329773454776531, 0.8300689748472544, 0.04104842282245036, 0.9426040171180274, 0.5048484257195353, 0.9404487076653906, 0.6827755899489003, 0.7218380091937261, 0.5638024078016137, 0.7436964102046155, 0.2634463095028402, 0.24803444671557995, 0.5459293287546428, 0.5900452282054963, 0.40047192108337215, 0.8378136105497844, 0.39880632306092656
0.013760276767419866, 0.13749803270063887, 0.8567441437660813, 0.2654523215959129, 0.23222024266526753, 0.3259655559074677, 0.757562147821473, 0.1565702283679622, 0.08607732234499754, 0.18641638731954924, 0.7058437873699595, 0.8980328973936004, 0.12713410903478117, 0.12030439171402396, 0.2277748857570422, 0.19747571809009845, 0.7445281218568444, 0.4108596411741592, 0.7245084736924313
0.41304892975363217, 0.33373260546511196, 0.7644526899232168, 0.5762754781135052, 0.6199802406102917, 0.1709493971375755, 0.8958883426561368, 0.33107432140849546, 0.23175676080858043, 0.0014117956684714938, 0.09615921601333777, 0.801532441401927, 0.7767967549198966, 0.056557656422978386, 0.41637880506188873, 0.5650763019118717, 0.2560613332262459, 0.16813461155947718, 0.6340818810566269
0.4999946531042361, 0.5103316712568132, 0.44012875534273144, 0.4278253061987407, 0.6861271951591951, 0.46573352468070006, 0.8511774427939084, 0.9883074391206997, 0.14702611088594086, 0.5198551334642716, 0.4896541383360612, 0.2398118350773416, 0.20330442995258624, 0.984669192920202, 0.31417699475522376, 0.5120196494916966, 0.33985925280291096, 0.8288270999608506, 0.777852354263079
0.7550282572585392, 0.7236508923127438, 0.8702423876248906, 0.15517214684984137, 0.9103649391527224, 0.08525186293170917, 0.19725471544789575, 0.2996562744162631, 0.8089929181818741, 0.18121635789542945, 0.9147448685600195, 0.4593977799326747, 0.601798951338865, 0.5957034680824196, 0.900670520904127, 0.9529252772023711, 0.046032488624933254, 0.43531064178232737, 0.8804375755684295
0.8247697811236046, 0.3216181623839709, 0.954152452033257, 0.45103588535480255, 0.45215110008367587, 0.25160946476481816, 0.9480993648651943, 0.16760455534117014, 0.6672001458601516, 0.8277606266082932, 0.8946217749450219, 0.8410858850979783, 0.31360196573334054, 0.8057515028637938, 0.12723267056851517, 0.2354284964183193, 0.13956176792501318, 0.4688614310569237, 0.6970211666244608
0.10547008817733272, 0.9339471078042398, 0.6136901302129468, 0.5738609973765048, 0.608379704600892, 0.5795537125130203, 0.4210537676246724, 0.5299548299062318, 0.16877166058582993, 0.18388822845433161, 0.04349409815905436, 0.15426795104673674, 0.9685566338973873, 0.9119318860831743, 0.7311610303026829, 0.5723176931369082, 0.1874810465742176, 0.7591896447285413, 0.8709182716990533
0.6106634689205598, 0.5022805713656701, 0.7340893373885011, 0.9092722369687682, 0.03463266923301911, 0.31294770548055373, 0.4002978295104602, 0.5642903111636339, 0.9866037832744197, 0.22135282835065806, 0.8708650861091801, 0.7047752756817348, 0.022561142892911334, 0.11911511295778254, 0.36812139527548904, 0.43578870258604663, 0.4418297298133993, 0.9613207416284942, 0.9887457101211162
0.37398796175632365, 0.750833090609714, 0.3378423825664951, 0.2723004476364135, 0.04966422335190146, 0.4907010156671986, 0.8001450753166945, 0.4956236203868025, 0.28616282090720346, 0.9989016343199704, 0.2773729165579525, 0.5371429917025726, 0.6428133928114774, 0.44161375592384267, 0.46558995115724255, 0.4915247137725435, 0.7817619021460059, 0.1732458335121957, 0.739827243235728
0.4234976847493822, 0.676529135790985, 0.35923417767839916, 0.41133606897993635, 0.7270371445450198, 0.4150890105955233, 0.2535918729432364, 0.026919162803163865, 0.9320002923052443, 0.5602592177592615, 0.3368475031690926, 0.8679398387409398, 0.5988348187394177, 0.1889908297199373, 0.8314103206777457, 0.20749055078524636, 0.12700901664160236, 0.8935732330395484, 0.00959218073463497
0.6564784722747974, 0.9515593669316035, 0.9533860440448897, 0.5861568112425743, 0.7316896334339846, 0.8855652715163277, 0.652462744949184, 0.2860813995597976, 0.8347427790069356, 0.9934968111975976, 0.9268209680551027, 0.9118570413826946, 0.7172100866513456, 0.3237818370775162, 0.647050288170892, 0.5088891265058846, 0.6908878306456282, 0.7924350509817084, 0.09425662205136853
0.4034533650777016, 0.8698336643847449, 0.3196705052516259, 0.3784060931192733, 0.5472930671521947, 0.997493316833231, 0.10412260837885612, 0.5066334170040122, 0.7708595499861414, 0.7987838693814054, 0.2928892486101259, 0.180974167028236, 0.09113465562290646, 0.11833167170053249, 0.4307780811132065, 0.4612982368793668, 0.14691610900286078, 0.5036114918728966, 0.5692183874483859
0.7773864333176111, 0.6524576465844258, 0.2645615993483247, 0.018079326457853373, 0.9907400518901797, 0.2806002812717817, 0.9818477983847056, 0.043658393327821954, 0.005985572786119886, 0.13407695333677094, 0.48375272372345857, 0.5140388044692182, 0.5476684382513834, 0.8662623845769979, 0.31423606935789006, 0.7452166672170661, 0.5779372751065476, 0.37118331195847243, 0.2977817482853673
0.9211586652941736, 0.4007223411341222, 0.3837730531286414, 0.8782765399151844, 0.2761969479249975, 0.6294732943043047, 0.9706176243967963, 0.08890205460067147, 0.03702600770441089, 0.21239074277834546, 0.11858839558024181, 0.3671122086295322, 0.8891141063148557, 0.03737925507054185, 0.6617225701649374, 0.470576353845765, 0.5900197308657443, 0.36533715249032916, 0.026177596155125604
0.18571464606331656, 0.4099139142364667, 0.4843143411781733, 0.5570432438470421, 0.8121702923023655, 0.9939560930659281, 0.6156283586651812, 0.02272730416870894, 0.22670319340431833, 0.8016514164554147, 0.41599215345301876, 0.8331106940815772, 0.9958800828877732, 0.5477758763384882, 0.16604004831940344, 0.6445262513266934, 0.9708608540739502, 0.3497692410123263, 0.2139942322933709
0.22407502690441494, 0.8510308738621473, 0.8161821300195217, 0.5858171820271763, 0.3558224987276435, 0.4555562228666705, 0.1258098325671615, 0.7569247000911196, 0.13777316884222268, 0.8989230519139968, 0.2900559237010786, 0.1674298713823913, 0.029706343423725246, 0.01821034127794141, 0.20949583788730475, 0.4971072532513898, 0.5837359985858527, 0.9857724106320045, 0.15506457171968646
0.5211708302962006, 0.23365525654054642, 0.182269803803618, 0.3011851631063026, 0.07540128173715044, 0.6786067661659255, 0.7226527933321643, 0.07562856905107063, 0.9807404772870129, 0.7098125036529198, 0.29170500792230625, 0.8691692863933391, 0.13655740598189225, 0.9307856203167234, 0.40852223853887704, 0.19191694157595618, 0.6922531158754702, 0.32182789575737336, 0.1944535366110267
0.5701062607200476, 0.852762877748039, 0.1332082699234426, 0.6171541475471545, 0.13140307683556507, 0.9380305430010472, 0.5572227907832353, 0.8548097418633569, 0.4655382073421427, 0.5310216708282409, 0.17386477320556093, 0.8962203315502016, 0.3751558684710111, 0.5101432062408737, 0.1782459492826698, 0.7782739425319966, 0.48511325047876186, 0.9169131842224356, 0.47185576625227565
0.0034878930147573817, 0.15067251842537432, 0.6343210790429887, 0.877868911033708, 0.7017002264101455, 0.8783324890297668, 0.17944398881841372, 0.9131306979874292, 0.6117627809834114, 0.5892578026642775, 0.6620694700051684, 0.6599467250434735, 0.01418544492460605, 0.7172781902377103, 0.46412768860877285, 0.5106300597891231, 0.35019442110564725, 0.3456183642819094, 0.8000035433574222
0.5908968968695822, 0.5355231294252137, 0.7030330340656952, 0.3075059538197005, 0.7769236978779873, 0.3123245851028449, 0.7562979578325357, 0.9325494794691128, 0.3872236794371239, 0.08174716367769264, 0.6573534191478332, 0.6708334999312311, 0.6963965419738116, 0.6917798929088471, 0.4008501414652217, 0.4851969792885069, 0.8676401454488321, 0.8690789507884712, 0.9931044673749821
0.4871501534979221, 0.11368317925718652, 0.007823340449934268, 0.26484761459786765, 0.9374523251193542, 0.6346760741811105, 0.7096086058914732, 0.6841068023068333, 0.1738005607768175, 0.8693688403442168, 0.4689194765602157, 0.6669639655030584, 0.43208455778664423, 0.5045838618740215, 0.9681925906609341, 0.6710790096496132, 0.1979944416956908, 0.7940005301304525, 0.447230162627682
0.8732730648942288, 0.7648836144827593, 0.05993086810327031, 0.916599239445737, 0.6307484541578787, 0.07116650364003718, 0.18514746701824625, 0.03831997708177992, 0.6656220361233278, 0.7547341987546689, 0.046422097192109435, 0.5893356248248186, 0.956445680110819, 0.31645394961534545, 0.5405051754273833, 0.20120471603678214, 0.3639937282177125, 0.002861071812076732, 0.25911226389202524
0.1746548325253845, 0.9289498575823114, 0.4660032574525059, 0.14465499925023073, 0.2891030810247448, 0.8079068539012594, 0.09311282484981864, 0.1315086159735145, 0.9105676248240573, 0.9765462051270364, 0.756212535294388, 0.5468504157286516, 0.5041776089484764, 0.24005366396957428, 0.4043178700558604, 0.8275400171271241, 0.2708504589231461, 0.413328202161109, 0.6687127706350017
0.05999155018559421, 0.5435733893149255, 0.2157583634029029, 0.5495445810135371, 0.24985439042255841, 0.7626803227118336, 0.2292360198474661, 0.003521757212963772, 0.7929974004377819, 0.607603062178299, 0.9601590026544132, 0.12038761020522804, 0.5640310937961462, 0.4057469868675422, 0.06877800603349637, 0.6299443769096217, 0.0689153880692035, 0.7703467518415563, 0.40992650808376696
0.6395066044860966, 0.08174279445187627, 0.5100364326952931, 0.5668154578442786, 0.5012482415502767, 0.41783258591676065, 0.23452148314433396, 0.3342071111253597, 0.5939782437297021, 0.8612746289343803, 0.30636325596936076, 0.1253237172514733, 0.3729140573711155, 0.663562371324097, 0.5047257767222781, 0.4450427269521263, 0.6783814273975198, 0.9604277692493574, 0.12023836263502752
0.5154206730744965, 0.7296342416106364, 0.5125254357881421, 0.18741872004891968, 0.48484360301844387, 0.09441188784475751, 0.905214089677771, 0.9880212878298797, 0.14922502976392105, 0.9917209395126255, 0.8213695096061189, 0.1673605392471561, 0.23251537661831922, 0.3628448138415544, 0.8982748033167105, 0.2764476413941822, 0.08014306400805549, 0.9494526555915825, 0.7337901647705656
0.520011086692803, 0.24897541859465544, 0.17678435646964918, 0.4077836729138823, 0.9582203964808677, 0.78875652763398, 0.5191894852847797, 0.6642826642291567, 0.025300178942552987, 0.3274910179141577, 0.7545281137888673, 0.5820847513407988, 0.5580808050857261, 0.9020073342400098, 0.31520089618980873, 0.10922549250936775, 0.16617431592792398, 0.25359781600064424, 0.2843960575864325
0.9597141148214275, 0.2956730887302286, 0.988061541216212, 0.26392150342030707, 0.6538332170767047, 0.39235589657567005, 0.7246775945587142, 0.10398042172426902, 0.09986190425284469, 0.7971330249119802, 0.08016210510810506, 0.47769087732828464, 0.8212540383062139, 0.6473442197475383, 0.9385541432399576, 0.5251594750303593, 0.36031815159074565, 0.834511394101434, 0.2967250208896237
0.9025615672962749, 0.9071962292499635, 0.9824694286917355, 0.06366310308147305, 0.5709647328634561, 0.7047325570348159, 0.04966535791245308, 0.3616738232838095, 0.2027485791328193, 0.6017434333446867, 0.9014327758381628, 0.8684739929730373, 0.08422326209418907, 0.6202662040360105, 0.4297110434532424, 0.15010767233687095, 0.6017197860542635, 0.7803694375721772, 0.18037140086068604
0.06261146218318359, 0.7244037567156385, 0.04772528887233185, 0.09526903501655148, 0.6965470204986542, 0.1630798144413632, 0.012088110288318799, 0.9320117066226828, 0.17521000826675792, 0.21367872241738595, 0.3074609776752667, 0.09212243691706867, 0.6774943224020297, 0.9916069034041892, 0.6724187488853829, 0.6793527574106559, 0.5962771110912326, 0.473930457861784, 0.3080983770776664
0.07536376639391429, 0.5143288372867256, 0.007434085572952331, 0.08165225943260801, 0.44170406535359774, 0.33087679183400165, 0.12730341942603984, 0.5071508809690817, 0.46836262345055946, 0.4521071597840802, 0.8213125495825222, 0.6240585554312468, 0.5356621826120502, 0.14920495635073727, 0.953736722830352, 0.19814863515922465, 0.1955643775416328, 0.11365850234948771, 0.2299621824704965
0.7446598366208622, 0.2752998539861258, 0.7337955820505626, 0.39705097756416785, 0.5548232239492266, 0.5503571808286284, 0.7780217902462719, 0.6463381845527797, 0.6008711275682068, 0.058929346232768465, 0.49048631619178207, 0.910544098233869, 0.2578958809431241, 0.9196177504880141, 0.23657301809045084, 0.37052238588089015, 0.9183695235632051, 0.8962240219619977, 0.4219831415007005
0.7559722670719526, 0.6814662885655809, 0.6251184081239485, 0.13341700649177146, 0.7135941039338868, 0.512565220445845, 0.894755598696602, 0.9097501199544746, 0.07923872790082864, 0.7958895215183925, 0.5159854186678959, 0.14426449760917082, 0.9219545188298289, 0.7878202647032033, 0.14039488610785322, 0.8895660641559959, 0.3349312070163253, 0.12195028223594528, 0.5402606789245518
0.9053748279297812, 0.6812798803302405, 0.2882754553881679, 0.08372206360452539, 0.01723445199078033, 0.7788156940034836, 0.3076631479622671, 0.3074250678723647, 0.08481467896744554, 0.9047885206372221, 0.3673442351025278, 0.46287087923678727, 0.026148470978746285, 0.3785531974932421, 0.0344184449825401, 0.3720907139342172, 0.5112875784687798, 0.8727261441269403, 0.17615249331304816
0.9998555353430064, 0.6997277341349071, 0.8751201186689056, 0.12285398057876096, 0.33517615348890695, 0.0064060194792544545, 0.34108083661049204, 0.7471184041173345, 0.6866495352213573, 0.6812586666450862, 0.8754714659761119, 0.9659835312569378, 0.21121912310930813, 0.20748455008449018, 0.26283454876192647, 0.32341561598277646, 0.4323164004506108, 0.609684624756528, 0.3649998518386991
0.3639995724510654, 0.49245807137635755, 0.7511903081521847, 0.7860112731486246, 0.2697664335271599, 0.6298133421451323, 0.011462753368575607, 0.7355410613069362, 0.48351606664505764, 0.4311288227840704, 0.9797313756175727, 0.8691241976371226, 0.009225464854406118, 0.8165167605067244, 0.2791780467787912, 0.9694670280675359, 0.431305079904311, 0.9441263219685513, 0.19006985754790462
0.1955911066104289, 0.8449973664120135, 0.17629710977131707, 0.5594282137925539, 0.0032385080242072206, 0.17538528277894294, 0.4186359477733874, 0.890273736215309, 0.08572763157693009, 0.3975688885963734, 0.7743949870610364, 0.7327042147664088, 0.4789217112137053, 0.44530152132016687, 0.5623951192325288, 0.4790260729651691, 0.9916504672774372, 0.0037372863318856364, 0.038081581948415266
0.6081989577110442, 0.23254215476595652, 0.41269232247268905, 0.048666439053962285, 0.7344291407603929, 0.2304602140954325, 0.4770382907844547, 0.5054774280695686, 0.8678270222420639, 0.25894148457636235, 0.5233470526051043, 0.4179353149526437, 0.7921701862873802, 0.043409127428491234, 0.7202334308929981, 0.5000103997641353, 0.02065716509296711, 0.49188719705016004, 0.14063013128769775
0.2538341948182533, 0.17146988191242696, 0.9059832573634424, 0.7882461033353754, 0.43240708009520534, 0.4478665439699412, 0.6092536967825108, 0.3619124485038382, 0.8008623313705631, 0.7803707430561416, 0.21128828366331587, 0.918555654905434, 0.17488192475810138, 0.17910800087210832, 0.19188457387658797, 0.10568954635439276, 0.2688459346474731, 0.20591842931886228, 0.8380355310063183
0.627489930524515, 0.5600569944624518, 0.923162525687555, 0.6151973591371258, 0.9028890872402555, 0.9954212805817919, 0.44828752094475666, 0.7931084141118091, 0.5663325676647504, 0.24433177856518007, 0.5806973391682542, 0.4672324939449184, 0.8641199897530877, 0.04683187826254109, 0.07900440547470278, 0.3020076026902575, 0.5059069383291445, 0.24238172997794272, 0.6743372229460585
0.13294307071396338, 0.008571504833097099, 0.9816803361676887, 0.9911596566633755, 0.6055922484269136, 0.7742091859893894, 0.5618254768381552, 0.4657404454629971, 0.8435314818550312, 0.16839469494987502, 0.33707273185977005, 0.7743603252390987, 0.6348029211053129, 0.43911781314889375, 0.4171862040048523, 0.5013718705484361, 0.15721902336339044, 0.9152302358454584, 0.838516224990278
0.23661924069152407, 0.29996976016092036, 0.5932081365317982, 0.6239921577082171, 0.4076003303279859, 0.6988076935876757, 0.030369584769694424, 0.8465941546127709, 0.18386317249175033, 0.32789082253981217, 0.9159332689833979, 0.5896185033641087, 0.8800253396371358, 0.9788712825042412, 0.43752970392235657, 0.6250050320032278, 0.9317533311859422, 0.41487008921881674, 0.24723998596845786
7.18389448198e-28,9.63387532034e-10,0.0586219778602
8.50832398345e-30,8.04689148032e-10,0.103888814231
6.94275953058e-28,9.36388473294e-09,0.561522099711
1.03407237566e-23,4.4405792034e-07,0.911826676006
3.04781297064e-24,2.96475270129e-06,5.20668684794
6.34425908267e-20,0.000109854255826,10.1228821303
3.06291642362e-16,0.00107172309022,8.99150642274
1.69287503897e-16,0.0261278099616,16.2137445741
2.41488565503e-10,0.289189200113,34.1339740482
3.04917848016e-05,1.326897888,5.43218073994
