$x1,$x2,$x3,$x4,$x5,$x6,$x7,$x8,$x9,$x10,$x11,$x12,>>f1,>>f2,>>f3
0.15401901317297695, 0.7182357725604956, 0.8894135815369095, 0.5730841670273856, 0.2682551334128853, 0.9355375225625686, 0.04825245074983964, 0.27283133392254466, 0.3329847967362356, 0.9327246162466862, 0.4659884700417596, 0.23594148124599212
0.10043513750832322, 0.8976056253761298, 0.24339552487372396, 0.47772698574370753, 0.28049896655504847, 0.512647587032782, 0.9696546512312975, 0.8032086398055025, 0.868478993363579, 0.26533549538279, 0.6663755806480985, 0.10820314162937239
0.6541710396456558, 0.44890729707451094, 0.44112614576833586, 0.6052460433591115, 0.6369022256334179, 0.396246615704534, 0.8712042814495982, 0.14780662544621137, 0.9867699110326416, 0.740051825352006, 0.03056590440076068, 0.9045313912405021
0.05091076186852517, 0.8152346790798489, 0.021000722563290775, 0.8447030045084883, 0.6925422980576528, 0.8770123384343849, 0.7768777149925385, 0.9014156147806637, 0.9811402906136746, 0.25048550073794773, 0.9973998643085682, 0.6372452785064002
0.9438021145045964, 0.8652598854900873, 0.45942009884027135, 0.3913574504610873, 0.3033672713738431, 0.07358672809526867, 0.09354660082564092, 0.7374765219988524, 0.24124686838168152, 0.3857976889109941, 0.4276756580341071, 0.47931351401588995
0.9708084211225929, 0.9738349560731367, 0.16875263003771612, 0.4158375960960268, 0.823296156491899, 0.2570007030835568, 0.02545427071832007, 0.2191400776689375, 0.23991882482135685, 0.7206579083920283, 0.6753990693640306, 0.5754803182764813
0.6557446955680476, 0.6656989538279592, 0.4183667293155955, 0.5195869050246356, 0.9705724853475038, 0.19573520936054634, 0.2877483925494514, 0.8178150058532639, 0.39539479907183395, 0.6449351481521075, 0.5037522240464102, 0.8835260017610933
0.11269757726017704, 0.8179711541279671, 0.7069251653504254, 0.14285121524078503, 0.9311763573175971, 0.9970360327189064, 0.884244987498763, 0.1715865583939813, 0.4630282728565126, 0.41397775301220396, 0.4719700761349829, 0.7927202059188553
0.7453679133140126, 0.34686397298550464, 0.3226238621350268, 0.30023497794941467, 0.4681710211402652, 0.5350205354374068, 0.8394455999961032, 0.36952237725615455, 0.5301377542213386, 0.9074522980939158, 0.29187951549655033, 0.6007797958416529
0.7707635339692883, 0.4359318572398879, 0.21821288855044108, 0.7234168236544318, 0.08615338856453181, 0.09753233145142848, 0.8087318908799428, 0.34723165773700804, 0.38525214892506343, 0.39862219323752623, 0.038922294767922416, 0.990027826703043
0.3155614043868469, 0.9279997602412295, 0.9573135964303986, 0.12302659952170814, 0.6438853920594856, 0.11898127962691019, 0.33249090848705065, 0.811825746839382, 0.8021833352340603, 0.09828370240311479, 0.037331422289949456, 0.41815944215333944
0.6208664254516081, 0.6698493663920249, 0.6072017202334681, 0.15980768171068904, 0.30688065253305374, 0.48157319489219397, 0.9245188189849831, 0.4858976697612791, 0.21739718384831463, 0.21827136185918328, 0.3618249812346872, 0.43072907986092734
0.36105120025996973, 0.9667033055103526, 0.6572523152941874, 0.41117792365894335, 0.9780830985168711, 0.3111214807259274, 0.4474124410334127, 0.2548246571371623, 0.4178418724322719, 0.6797071755345946, 0.254664842225528, 0.7239080653616093
0.8372964400508108, 0.8916161499162784, 0.9401409037095667, 0.040881972575437575, 0.004498390768027161, 0.34529309641495565, 0.7454777151854052, 0.785527920896861, 0.1359810201281486, 0.24908977292952317, 0.7612889664096538, 0.40546247569896543
0.04788457683814262, 0.07470171998933905, 0.5048081903222151, 0.32603854527543963, 0.09768248596522688, 0.6152021085597251, 0.07337670607810742, 0.7209978278096888, 0.7054549928684003, 0.9060016016323366, 0.3012569688811957, 0.9177547861707562
0.9575511296493301, 0.9997290784602507, 0.5153749846633836, 0.2826019578342578, 0.6122565533437815, 0.8574654227211904, 0.6303809281974254, 0.8104599252584114, 0.6036898283298238, 0.1746927250178788, 0.09279350378352957, 0.07147617244266546
0.8306016866307997, 0.8993261039720069, 0.47535975115464624, 0.18503154190861437, 0.5033083934330741, 0.42675132576683417, 0.7662210741938307, 0.13265973822169286, 0.9071000147613927, 0.10074059204973695, 0.6174155312982773, 0.8484612076259044
0.4443343465572699, 0.11345016183925416, 0.4294740305247071, 0.14396195952255098, 0.9494325727209837, 0.8147346449630759, 0.8335676513437655, 0.4745094190367327, 0.7085965782643848, 0.4180198370116105, 0.313070826509963, 0.9862556550220691
0.6531585534180687, 0.875070234385705, 0.23968549676623885, 0.8759922158125674, 0.3379149684356111, 0.48860258954003666, 0.7450307694330187, 0.45144262854368344, 0.6251384621423157, 0.1674277223852404, 0.6970255904266769, 0.7128173556915758
0.21470787246527512, 0.2335145470002158, 0.24605952852111057, 0.7311526721071548, 0.9033862937775996, 0.6088606195049039, 0.7282262197813788, 0.38217498991828835, 0.5208516130656283, 0.44871385829262533, 0.3328224928707829, 0.6461148926622692
0.46680829419344294, 0.3316416704373317, 0.8931095496108455, 0.2041531108789134, 0.26257009888422866, 0.9210071488230444, 0.16838055802543994, 0.48687553142025697, 0.6091321463677867, 0.30585424679625584, 0.5525066738901278, 0.09186896586295579
0.1486544392241983, 0.258558616880598, 0.4299182005047294, 0.7163142187240323, 0.7755434403077138, 0.44395705904302396, 0.2984538967349579, 0.3468855650468332, 0.6256165661553058, 0.5993228236724851, 0.3892541072788641, 0.07007701285746781
0.19208770439256606, 0.5431209240774755, 0.17048307150559439, 0.3720496216199115, 0.6826160586860761, 0.5239226871776757, 0.32707211936871183, 0.8569029480801929, 0.9911828580766718, 0.03966017205728234, 0.6445169647718538, 0.4455190196785328
0.35355926538252824, 0.24760841889376062, 0.6590080187346046, 0.5437225131156557, 0.9860035667145901, 0.6313218474678003, 0.6529063427132452, 0.4601352637493523, 0.8000263291096756, 0.42735981691637015, 0.07378290881771221, 0.8261245442981535
0.40654317756353664, 0.10170965932520004, 0.3938297853312641, 0.6724801404783114, 0.5642641142814195, 0.19569999665329996, 0.7631661333402774, 0.688018943491079, 0.6735216920471548, 0.7350047884544346, 0.30801471242254663, 0.5500067031779611
0.3920952882001646, 0.6609839111376642, 0.6898294260642661, 0.025898770076003164, 0.9293755774855572, 0.9188235149420046, 0.5960966736335316, 0.09529882199446782, 0.8544990120376326, 0.24820348852132157, 0.41627514801595933, 0.5246799096296085
0.5877827639665482, 0.8398959937041334, 0.15352283677179168, 0.8157549909843039, 0.6158975936847795, 0.35162135449173293, 0.30615795842179605, 0.9327175116793702, 0.13775825475026926, 0.9214693067853664, 0.8707723642896978, 0.7885467583481668
0.053268258928050205, 0.8887939552146232, 0.18787978507870373, 0.27433244131476753, 0.43040534716139167, 0.060150729080048704, 0.14492547318324367, 0.7762356122919395, 0.499621969922067, 0.5885120311390968, 0.7026260274326206, 0.04477620319708464
0.2948314726168698, 0.15018724027301122, 0.2606495657506013, 0.6844481356316032, 0.9939680898112101, 0.9391742137903466, 0.5160133303558146, 0.2378476786817152, 0.49438774772126937, 0.230466392593778, 0.18751026425279305, 0.9309909907986303
0.1456782388435608, 0.5403953462834681, 0.10208774603788873, 0.056989677000901406, 0.7717450366922548, 0.31589894764558124, 0.4287169628657094, 0.45782106647355236, 0.004697031799525853, 0.4570297577932628, 0.46723272935012994, 0.6244826862646189
0.05877248736168661, 0.69047112910105, 0.3502793975801355, 0.3190238244762015, 0.31887368552939876, 0.7308265472840224, 0.1061076404852257, 0.05965777690406904, 0.8844367551870601, 0.9721670403615162, 0.6651998778044196, 0.3166826140557162
0.33855328581406685, 0.7182293671140337, 0.05037645705775984, 0.4915736732299837, 0.08103197780687832, 0.13328230790629647, 0.8170535590460563, 0.20374361712713895, 0.4720639088140761, 0.5035767863079282, 0.03312289943631952, 0.7595270291362543
0.8365619306747506, 0.543840622991872, 0.4815957235241257, 0.014562505133597692, 0.1919488613201803, 0.45432966159603916, 0.7345391330104398, 0.8724262878158724, 0.7806336556146821, 0.5899010823373039, 0.95735807379732, 0.01566210688943448
0.4261084337401855, 0.6720086553730746, 0.325569654288568, 0.7030578763731046, 0.8325172581324448, 0.24592087838861332, 0.5549782782817542, 0.7495404799971912, 0.09564948011432473, 0.5161387174293489, 0.3493716543735401, 0.42622820396612704
0.019258639271762634, 0.4082269168141315, 0.2337011042569298, 0.8750715659131838, 0.6032960175579134, 0.6877417510711479, 0.14967305666425956, 0.05577839766418591, 0.8837379749717961, 0.9073615823956959, 0.8906485974406869, 0.864095125990142
0.4463694264391349, 0.19066354740951652, 0.19208962851239308, 0.8410450807406867, 0.7507367143531894, 0.05932573193812918, 0.115360969243542, 0.5961356363885958, 0.7280535550911711, 0.9854079439182304, 0.19075874727541375, 0.6347803641069256
0.21695261957999068, 0.6254649784411614, 0.9224718027530606, 0.782057525916869, 0.6252151377848822, 0.21563094132899963, 0.44604630066484907, 0.5297454028799232, 0.46998507787293653, 0.29081970054003503, 0.0819628301129891, 0.1392496136839112
0.8220690754630455, 0.9450237770658082, 0.3186943873658439, 0.16147677625544943, 0.5762450868060173, 0.34211169187670865, 0.343054056020049, 0.9938400127468059, 0.8308262893089828, 0.7027977012544573, 0.9091941055764831, 0.4390147835350059
0.35789730185561486, 0.6250567699122719, 0.77279618688798, 0.9126661468174132, 0.4899265173979833, 0.7673271229005335, 0.1505893980874653, 0.4981862702271487, 0.11250240009812329, 0.35901598447260163, 0.16305082220862832, 0.8160747975349628
0.029505947256551313, 0.6785149394558005, 0.01807776493001878, 0.4168943605301364, 0.13956210041560546, 0.23243550660264145, 0.20935438979791499, 0.5347822520745968, 0.24242538149757342, 0.9913565983680651, 0.5000289942225172, 0.2986623842189202
0.2678188454276178, 0.7960265737316289, 0.39651118151245623, 0.504253101702195, 0.06913300863782801, 0.061239039006176665, 0.03114744845112727, 0.9610814074025559, 0.31678424369925784, 0.44121920167172934, 0.6495074347951555, 0.6217115982984512
0.05374066502586283, 0.5766416019217151, 0.5682179534019416, 0.471183921801147, 0.27381161049808955, 0.8746232839647031, 0.6360208170000107, 0.09825317635269393, 0.010842953166405045, 0.7907944196344151, 0.5739752766100432, 0.9321331599924363
0.9539330662709066, 0.49841377412786225, 0.7742903764407802, 0.8517051341832828, 0.14218558749158516, 0.5666802220674295, 0.24502956222074657, 0.23092705769017507, 0.14036896638239504, 0.9764047212561989, 0.34494568320043373, 0.2884637810687627
0.5842236027036236, 0.7114098293725291, 0.6532139011473742, 0.9305404453629006, 0.8192290088930874, 0.2862157468999864, 0.4040402337685116, 0.45950291814036426, 0.32191311738193296, 0.9393372296921108, 0.10521260203370997, 0.5506643587109661
0.6553865727522604, 0.8595409256119618, 0.6011332445858014, 0.745388187150552, 0.9988869216962252, 0.9514732231821292, 0.8613183504210771, 0.40096420953941037, 0.46879532674774493, 0.5571365925895329, 0.8100342070852097, 0.5225672932726296
0.6809217926578326, 0.4522057852498813, 0.04166259110390835, 0.6753164858133662, 0.40207891331715107, 0.45992439030415344, 0.6262056476959381, 0.20227430461579854, 0.9771606472882118, 0.11227330880054276, 0.8522032248552552, 0.7406030301891918
0.7649025079014695, 0.9789717621253539, 0.8461169033726913, 0.4490928698912543, 0.21949356374025109, 0.04587454455084139, 0.6308483260050761, 0.2427005679636829, 0.5680774946360897, 0.5220748904037616, 0.35193339903459986, 0.5665650632953867
0.2520189447761072, 0.7832556591368963, 0.7238671841696243, 0.579322513630578, 0.9739304399188026, 0.7391126192300747, 0.12436006049973669, 0.048674313696414284, 0.23767712012547704, 0.6520216457028064, 0.6195427127656092, 0.8155513489201257
0.8579602049949592, 0.33852494444247194, 0.7424452388544813, 0.03048548861143585, 0.8046107257223629, 0.6000802881082409, 0.9801919170392206, 0.575281977911339, 0.0013738523808203285, 0.4157810229667571, 0.24611938229442532, 0.05385326325138817
0.8561211018243348, 0.6052370474752033, 0.8841414529855405, 0.45933026513749065, 0.8147580797854889, 0.7641633738787974, 0.8286743777074886, 0.2818509084965206, 0.9151016783761379, 0.8957441821875909, 0.7411747090940818, 0.22564489070022964
0.7538437863381088, 0.3992295581187766, 0.7724165500157836, 0.7651296904947287, 0.7547204543452205, 0.4608342638227765, 0.22709145799602704, 0.7582410367257413, 0.40147511961000026, 0.7091474576474556, 0.6067740786539918, 0.5915017716289066
0.8608152047562088, 0.12230044834375187, 0.5934709178332972, 0.6195904162117735, 0.0426703795348824, 0.09430008161862269, 0.5756081042548904, 0.7391793750484944, 0.18060384391166462, 0.2509468252130993, 0.4952523680407339, 0.0013329706509231931
0.3306262200593646, 0.13335337521327695, 0.8053122151014254, 0.7310656443193462, 0.009070433234857012, 0.6698846405213357, 0.516429456240828, 0.5985845233964909, 0.6313245273936593, 0.9775438405633664, 0.006220781323225677, 0.08890424634106464
0.03795039775607101, 0.8128128006478559, 0.7185733953168186, 0.14964689091284, 0.14424666295967636, 0.6165369343232584, 0.6753392260740367, 0.30927524677115337, 0.3777717961300595, 0.8338992512686396, 0.829290064875117, 0.9535272430787188
0.002893797061819914, 0.218077303218569, 0.8572068572139899, 0.10526855847026162, 0.2783390078671142, 0.5862223784511464, 0.5538174576709303, 0.04344801576688018, 0.777900398952447, 0.0018119853054050505, 0.249096936287579, 0.4110221644505635
0.22419857251427888, 0.28762673215064194, 0.330732032341979, 0.9722305312430366, 0.895668048120193, 0.6745095230416603, 0.7666814931451053, 0.5150453384251933, 0.4853032363044676, 0.1049481031338565, 0.9432382343318259, 0.8942645153615585
0.1877107498780307, 0.8564324495121156, 0.23652298879902178, 0.8588721572904541, 0.5572226632879116, 0.2636315234557923, 0.7032703924825692, 0.6256155403761604, 0.0009385023326450304, 0.3694818437834456, 0.044183334088614745, 0.21661854480096665
0.48457117782575365, 0.16841138535048106, 0.7501243763133596, 0.6158503112823994, 0.3636913131954993, 0.34182792834159503, 0.6161638350297919, 0.3276892517579032, 0.5451944204552474, 0.2285437626826169, 0.3700312485552092, 0.4045800096563178
0.2118991708293546, 0.11480291403115295, 0.7158585669329401, 0.9104597502543126, 0.8283340130720249, 0.6798690982513398, 0.6394418326160499, 0.6150896769527456, 0.508373343186205, 0.926667844411477, 0.36782909425581944, 0.7549024182569203
0.5639235372086987, 0.9032694379326057, 0.8671661465934017, 0.34858878050677333, 0.21783779167318817, 0.23573899603936543, 0.001454734694073534, 0.44047999018886996, 0.4537619468564763, 0.5072116673907402, 0.9622807645945299, 0.8684541226250766
0.7282493816376537, 0.38178685944439905, 0.3194290281482042, 0.5122374103823603, 0.6774416963862575, 0.8861007236612056, 0.4628341988750664, 0.06796700015616208, 0.7752753605335221, 0.21511616605565353, 0.7700029679987359, 0.5557950415244163
0.6001499318711035, 0.20873887989339046, 0.6165006134817526, 0.02503636843360002, 0.6665199785610262, 0.5713455221788539, 0.845470272081972, 0.7375218731024612, 0.9387346713484533, 0.28712702241257326, 0.876375422353101, 0.06602826672040729
0.45951497567528077, 0.6669181727454199, 0.03850134979393083, 0.7585260442464271, 0.2714284031365082, 0.025615220833933527, 0.5339848370025311, 0.11992789505594126, 0.7286711981418039, 0.40744883099727447, 0.29603180021436704, 0.13921781064611072
0.3025152821533017, 0.8013915751555196, 0.578416563687966, 0.38741394446729627, 0.5603663610804699, 0.7553334823633702, 0.05530448147731981, 0.2726231638804343, 0.9153090036761939, 0.4385866488576363, 0.15015834073908563, 0.44735204408042706
0.28337031915695166, 0.765216654882439, 0.6164695512771473, 0.613017858625178, 0.9799928205628592, 0.8711005991628951, 0.2451131033956453, 0.29908607576154866, 0.3106216105313925, 0.28387748691757886, 0.6464104571306201, 0.9536016100808956
0.9060984083111276, 0.358152596212693, 0.31531632260875064, 0.664027103329046, 0.7234510773866715, 0.6708283575766388, 0.7984040228137508, 0.1882327853655058, 0.5301841100266406, 0.7274369497350964, 0.4360370109810505, 0.6539151665299648
0.4775760520283353, 0.022425251022391568, 0.8419684101073166, 0.33159749262136484, 0.6135501112193268, 0.4086519429427714, 0.06286871642601932, 0.6691615244517137, 0.5948463938492777, 0.6693308313520752, 0.6628120843121305, 0.9488544338928064
0.2456531036957369, 0.06089000918392051, 0.05999401434294771, 0.9754681037037921, 0.5569186655694605, 0.973559333659975, 0.09960731885201679, 0.9099072189711984, 0.9180322148053178, 0.5720644683782262, 0.02632282378884987, 0.7819723658543632
0.48733016357315584, 0.005450869787097634, 0.7830472054359023, 0.5267194295524169, 0.1922210390401229, 0.06811476180329734, 0.39800412186969125, 0.9300366582600563, 0.4468357180404765, 0.06037110758914577, 0.8072826119641271, 0.06758054283368176
0.03769196551746756, 0.26373667069544515, 0.7783690777950836, 0.019275270269264455, 0.7207540863069026, 0.32848398667934486, 0.5098056652192557, 0.4815174722133474, 0.3235756180195781, 0.027426376845078426, 0.45307619064314597, 0.4316768601340063
0.4479062650474255, 0.32808332518454475, 0.10019696705506764, 0.9698788915923975, 0.2656801795938274, 0.9066977826299395, 0.5692279314367674, 0.16024095040215014, 0.4000273765657434, 0.24097132360631335, 0.15856934487586993, 0.22815600391551238
0.5597788703006554, 0.694558208479613, 0.7110965732901628, 0.8670965385983885, 0.5226714415983162, 0.22403771749816137, 0.7305806520968877, 0.5857970101773039, 0.9218086395316047, 0.5227382079545905, 0.9703136315879022, 0.20357858612630197
0.793089632355703, 0.6509977681004918, 0.23253816929893267, 0.7559600045376524, 0.8053018319512224, 0.4385621196474905, 0.9862740794376265, 0.21233295142711395, 0.2680551154062548, 0.1858161001798403, 0.6341843988213106, 0.3046031107503838
0.3778382306363083, 0.045635921625851616, 0.11054482297431467, 0.9891059929563363, 0.7085146990513294, 0.927451073291674, 0.10386476482038176, 0.3092389710721355, 0.4384511711083312, 0.892732934252304, 0.8021887721945444, 0.5520714642979623
0.5100627621509923, 0.23509071740577114, 0.33923397188904836, 0.898218760915752, 0.9007237423680439, 0.8620994280329775, 0.02233297826922187, 0.4617579089561733, 0.2715796394042117, 0.8394060686835403, 0.5498501601249246, 0.3185488324246214
0.6552188140244097, 0.9236801266494614, 0.6615760086022063, 0.41530489450164976, 0.9075157502226603, 0.5257068675520599, 0.6513216704804999, 0.025844065435204455, 0.49675533370998337, 0.1093984122412548, 0.16234420500745272, 0.9453963286087149
0.898629631138491, 0.9899479278701955, 0.8809460350159642, 0.9363229302237752, 0.14777464037370924, 0.5673830748855063, 0.9947292598475154, 0.2573106532715952, 0.8911427926511246, 0.6440454499053757, 0.21938744919109676, 0.11561304326361621
0.3413526745568094, 0.09255624772823456, 0.6950414925552197, 0.4943265720545339, 0.5535725625683804, 0.31630158703916333, 0.06937143530388268, 0.8748860779939122, 0.04995188489029978, 0.8714628534130237, 0.32139959301993026, 0.531756011674537
0.6351807545767588, 0.1337657453567458, 0.9315024745381818, 0.23955890734329843, 0.34849552671738715, 0.2403263917195655, 0.8358286591185049, 0.2675427847858911, 0.7890403298224417, 0.5628034682216574, 0.7798632762474694, 0.5296693242792235
0.35643801290758736, 0.5710536160487545, 0.29585920722812886, 0.852947796441715, 0.5508331214864489, 0.2515514035781241, 0.11571169676139925, 0.3950206227762094, 0.6445130053476851, 0.9086598760435415, 0.07984750540797936, 0.09932449731111725
0.13407307491936238, 0.4901648702907728, 0.029627114441554636, 0.15103615735146048, 0.14633426505290625, 0.749476499763568, 0.0861619088835952, 0.39523867984025296, 0.35881497812528196, 0.5103664377451514, 0.818657344324981, 0.9302962275650924
0.10332613358941467, 0.7390482061795652, 0.7312148087899438, 0.36689833405200867, 0.16431108845040066, 0.1661462747047764, 0.6633088477560735, 0.26016882305700595, 0.5137833297575952, 0.5482549597765112, 0.6859808776415879, 0.5675497617465751
0.7623299714826985, 0.6980846451186887, 0.6659012441077237, 0.6575930847761388, 0.3017386099664072, 0.6135100629270754, 0.047307032275234806, 0.5935501434572756, 0.744299148404863, 0.1136662264123357, 0.9664499762775645, 0.9476329629291577
0.9137654024558621, 0.12384120187386871, 0.7661723301336061, 0.7503124780443662, 0.08707281754460772, 0.6930404887027778, 0.6593344645145802, 0.43192504325237036, 0.15124452102250974, 0.8837632730110824, 0.03242998814581455, 0.7307121690863025
0.8138588845729513, 0.4315937069338006, 0.19931979110399067, 0.7360604698560105, 0.053915760980064786, 0.1447062998679679, 0.2911538958128026, 0.29109478413990586, 0.9373662141336899, 0.832258652654753, 0.27104705775238747, 0.11717954299586508
0.08518227727625216, 0.20462762248270683, 0.8599100161812552, 0.7844884682828761, 0.21173865913391754, 0.46415987678174153, 0.8461473604005765, 0.2833315045340682, 0.09762200668991794, 0.3245883700154918, 0.3435613391804775, 0.5322831269740348
0.24233409197966593, 0.8697283392881122, 0.013017124572383243, 0.7259567642184369, 0.22184726116734388, 0.6389973669640945, 0.25629928486450826, 0.7691173135238216, 0.39511202468026196, 0.6003962444918756, 0.27196817039050636, 0.502533161273335
0.0873984187606498, 0.3806500905760527, 0.6223093123572697, 0.8478515347554594, 0.7008732214108808, 0.7470687835975446, 0.5206438920331088, 0.4312653140077266, 0.982638536953669, 0.4773491416628248, 0.5159667122852927, 0.8563729922611751
0.36439443769248103, 0.9943752807330808, 0.8676484083368812, 0.646519076674196, 0.6248556990625042, 0.6191763113632707, 0.5160039351463703, 0.5097968632399588, 0.1269628284094223, 0.4228808654119798, 0.5996032112586953, 0.6452155414470934
0.2002037854384895, 0.011103106408597019, 0.9955987619334304, 0.9660037538239878, 0.01723634117733064, 0.6450031497995988, 0.1703878984060484, 0.9381676023277242, 0.5271227125826943, 0.7355691518309909, 0.8364794172447486, 0.8851011902719074
0.16131281539779752, 0.7067125523883895, 0.36005682196163213, 0.4738088300624054, 0.285123990519735, 0.1958383184437068, 0.16545739716478491, 0.5001984832634284, 0.6823497764231108, 0.11269704980974993, 0.21135627265941714, 0.18361250190323375
0.20151457916143156, 0.38753867277264076, 0.9709314236860541, 0.4788392552423296, 0.0038286243041537604, 0.6923317349770451, 0.5944184965110632, 0.7934154906109203, 0.1898659587276763, 0.713169383765528, 0.9592261354589172, 0.16126484806575336
3.05316385895e-15,0.110551369962,21.5335825077
6.96967746869e-16,0.131762995728,26.6075247176
3.72004613382e-05,1.76788121823,5.57478693047
