$x1,$x2,$x3,$x4,$x5,$x6,$x7,$x8,$x9,$x10,$x11,$x12,$x13,$x14,$x15,$x16,$x17,>>f1,>>f2,>>f3,>>f4,>>f5,>>f6,>>f7,>>f8
0.9191431668566036, 0.013459758638337704, 0.7076461283801257, 0.20481529650220098, 0.33136487792394054, 0.6200992467973022, 0.4940984983328436, 0.473724814752019, 0.3831366425135505, 0.9042408574485701, 0.7878727100597313, 0.4337848560004963, 0.9032789007369999, 0.03033972993952405, 0.2942445048876905, 0.11857110490517653, 0.9227684017443851
0.38849292899862486, 0.30892500410278023, 0.0752569582660545, 0.47531865516337646, 0.12554911284585646, 0.21748125571332555, 0.6075445538604666, 0.4804971702272959, 0.20419199098383367, 0.3630171547597585, 0.3232847153725795, 0.9412807825492796, 0.18330112292007872, 0.4042600374555648, 0.20050465843003107, 0.2558570921951333, 0.17782709928535378
0.3048725174417847, 0.5628767519440665, 0.48745789988495647, 0.1106115150265703, 0.7509551913697273, 0.2958704084434316, 0.03590095013722727, 0.05898389763948808, 0.5889344213228256, 0.2464010764651351, 0.8691126623250746, 0.2461504965535054, 0.8496935326838919, 0.07261210943447571, 0.36210534278369055, 0.044131476633218925, 0.9039918205280345
0.07118469244698811, 0.8926082615479731, 0.5035986207193587, 0.5159605633806255, 0.05928882033150451, 0.9939431646367916, 0.20701418506026015, 0.1921135240573838, 0.42935106058674355, 0.6435252883984245, 0.3842284404413875, 0.3131903518814738, 0.9859581054320155, 0.0060633167589265735, 0.30452249655340036, 0.6293116341709176, 0.4052342521651351
0.9031814672492989, 0.7397434217016723, 0.3899977424879634, 0.8055459250301501, 0.8528789878796428, 0.6621370498250422, 0.871595140655356, 0.06604625138135845, 0.08798536262075607, 0.603024855743243, 0.4895613952004101, 0.9433815796181919, 0.1632381315541781, 0.2397253854469651, 0.6113109113597722, 0.41721516186532515, 0.7514927454624628
0.6455013592473109, 0.5025396236303737, 0.9744684025632446, 0.3824272100624686, 0.5960017225996217, 0.6497336827401384, 0.6529392330674674, 0.03104162712335412, 0.7468103635965538, 0.35951303745603336, 0.5983708048019778, 0.19512801372117083, 0.4502633480874927, 0.261747379211587, 0.7552652657957397, 0.9876776570297208, 0.8239472409444087
0.4320721356746243, 0.3071038697145403, 0.9602845499714224, 0.19903427810813712, 0.6140652834289845, 0.12944842251215105, 0.9333326127060657, 0.6516027666498424, 0.6558456033936806, 0.8217441165775028, 0.2995775708547148, 0.09916441791966435, 0.5812607335986053, 0.22781556630712108, 0.5769790835063227, 0.560330338599751, 0.6846531855020795
0.40717857161965865, 0.8199743711155564, 0.5616610585454852, 0.6654043117920363, 0.5638016011822848, 0.34086313602942875, 0.4736647905064033, 0.15785350064947212, 0.17067972688811206, 0.8658611059122286, 0.3410672402516872, 0.8468822271320854, 0.6300456486415289, 0.38651265121400613, 0.45085293557781436, 0.21979922532568308, 0.40121583591250964
0.9954388146009225, 0.043027414876801395, 0.719285117637988, 0.8018839576455459, 0.608767350297652, 0.20546105756218025, 0.2521139744708063, 0.6679238062136479, 0.8959370815862465, 0.8783559616240976, 0.6898780354543539, 0.2859994244084636, 0.573094237966474, 0.6302705685208162, 0.4031127928919356, 0.930935333373625, 0.1775094019584027
0.9395484280157543, 0.17205103544945488, 0.16285309602395248, 0.8943180621427549, 0.2384946174328355, 0.1717263588443988, 0.29565941108572324, 0.8192131823058824, 0.45594887551663177, 0.7526110750096088, 0.7662949916971072, 0.4578818075637249, 0.24016634721177377, 0.17219652892176085, 0.5073119292328024, 0.33601294080640454, 0.5810854217860467
0.20802766538328155, 0.08968315458770926, 0.34892780630132636, 0.7988319897179679, 0.8216749744795238, 0.24858297525328066, 0.8209086698522411, 0.7401180330932422, 0.6333655290392426, 0.1829171766801685, 0.032181305456856935, 0.14038851956078835, 0.7339216237453214, 0.8345586848309753, 0.690953382430991, 0.3231493430159589, 0.925071403538483
0.30977240525095884, 0.9902760378908984, 0.40650594923925787, 0.002190508571193295, 0.8012151280184049, 0.3111530754681514, 0.006528478186109576, 0.5080026407002826, 0.9404908665240537, 0.08941292721140204, 0.1666816207152516, 0.1957501614596444, 0.8743229413405005, 0.8766211314935934, 0.7799794180132364, 0.5154111685889083, 0.9875777793111751
0.5693848397258016, 0.7280340776762431, 0.7585801422513683, 0.9823487297444453, 0.3826894143562606, 0.5612179702076552, 0.4398437835682625, 0.2689157865434322, 0.5715040926897172, 0.44990618636406154, 0.9991092495166705, 0.6100829788445662, 0.5446778554800502, 0.663891965441512, 0.07128562024314777, 0.757726245863774, 0.7751721368625615
0.6266373167081936, 0.9268225204537762, 0.2576783925901782, 0.6850373930671332, 0.7002342360028448, 0.28439504997947707, 0.6977549064827969, 0.005836994560252884, 0.8764188585951709, 0.8667129238690423, 0.024586682811957195, 0.11877375139753599, 0.16210491911833202, 0.33897990679194356, 0.6180634705022208, 0.8602958153546185, 0.8141476723552588
0.7894699795412569, 0.22407913032920512, 0.4672448206122414, 0.8627841256521321, 0.3067901698882456, 0.1563945863686106, 0.15535122603158036, 0.6467287998370397, 0.6453779237606104, 0.7618760837663162, 0.9780729405156979, 0.11124542568284002, 0.17647824573340665, 0.4447461243153147, 0.4539179616114206, 0.24657780161130194, 0.4506044585995387
0.5237148505256873, 0.1179826656462083, 0.6148855547242897, 0.07261655299710112, 0.030823488927173126, 0.7062053637922094, 0.8329016041131847, 0.021011270910593183, 0.3223422231013513, 0.5310462632986341, 0.7645883524857111, 0.9464873290169192, 0.6621964311735002, 0.07587262109357107, 0.33448807482181253, 0.8586053357161385, 0.7682153434395664
0.6328509650708914, 0.5490547160188161, 0.22437095151065722, 0.890274943357077, 0.8669668221267567, 0.7620699355352022, 0.34645236666493817, 0.10668127517257031, 0.600791394544654, 0.7068351479354646, 0.960780853872166, 0.4490534216387029, 0.7516922353975574, 0.6198273128891318, 0.5199392803951225, 0.32423951286159547, 0.45382100190286767
0.29879572952811473, 0.680638441623585, 0.10646994245339969, 0.16295983495143107, 0.7118743081592094, 0.07575277428958604, 0.012559590088379702, 0.10355156587431569, 0.11563628537154436, 0.6994098912672787, 0.19918929128242713, 0.7424357374882937, 0.6830209575989874, 0.39762495393041564, 0.5129668182607885, 0.19073714391302932, 0.6124146829933496
0.4660760417608768, 0.6728445784307108, 0.38575966326715694, 0.8774336679107084, 0.14560507893449615, 0.9747666496676266, 0.17726237892362873, 0.4812242683768796, 0.6910833078774963, 0.7729099974557889, 0.5165485479471356, 0.6099886325322688, 0.9051435670016812, 0.008999978631071714, 0.9941287953036444, 0.3130217293381642, 0.08864366434091475
0.8745688589907407, 0.043322412239367836, 0.1703984659920289, 0.2386883501313508, 0.7195985560996738, 0.7591669395844869, 0.005668692904815753, 0.4925479410437902, 0.061263911872249, 0.30312848576264684, 0.8121358375855795, 0.5628963561938121, 0.3804978298205829, 0.44064042963849714, 0.37992581824371874, 0.5929649350936741, 0.684533272972817
0.3408829069208008, 0.025842878265663227, 0.09897345596008, 0.30047988907670475, 0.6316034779145356, 0.4701658969427479, 0.20703037256213652, 0.2832244919617597, 0.5461875985810134, 0.08856539686818621, 0.8516603828009707, 0.0354605675687818, 0.23872448462473284, 0.9044926878183919, 0.6040469125772693, 0.9162171192062404, 0.8963179383510934
0.07615453423311047, 0.4924366394577584, 0.32229705691541477, 0.06996168056727758, 0.45704019134342333, 0.6145396877827695, 0.6375936895128295, 0.2152237248640022, 0.9727965892726352, 0.651704705636168, 0.9139369132125778, 0.8228004781621274, 0.08714181453879077, 0.4477027888032096, 0.5702827819541751, 0.6849290796213597, 0.5815643041507235
0.869719663691463, 0.30265960909399225, 0.1803795195544904, 0.6902967043865009, 0.8577847035048587, 0.3429952169377598, 0.12176936080734901, 0.13952195071989537, 0.770006914736894, 0.41827218092053464, 0.750510610910413, 0.989363738064863, 0.5336621389112656, 0.3053090843493981, 0.1181746328446498, 0.22281311571376683, 0.5292734227912551
0.8692688524167295, 0.5317573037004295, 0.5135503399661814, 0.6986357261018042, 0.016434985370294752, 0.8349591963482443, 0.9447757664117145, 0.5208671651636524, 0.9148349454178073, 0.9736927010019537, 0.399278274761793, 0.18356347086090397, 0.23271064527853602, 0.0633112320049064, 0.9773330345345705, 0.40203642229086345, 0.13880217888269508
0.15333358212028547, 0.9446066938059245, 0.5856035912148794, 0.01332963813106991, 0.7867844386009986, 0.4891660797966747, 0.48189626388529794, 0.8963854054858342, 0.28711113421542334, 0.3634049259260693, 0.730757247853025, 0.5308116830236848, 0.6197067888976655, 0.04329291448407557, 0.24886897769802419, 0.9445261365956381, 0.35049922470999884
0.028689512862031807, 0.6343068593127423, 0.038932542302793305, 0.36422235389176827, 0.9992573177206261, 0.4148213404888148, 0.4844175452576728, 0.5101402495483591, 0.9939380119452957, 0.28549724300958434, 0.4880871974825859, 0.8917857209514015, 0.8001982366877917, 0.06460400318304971, 0.996331722727911, 0.9482491326586904, 0.11914988145047989
0.9195708692364422, 0.25638359464331884, 0.19818874371068995, 0.5850461065580143, 0.40597659993002866, 0.14092114747791085, 0.4748305672308941, 0.9308850085910696, 0.15521540433549685, 0.4714368076910126, 0.05569868351680096, 0.9717363706903753, 0.11943916875231109, 0.010468545029732934, 0.5046724513818992, 0.5217064042193357, 0.9806344156129956
0.4350509442559375, 0.2559549864209417, 0.15209686063207162, 0.4819176308404639, 0.9618541324673483, 0.8275671782537287, 0.08044244606562934, 0.8667367846743372, 0.8592844513358618, 0.8595540537526052, 0.01502266282343434, 0.9628706762736768, 0.5806681746853771, 0.09477776604479216, 0.34995275305921436, 0.632419291464671, 0.9939531273646044
0.8532098519022997, 0.83884219107177, 0.8136297548426299, 0.6671823510234116, 0.6306379152633509, 0.2481265551614661, 0.8595170689419175, 0.8570138795839317, 0.06686934507915876, 0.5298717576846433, 0.35733172072009345, 0.33587365645788037, 0.0015675202119550535, 0.5901070694780244, 0.6563399123095842, 0.7523426772080979, 0.032740906706496764
0.5282402792977351, 0.24019371321021332, 0.8638104989058789, 0.3786935673715284, 0.09473535073376915, 0.3151940335631015, 0.6042906345863007, 0.05217638370354416, 0.7988425682661344, 0.6454446572244796, 0.11531382331929663, 0.4907868146792398, 0.45745901231818464, 0.31479095908784727, 0.6536475565022839, 0.49548892692307145, 0.03521449325007864
0.8526584492954653, 0.921780246258255, 0.7376275260895752, 0.8804947552061949, 0.2570481489907259, 0.9873110246050434, 0.5259439491699044, 0.16696118086631595, 0.52369885028133, 0.4906815081593412, 0.3106237097263743, 0.5908835411214534, 0.995542723054769, 0.07377625529246123, 0.8840509221877996, 0.2212895610858331, 0.9559789242216333
0.9694841185943932, 0.8932390916034887, 0.26005890955322675, 0.5656896373847082, 0.2677826250922535, 0.4320282110186945, 0.23172773142757197, 0.9020271299304635, 0.2424440123362448, 0.534276632306921, 0.7488223925631671, 0.9405018248760469, 0.5738188748971109, 0.7739757059748491, 0.3147586743227746, 0.3874736220388224, 0.9255802146632043
0.495968176868972, 0.7947807875058185, 0.9876302175633325, 0.6892405919624042, 0.5066723003535422, 0.45035597573590813, 0.24022901227795346, 0.5176236660112548, 0.43085218405280457, 0.3792900466766236, 0.43233173953100146, 0.7644366943046147, 0.5979024474968078, 0.47179008463212446, 0.15378101897808938, 0.8042062831802547, 0.526213493547222
0.8994476980908197, 0.905207330934739, 0.426086391690664, 0.9779055345998374, 0.5836440688637042, 0.8209133701303404, 0.4783852637223157, 0.956598772038263, 0.47697463666838114, 0.6289852476432848, 0.5279997565501169, 0.45525547218363993, 0.7520452015932695, 0.18328385253096113, 0.2533956777800268, 0.3565308563403624, 0.9384108219229629
0.7387393704486691, 0.2251597059795486, 0.22055328110706507, 0.07286167388918907, 0.9897543395741184, 0.1494109941462891, 0.09871425406573642, 0.7883492815848292, 0.8154547906618067, 0.36887498722569734, 0.517577508755465, 0.5684628583152892, 0.5168923034177413, 0.0037930797407812467, 0.19227049693576792, 0.13256724446132828, 0.6334173174997675
0.20806942413012197, 0.7710658031354203, 0.5047182834824974, 0.6520221445112842, 0.20300773254521687, 0.9992209139355116, 0.9787266384481391, 0.5247701160186405, 0.04570689267688888, 0.03660882726126913, 0.1494200127624712, 0.34767130011341063, 0.8673005295332337, 0.8785341676578788, 0.8930119234223051, 0.8277283272169441, 0.06727506823381202
0.5568920298875037, 0.9118083919282899, 0.0541657358681481, 0.31633565995675306, 0.4389585298334482, 0.24029687565406777, 0.3540004347899597, 0.1885617304889058, 0.9989847521724345, 0.05948348166845541, 0.33750011055929363, 0.040798048815601895, 0.5969048504404739, 0.49737534911289816, 0.5597909068587025, 0.778578829080885, 0.33288410829350634
0.9491024909519791, 0.45535484376772417, 0.2407073129720122, 0.28923603313887836, 0.6673186970546765, 0.08043242991954891, 0.05973471532105068, 0.1837049225335029, 0.9232441234334811, 0.6722698201364666, 0.8630945702968542, 0.6262519191396783, 0.977800170312741, 0.5218430694478166, 0.36946887499452197, 0.0772929657541711, 0.2920781147946834
0.22450226886228786, 0.0698596952224031, 0.8678963180331927, 0.14135116341055476, 0.8150111955639654, 0.12688440419989888, 0.9405857092943954, 0.9982804681862701, 0.11772488109663104, 0.3189473830252004, 0.452837032858887, 0.5210164144007343, 0.7257658766648862, 0.29144549700135125, 0.461141302394545, 0.14802914436137338, 0.5737672125285282
0.5890532959589867, 0.5964808543141575, 0.44937363901150407, 0.43156380829903207, 0.4999552733196523, 0.2627595443365063, 0.11978350006610461, 0.9936143508877504, 0.3053324535639499, 0.6126377776124995, 0.4184572192322147, 0.7748339126394308, 0.28406306737732256, 0.9597978054923005, 0.48608084526865414, 0.49067893803701335, 0.9635117540820588
0.34230269423450543, 0.32460530583877323, 0.6922687817176767, 0.38281782195317127, 0.6739271370458597, 0.7058575979731168, 0.2768382585017354, 0.34189387873055754, 0.7415154993136777, 0.18268976473572895, 0.7972528232123015, 0.40706493328237103, 0.1256419049396581, 0.6544660797132074, 0.6929397977162578, 0.1541410636059536, 0.8408599284494206
0.1852823146003043, 0.9658927798260168, 0.6287571870185474, 0.5758911454629709, 0.11820216339484724, 0.6045135013910063, 0.07239046395467474, 0.1319980573625371, 0.45035604576179744, 0.3631350616552993, 0.5916675129824174, 0.5732717948652557, 0.5563510296647344, 0.9071030317686385, 0.59414010085378, 0.607397008444098, 0.9413463190898579
0.5918296015581214, 0.8622902370644997, 0.2245196820976122, 0.03817413536396408, 0.7988994302510413, 0.24210490543260976, 0.9359131534716114, 0.7927758535219591, 0.06336377432892026, 0.124009019640834, 0.41568151661244557, 0.5234753270136621, 0.8591470837307698, 0.20651574746220236, 0.827168831150955, 0.15974368800382266, 0.6481816117189813
0.8528891820414098, 0.6388342880182016, 0.07085284531956937, 0.04842199872085895, 0.7109478862092873, 0.12464859839041564, 0.1640947086837441, 0.3352383036287736, 0.2308675635763927, 0.1895955723353222, 0.2566408931865335, 0.1384107600288178, 0.45956471710894187, 0.6441731139731371, 0.7624412954432223, 0.3659907803129758, 0.6458212671813252
0.531837069719417, 0.7605704708393867, 0.8536073524503655, 0.8628948113878169, 0.4268170143813337, 0.3769438671191876, 0.5397709317733336, 0.33524248008316226, 0.3151007352831725, 0.16291823663353822, 0.7325455698587238, 0.3422581476276073, 0.6024481955688561, 0.3116582554583872, 0.43736763474384543, 0.6757976917299621, 0.2631491540697112
0.20190015167148945, 0.9618874897423492, 0.5149363521078228, 0.14704469906668116, 0.14276209550688945, 0.5959755289967336, 0.11424670717988472, 0.6346834047382005, 0.8983665472764966, 0.3471272813953521, 0.7149857826856952, 0.5721090870494535, 0.4762931572701602, 0.8313373234463154, 0.8360172611440556, 0.09328107522155016, 0.17422659166033594
0.07126952423441846, 0.47645033827263883, 0.5609566788516681, 0.8187304750011368, 0.6932123170940389, 0.6019871866462572, 0.1926300906458327, 0.7700225970945165, 0.4375717561486937, 0.7658408698497913, 0.14568454939963482, 0.553351143012566, 0.624444909158562, 0.4014216515125688, 0.22898251931179048, 0.3800553262642705, 0.12219285161001114
0.8252363561518536, 0.44172570854777704, 0.05641158897855125, 0.5826735231900388, 0.7165776827200199, 0.29911282002910233, 0.2490270515300228, 0.9650922804474553, 0.17777967128302463, 0.4631306068087905, 0.9935921855550292, 0.41034011713974994, 0.2519981945206975, 0.6221574471935419, 0.8509182185675842, 0.43894603614552874, 0.5430429648990848
0.8267513843285984, 0.656426569334708, 0.007453999637693665, 0.11382830735443472, 0.48209821011619614, 0.8639807347427669, 0.2735593366547683, 0.45841824611986903, 0.9732791079767699, 0.715012592843623, 0.04186488945045086, 0.14053892996662054, 0.6145377328576117, 0.8082402672220957, 0.7658704126427353, 0.07224765462875071, 0.2134379332945937
0.11327374312181071, 0.9570130816055266, 0.8475307993482425, 0.7294074671032298, 0.3536494981262609, 0.02046510947812774, 0.6654735061420373, 0.5205480626074798, 0.5752068004406458, 0.8236830917552552, 0.2635482406879184, 0.016690051625195657, 0.2324300056838141, 0.14062571996621864, 0.6562859196439255, 0.09635050351277363, 0.2855677327458326
0.07761710405324018, 0.06291705063873976, 0.36675434638439486, 0.10020678999025756, 0.6577674186329772, 0.022747265518669346, 0.30169618589438685, 0.30535876837041487, 0.0005147312137300242, 0.48594851873692435, 0.050062891022973344, 0.11132972215923687, 0.16161486738115327, 0.07736979522015108, 0.5875432524979498, 0.5676219324600476, 0.42984656527381215
0.21948548322752448, 0.031149161634173028, 0.965016069201672, 0.48173226647880996, 0.5634452920590838, 0.5848335564035667, 0.5657185132735674, 0.5024037182228013, 0.2215944615735107, 0.9157604888654847, 0.7566367893992796, 0.8172467458790549, 0.6220160051229792, 0.15025216912938266, 0.2814066658651643, 0.29671262059827364, 0.9801825446611633
0.13828566717865853, 0.48739800615751494, 0.9115762251675581, 0.4880558688670267, 0.0546024018587038, 0.48404131033833153, 0.817190109123888, 0.5899918364435385, 0.691036638279419, 0.3398933702164536, 0.4674332493372534, 0.34571979859447144, 0.18846597791299913, 0.9694101331631874, 0.04814986180155001, 0.46245669677645607, 0.9248536714656624
0.02733851753493899, 0.40433595321895166, 0.2615082851043876, 0.7736280001441376, 0.6497986780310377, 0.133163559424316, 0.8400790355354703, 0.19319957586235015, 0.9402297126189001, 0.2520035705793233, 0.7652174921518557, 0.17539677467874792, 0.7830880151876043, 0.931919377482289, 0.8328224939935296, 0.17464161567527403, 0.19197489515431987
0.9363949801602033, 0.5389578152338337, 0.8098199187066807, 0.4077319687752903, 0.37495832201179236, 0.33338047967263484, 0.8901643175463293, 0.41656017471736917, 0.6095201523878677, 0.8924192609949583, 0.1430505650757148, 0.10727157623040329, 0.6779478583749271, 0.6502251100317303, 0.39937710705476626, 0.06683667080236622, 0.5595294356459851
0.813895961572963, 0.892684290456957, 0.9352196875493582, 0.6180323115891878, 0.18551001678074286, 0.4293654870043756, 0.31570463174726815, 0.10642285994252443, 0.325448235248602, 0.3210839782987953, 0.1230897148851714, 0.6566966277125026, 0.9504135835163129, 0.11690024358930917, 0.8669982136246547, 0.2241997544078469, 0.5662232099037443
0.6834644007372973, 0.5032646479529103, 0.4219141764337079, 0.5326879949613534, 0.8825963262551811, 0.4349236471265412, 0.8339068845224562, 0.8168335010420715, 0.07837003292449607, 0.9140777056307897, 0.7527552845465149, 0.8565717045366763, 0.2029647336495296, 0.17787550528703233, 0.8908272895645472, 0.8881087785507845, 0.5540566594429355
0.35806019829330193, 0.4066446092856548, 0.08022354710136614, 0.15053114834690196, 0.40200856962836984, 0.1735276987558887, 0.4411051631081001, 0.7134554355096121, 0.07750095064076234, 0.3248948383398884, 0.9066051523838289, 0.09824384559499577, 0.46849833598969404, 0.6749920930458391, 0.44972890935090715, 0.2083037337384228, 0.44705810658814715
9.076322039647255e-05, 0.43990384655964565, 0.15302047464266888, 0.9486382871423625, 0.34106248734519806, 0.22904086895231568, 0.9892142774348853, 0.5172677550071231, 0.4652631481573021, 0.9918822277802951, 0.07983066808487427, 0.021591228341535262, 0.46745795452888217, 0.810333659381729, 0.03888987140547773, 0.9541146610834251, 0.23433407309305
0.8522215722096084, 0.48481187160625316, 0.7146607568094316, 0.4923967572340888, 0.07913985979208304, 0.79172592810601, 0.6888662250022436, 0.34653527011139296, 0.5128881650277561, 0.9856952176254982, 0.9599585255464061, 0.18905881141136638, 0.7646002614406443, 0.811370600966199, 0.24673100880823362, 0.13353509820716847, 0.18968826970559283
0.44449823966735413, 0.40062512622672286, 0.21811998014824374, 0.9593852497101282, 0.871307080369693, 0.07294647191235326, 0.11985357871469937, 0.7131585594322788, 0.8353622878020832, 0.9829203381745794, 0.07731885943128236, 0.5715697796485395, 0.9842586851333543, 0.7767993867416354, 0.2246293172736239, 0.6491224280635406, 0.08389670661084292
0.3627495341752679, 0.80825776882708, 0.13077165673940228, 0.32736950766390027, 0.2554838289747855, 0.1813915212428162, 0.557075023613778, 0.9676187489752442, 0.9850900228125941, 0.053193344089197514, 0.5799706877256463, 0.18458009433261657, 0.5450437398143598, 0.8148121850446736, 0.031025788364721696, 0.31375428311078757, 0.2567142001730707
0.130965544490262, 0.405900259731666, 0.8680484032421457, 0.8603821985385401, 0.7401753170839723, 0.43233873067296724, 0.40401352310474525, 0.9991170424663364, 0.9022732978636024, 0.4765825592394174, 0.8286071643071494, 0.8694757252415002, 0.15204669541926463, 0.6128763200413224, 0.8857751146235093, 0.8916761948962011, 0.33497065257125613
0.36048597256622605, 0.4724432120882128, 0.8851424030894198, 0.3144859942174587, 0.2762022940332328, 0.9132829280022764, 0.1143245108478187, 0.5125996430792091, 0.2882968167343354, 0.9032934252306268, 0.7680910796026936, 0.7066988747905512, 0.30468725894986426, 0.3113980577144032, 0.4621896956569096, 0.4275338910139237, 0.24795845015489182
0.3295058745457916, 0.5777961917647528, 0.25168674097754096, 0.22985811756727892, 0.8219924998439541, 0.2544153168755394, 0.525480751929314, 0.3869804618080728, 0.08562490189767857, 0.6262804360086975, 0.9275674434869586, 0.5431447280138736, 0.6546246441652616, 0.6374978037186697, 0.9737297965320983, 0.752506303434534, 0.9305942800735115
0.31687529723737506, 0.8715539375088731, 0.9356288470027507, 0.8842698934753687, 0.6895896361488764, 0.11042723641966101, 0.6571451754782014, 0.6061170913706774, 0.05384118620116818, 0.42605616842283145, 0.8500705455314318, 0.9834780156989691, 0.7244421081997726, 0.5827069884240391, 0.5567525196678622, 0.9714401909870846, 0.6467117511207948
0.7625520362895349, 0.591139879045791, 0.39785912963762826, 0.8658757864485521, 0.26476449458245765, 0.8035580494926226, 0.47836284653043093, 0.7735670452736958, 0.4729989242220657, 0.7852779867898018, 0.10465207689120926, 0.5479972174296335, 0.8283691926770836, 0.08553821106798898, 0.5345294211014634, 0.3665650557103307, 0.5678415436229971
0.920485041878805, 0.28963325836311793, 0.26469772465844144, 0.8287667088296695, 0.8508743874709133, 0.661132394681071, 0.8017714578856993, 0.5981101658852312, 0.24435745970023637, 0.8549105520864263, 0.8226241173630113, 0.17416344382922377, 0.4418906633424744, 0.4820351661607858, 0.6970216964008993, 0.49037814853205963, 0.6165180124105271
0.14920480381489953, 0.6615828966521006, 0.9974418629302589, 0.8498058988567976, 0.3064961978353593, 0.9781602061802672, 0.2496286727612742, 0.3311671606324965, 0.5538151017108267, 0.7280654965345237, 0.37026899749861164, 0.5400199093616855, 0.010146717867371535, 0.14646173208152602, 0.21006038770073276, 0.5926008776381718, 0.3631009989438403
0.7175924803892693, 0.7653262858094826, 0.6978271301898497, 0.21133372871316003, 0.15046239361345115, 0.23883007929731437, 0.8857888063412566, 0.9691725027539747, 0.10004940221923597, 0.8766551898487867, 0.943137432705744, 0.09869335307271099, 0.7473959142731299, 0.9034230121713225, 0.5776852384415412, 0.4548408380356298, 0.41576958725158775
0.3050793122318105, 0.46700342217250956, 0.8070916312742639, 0.5295571771442834, 0.9292013554987564, 0.7950562869575938, 0.9677415933525662, 0.22919679393907522, 0.7036187753073917, 0.9162664728891373, 0.4737314474709443, 0.44550878207964273, 0.8974142322731736, 0.09274873543510553, 0.7043896054350467, 0.8826459631529475, 0.13670148025375306
0.6627000999014027, 0.5182070367227544, 0.3747371898284656, 0.18761105660382937, 0.2654923876902634, 0.7004537034647541, 0.3854352507396297, 0.5459184876488077, 0.757695378870467, 0.2798902546134484, 0.4482297519617092, 0.41142209822110143, 0.2214659377280772, 0.5034442794888231, 0.20822208642007722, 0.6673469330721948, 0.5666551466783502
0.9685152929924276, 0.23659312292647106, 0.28394969699296313, 0.24510393332580527, 0.9302488124816983, 0.8655745766930371, 0.9431866009325671, 0.8443241748198443, 0.4425680658295713, 0.9269915667322881, 0.6121378682215157, 0.8816583230514965, 0.9053688402308381, 0.02262765669580924, 0.3326266260649646, 0.5004075493093819, 0.4223323275579234
0.5796535974563005, 0.6229437788890738, 0.7147054151414056, 0.8421355293103882, 0.13727360780130138, 0.024120747510452678, 0.6558222326410167, 0.238817473295303, 0.44760502394754886, 0.8250565447601953, 0.1218066703294789, 0.9519104327028767, 0.4065085608811396, 0.5979298274529299, 0.6030439643547214, 0.8775816752889869, 0.17175269687075312
0.4355567833664843, 0.6404786422363392, 0.4105385436362734, 0.5515764791281684, 0.16592640323357832, 0.20964130337383569, 0.6577617435027724, 0.8773576895872693, 0.40114026583573725, 0.43345203496576146, 0.4586457036633974, 0.705692050100308, 0.5280453356783285, 0.3938170556691546, 0.6460297233750409, 0.18209808953713735, 0.47112845383031676
0.21115310059241355, 0.17623967753466474, 0.034255774870145084, 0.508667668795984, 0.3296493099417094, 0.7910494637611709, 0.31289333917538487, 0.8073870834550032, 0.4142200978403868, 0.059020389543754215, 0.21100281086967176, 0.581015371790251, 0.4725924088610425, 0.13537986730505602, 0.2903505541634256, 0.9812762456358283, 0.13753859688103987
0.5875241714620749, 0.04791845360785696, 0.8731795828779129, 0.6245013490830974, 0.6123610651248605, 0.5186380475533903, 0.41223257974582583, 0.4516495620194183, 0.016634410903925256, 0.9942023755654199, 0.9144651312967844, 0.2916427669837073, 0.17289855230026208, 0.05697236300071551, 0.5890575025486514, 0.7608979564883372, 0.7290734253745107
0.4905569086337852, 0.9954959032186474, 0.6542286770001382, 0.18640714695355043, 0.9385800031754645, 0.34444419750068245, 0.3266630108499067, 0.5159901259845059, 0.3477628430740968, 0.9117507688587038, 0.7052877562114487, 0.48301271352036257, 0.13604180100126773, 0.016119011719855747, 0.6239320562716657, 0.6385486220289576, 0.02650686267904656
0.1788734778763349, 0.7573820875840389, 0.22545394945002728, 0.91560104901177, 0.14177749240923565, 0.014827289793093779, 0.03371374411096939, 0.23938292616520906, 0.03180864124864691, 0.171408933065763, 0.3550455131694439, 0.8716630979249766, 0.14182072509258226, 0.059816129889004754, 0.14087657077555882, 0.191940018722766, 0.7137914414326911
0.003918204350759291, 0.620858525083194, 0.8592322796744837, 0.5136616399356354, 0.3299590787504364, 0.16936662504427735, 0.2781899882655108, 0.5186712637048376, 0.1420413438497956, 0.3980153523554397, 0.44418366064479975, 0.42331268791870014, 0.05273939947297934, 0.12435260260306102, 0.6131034269880491, 0.965059023156756, 0.2846763130441985
0.21049784688532125, 0.3536524615502782, 0.48593558764308986, 0.8254416904181504, 0.10090829781540922, 0.7618057062968926, 0.12662188509591932, 0.16873632292981378, 0.7535452715078393, 0.4159974652675634, 0.16261898507028594, 0.14601901611941526, 0.8459255786650621, 0.10638164867339006, 0.0246740755093644, 0.5126013348279819, 0.40796746128619454
0.7685640348077126, 0.9525583293471214, 0.04367335211736956, 0.585159709864031, 0.0036459338318575174, 0.1713863992467246, 0.3373546184201659, 0.46690958432847907, 0.32420308394304065, 0.2710322941504383, 0.30269202288635433, 0.8523074142575797, 0.9744243440652792, 0.2841140711428205, 0.7235512832821149, 0.8729834880776886, 0.7563283661896518
0.7590025751698207, 0.5422918718290474, 0.4406398459333507, 0.547334683106312, 0.30892978612599864, 0.05071311782449228, 0.10282231035811629, 0.832088885533699, 0.5073522392332541, 0.14488122670530623, 0.608520925445894, 0.2773325494529766, 0.03618361641032375, 0.04442585250986619, 0.9978899523512457, 0.2058222968744139, 0.23599582838737687
0.9631005118340491, 0.9420706145574607, 0.03232411938737645, 0.2089851508833268, 0.38012031547168446, 0.9604046898993853, 0.3349657753094054, 0.6394923034729302, 0.9825995699040903, 0.2125009241397806, 0.7238536686936897, 0.8483719285286868, 0.4993650453306592, 0.9377655181143545, 0.5999414363869654, 0.9646736888932184, 0.4003268762878094
0.8092337970559784, 0.6240110927187519, 0.6891545961028335, 0.18743109674779446, 0.8733368716578249, 0.5624946874787619, 0.5968018715778994, 0.1238659519876536, 0.9413990623787503, 0.4101858878591864, 0.9282877164827554, 0.3608957504064504, 0.7596688834313685, 0.5504340085737903, 0.7247308465460943, 0.5813885555934704, 0.9540698642636333
0.4369217088538162, 0.21331951568888174, 0.9471935629796406, 0.9274087758916366, 0.5083278956032646, 0.1969476448047216, 0.039226531924397734, 0.6369225063024981, 0.7294136853035815, 0.7662684151555179, 0.8962395070912916, 0.8980354578421816, 0.5123762305459822, 0.07837954142922166, 0.7979435112070837, 0.30296325917871514, 0.5383727976086747
0.8538899971630427, 0.2717074678046285, 0.8612438197275564, 0.19631503101080594, 0.3954619862180283, 0.7018766720495858, 0.658425772130107, 0.9719078384074085, 0.1929560773140061, 0.31579259176422037, 0.25298941458793944, 0.9629479755544054, 0.2873702518791136, 0.5017836274942071, 0.6588683986304209, 0.06758125808464921, 0.0977523289813883
0.027801058270436774, 0.07629134689133055, 0.2032610414795979, 0.17909586806513023, 0.1437220794963051, 0.12565950281023452, 0.34401868527554924, 0.005694689410193465, 0.3882603419757624, 0.9620198724704857, 0.5170146394282549, 0.8397897088748597, 0.9200036097941001, 0.8071229396767576, 0.4406260118258306, 0.8424641936514243, 0.5840645867204165
0.47394110396057165, 0.5980656691736044, 0.9877790821892113, 0.6342382669372277, 0.0632021884258438, 0.7662308294832124, 0.01131413929353453, 0.4132607858051366, 0.12178744058507596, 0.27271644159655817, 0.4961732363694177, 0.6028488620770398, 0.7498968507751299, 0.2940195587661182, 0.42558357426151616, 0.23708620045524187, 0.004651989130509904
0.04560153820553192, 0.1645078375234028, 0.585693377393431, 0.48482742715738236, 0.15825851767256827, 0.15281961442687808, 0.5149455853120243, 0.5986189544578874, 0.24719491723894083, 0.35216950374036726, 0.21197294888520446, 0.8228842206255959, 0.0580389412099197, 0.025376099728052548, 0.8420150924731231, 0.9101383709492737, 0.19132697708927415
0.4292723728880439, 0.5434129994646977, 0.15429441455680337, 0.8233221942169312, 0.9653647494457208, 0.9426028742541439, 0.9634990585437979, 0.13956270636637258, 0.8623577408902243, 0.3458060956977965, 0.7418406721940193, 0.8151500652649261, 0.40801906144127553, 0.7805511646154754, 0.7483447507671747, 0.44478698371713876, 0.8533894973354208
0.5776962957670907, 0.6645354283581173, 0.4454969609438748, 0.9927961890577809, 0.10004279801765015, 0.650926574473538, 0.7894084187545685, 0.44122944579754975, 0.08721451555200121, 0.8624890117316412, 0.09453666352283951, 0.3844207269488825, 0.0649924426130809, 0.08105621239732197, 0.6583390790920761, 0.7498004966698978, 0.8534862073279258
8.09065091013e-29,1.07555268064e-07,5.57323701892
5.18169390683e-29,1.2462378076e-07,2.21121851796
2.47003540242e-26,1.39077398436e-06,3.76458703504
1.55831617007e-21,2.15912821805e-05,13.7880047564
1.55437966395e-20,0.000525985460882,11.6400323042
2.51582784112e-19,0.0120217693599,20.4860261106
3.27789533494e-15,0.183964254148,20.9545813044
2.43038588142e-06,1.53322017605,5.57263673696
