$x1,$x2,$x3,$x4,$x5,$x6,$x7,$x8,$x9,$x10,$x11,$x12,$x13,$x14,>>f1,>>f2,>>f3,>>f4,>>f5
0.23784939264537586, 0.34813564632687266, 0.38275763625197035, 0.27975611051973737, 0.07116514439442134, 0.33913262883835527, 0.21964870885232868, 0.4567378469351112, 0.1771400820047141, 0.36567817126516966, 0.5003692493191111, 0.6519151893869568, 0.5456227582871483, 0.8610085465218705
0.2803197983386021, 0.45973702645601444, 0.14186986644673483, 0.042674080972089246, 0.3182756757446781, 0.9110969404014512, 0.392036773627745, 0.3208385113865896, 0.3235074781170205, 0.28255752606426976, 0.5181201924439129, 0.46557785331729495, 0.5101764480151759, 0.42384572814626287
0.2390711748560198, 0.29374362392579556, 0.1208903426477107, 0.8984213869504457, 0.7115186194380269, 0.7475514991941474, 0.5477500391614379, 0.9963147843517914, 0.7707993938245941, 0.30729666403216804, 0.805187235283698, 0.838879844661727, 0.7495319520263477, 0.5269862715017204
0.25156392329198063, 0.6230178686203734, 0.8107438640299951, 0.9532213624861618, 0.24758787595371068, 0.8575320631374197, 0.7608718626179426, 0.8246296794852642, 0.7642384411339094, 0.2367753744285398, 0.592475996288874, 0.9627454943172701, 0.4688584087592049, 0.35301325867422795
0.9817791242518515, 0.6270336220520836, 0.7787719487182734, 0.033052127886276206, 0.5195261126746628, 0.4497469174224723, 0.21517898787387157, 0.1213954847844283, 0.3185498259622651, 0.5699904581100854, 0.27203821915860815, 0.3177754940367542, 0.6615780546691947, 0.18299175551785718
0.1998244855792478, 0.5566102580273514, 0.18649505935759658, 0.8693286641798227, 0.1010273577200188, 0.0386124147942124, 0.07957115212010357, 0.5351776851162359, 0.5988944839969605, 0.006719029913227814, 0.9934579441402573, 0.37872367768496307, 0.2646275840593575, 0.5551389139412004
0.03366565589068671, 0.14071135937278312, 0.5765548434245086, 0.8119621696751504, 0.8883393283322415, 0.30437847712804245, 0.34214460197314744, 0.6437198516326784, 0.6099096479150996, 0.47040999433350017, 0.7456926545010977, 0.20963226547804248, 0.9018700324725587, 0.02704771339160117
0.04192255059344463, 0.11598092892702683, 0.48970252999343533, 0.9524911404722457, 0.6607123939465911, 0.0760432028189949, 0.48827260953708784, 0.36311739115200836, 0.1369101343821989, 0.8548911795644817, 0.9760045951059323, 0.4916467032483328, 0.14406071879959348, 0.7847150979578527
0.0129290402997011, 0.5130189536829377, 0.03720610428060289, 0.6286664185104122, 0.2544743446523645, 0.4322811331525651, 0.3141483895169551, 0.9855490832237107, 0.18416924169683047, 0.30295559065353994, 0.7223985112034255, 0.14580116588548975, 0.49553742417782953, 0.9945795298463933
0.2448876377948852, 0.6120042987925967, 0.6694097153841645, 0.1393660132630563, 0.8515682476862517, 0.7549112249623682, 0.5688164589986436, 0.5790596910131866, 0.06414992420897236, 0.5326090417426003, 0.36518599300732923, 0.8641469930594375, 0.7118894195543634, 0.9507393158784566
0.610541370827363, 0.14107013616497643, 0.9929753106070844, 0.1984742636220337, 0.11605242148671924, 0.2985916808906499, 0.8971343742472644, 0.23723337257441823, 0.9281938212700391, 0.33951966995535354, 0.3522219415566493, 0.2207737114703877, 0.4797036321455517, 0.03300574377882581
0.3937205068081211, 0.974968486111479, 0.9530587037365914, 0.7007691066244661, 0.9460328192761333, 0.216464814350935, 0.4925211636988449, 0.12187559464307796, 0.006018867714157827, 0.9528903465232814, 0.7396130526045499, 0.5326294745747998, 0.5828129049161717, 0.24236191399718998
0.49641393332170447, 0.9008670104247828, 0.3435299856111116, 0.6317594635478023, 0.47240668822822374, 0.06082494404808014, 0.38486988378860076, 0.3031278252787083, 0.7126879290283931, 0.32175124898891283, 0.09693029709966983, 0.37604679585294865, 0.23722152548882836, 0.6572400221400228
0.20896906559017692, 0.8366851463968051, 0.4040359313891043, 0.36658851760873346, 0.016772460307497128, 0.7081094812097292, 0.5348285067254146, 0.8043076549297723, 0.24526360882974008, 0.23307230519782118, 0.4360240890148199, 0.1396445750925973, 0.7996914972734551, 0.24458121967375845
0.36324439625728366, 0.7133561173917051, 0.5960445095243375, 0.08898365560793786, 0.20242197954041186, 0.47893145469283294, 0.8813579541347889, 0.622280506248502, 0.5474474316874209, 0.0199403108189925, 0.9595557233577732, 0.042029735163744864, 0.7466159559721078, 0.590886937460526
0.94200561998103, 0.7392868223291866, 0.6545506424604224, 0.5596896291264264, 0.8944126474524231, 0.11810307631219474, 0.8038159009098748, 0.6198545981491136, 0.49166358352465445, 0.284353179606753, 0.23261460422439661, 0.25502145178472124, 0.8712261421202028, 0.10425502106650875
0.24799673166681124, 0.5779697828414005, 0.5805963096704522, 0.3142517136385432, 0.9478275812958241, 0.82316482023834, 0.17249167698638723, 0.43580093111910967, 0.3203949763106141, 0.3854410112409985, 0.1245765725491168, 0.7531263256616537, 0.21018743530355943, 0.6812721013391855
0.7751684015644288, 0.04400774381927797, 0.4344975985434656, 0.9946916749589669, 0.9106886480434531, 0.07360550402745525, 0.43674388714460766, 0.48761212073726756, 0.41652488309926095, 0.989776487862727, 0.772726822599666, 0.5416328630787932, 0.9682021550158334, 0.7595415181110945
0.3880697056189627, 0.5039253302656188, 0.037392140411650954, 0.29891129542869044, 0.6566328371924525, 0.288780014899934, 0.5924714537823872, 0.12040188705748445, 0.6691765390953798, 0.240421006878631, 0.3640519394703112, 0.8052231383419951, 0.44688455546005323, 0.3456583519337927
0.37606020773230375, 0.8130632784697761, 0.4153409916567371, 0.02973974852702921, 0.7948902406426036, 0.9051614165589434, 0.5578212612590279, 0.3191921992662836, 0.050209662613678874, 0.32130894627488926, 0.3011441343196951, 0.953234058489019, 0.3949208330251964, 0.02681350784701486
0.9739612190749486, 0.6502194765195852, 0.6862964500466532, 0.7957195611668363, 0.7352481262777851, 0.130709256089371, 0.2401680262336361, 0.7681929060022641, 0.026981148730773175, 0.2620174175138027, 0.649910745160203, 0.31602250872533155, 0.6371993698988392, 0.24618514332710983
0.3039229449446661, 0.14560665562683495, 0.4598703412736458, 0.5969180896402976, 0.3799825169847073, 0.31790233940153545, 0.4304885327636676, 0.15525255611840427, 0.6654805957247741, 0.9522587904977275, 0.25060402161420803, 0.8433257555538018, 0.48431979914566514, 0.3386195626020202
0.37928500213855754, 0.45368293401061643, 0.17576539704245442, 0.24267529002623522, 0.039472770307144134, 0.2632986683996066, 0.7167815160435078, 0.9547476843442316, 0.7002757405876249, 0.23183847180775885, 0.577839760778422, 0.13694048635271117, 0.40483879653458776, 0.4896734740185662
0.036456856413482286, 0.05170162285098023, 0.37409273791682895, 0.6918557199163872, 0.38102170361042076, 0.9188024704990458, 0.37993883426172237, 0.6142234057373316, 0.06017785441544421, 0.5753659454193473, 0.18820837182251038, 0.7015164817835539, 0.5094383576136784, 0.4655156378711338
0.484767125069518, 0.9063624307158177, 0.5667990008932235, 0.3749599724971635, 0.7337458523522319, 0.31448237391651956, 0.6508594395367769, 0.7559814696846543, 0.006468718523803596, 0.8520143518599594, 0.16373381595087477, 0.9902788963264642, 0.5590667548162929, 0.6816825943257163
0.9726218882575532, 0.8820696508973994, 0.028970357279711867, 0.41972566909201403, 0.8270323350948307, 0.8200614491739785, 0.02149199508008859, 0.9406559740963949, 0.7569195376283551, 0.7861560427293265, 0.6348787390357155, 0.10877656499786592, 0.06750851061499552, 0.9914941262220826
0.3266286248088326, 0.19326185060912426, 0.09255842023273098, 0.4858521066238759, 0.9382036967983672, 0.8735452179815998, 0.9148243874438262, 0.8739454103085645, 0.42011171113149914, 0.7440398158457316, 0.9687948549573687, 0.8024231346789544, 0.4079033317755336, 0.40374898974131246
0.8836719180685337, 0.19452751305149618, 0.18646544873090187, 0.9292768505325646, 0.8634900486857102, 0.8265528895715472, 0.02785259861822964, 0.07484389118902657, 0.06006140940293725, 0.9429832617494948, 0.3314297200252386, 0.7234891885786293, 0.7364285085317467, 0.22523878731289348
0.863029423951433, 0.3621341731282234, 0.9769963413194982, 0.5295310933101511, 0.26789329076520907, 0.8734860888083547, 0.03480446970831008, 0.18141521815497053, 0.30045716294141833, 0.11729715212306602, 0.8064681359065357, 0.7425261011018086, 0.7401096398602235, 0.35939504049098403
0.24447704241037227, 0.8044380450196611, 0.2590324873888329, 0.3002504672165256, 0.25957614010141816, 0.38281009188894666, 0.7126386797996883, 0.4263744227653896, 0.5602429472147881, 0.36150419054039706, 0.6673692100761377, 0.23095473888098084, 0.6604716666367212, 0.28025645163106017
0.20205660140597814, 0.5362955887999852, 0.9421332636449321, 0.2364986919848432, 0.13239857215833217, 0.7396586242659572, 0.058405399972295324, 0.47091985145208104, 0.348106182544746, 0.5491138519841102, 0.02493782069898287, 0.1594347332988174, 0.07437220314084436, 0.8382465161239099
0.14271523559076238, 0.013457701531650712, 0.7751140346619173, 0.14090868620254382, 0.7842327582792721, 0.3524825962460957, 0.8312809620026039, 0.2684819512417823, 0.9556903499050603, 0.2896085738534657, 0.20974723867772493, 0.952753784310182, 0.30037676315284967, 0.7550278960471364
0.7807406516710881, 0.4153761167915707, 0.8383650204447943, 0.02340368528391812, 0.16273561572478445, 0.5146753218751912, 0.6446665826568783, 0.6776635931485182, 0.7244429367219313, 0.8433432706759193, 0.4891311620489477, 0.6744946670204388, 0.9894039350656143, 0.6994632598010849
0.6673790549683106, 0.3448796310719643, 0.5698566827680708, 0.43808819294724133, 0.26620667458301905, 0.6987153893249779, 0.10007748823913509, 0.7831777245376109, 0.134193928217472, 0.8372828672576983, 0.9963595209021505, 0.6417212489384625, 0.9542968646703549, 0.4204144416979121
0.4831304808267385, 0.3294539057312136, 0.7069518061192167, 0.31791738265887315, 0.9809795652344205, 0.3484299848177772, 0.7425083857062669, 0.5755385538617126, 0.655389506655168, 0.9908937866072459, 0.7730727007752244, 0.319009291633218, 0.519009421002967, 0.3595718016136531
0.8113442645207282, 0.009940419270561995, 0.1229608553828071, 0.5599108780933484, 0.2312614773094842, 0.024562570402662742, 0.45100857775047654, 0.5792439049203204, 0.1599782704888959, 0.2648405974086847, 0.26878869371646363, 0.10198711252496229, 0.986918043235827, 0.7184580428778942
0.7332433564649052, 0.4491411015466954, 0.041540467050678154, 0.26899343779947316, 0.2405361583503023, 0.06791623099899702, 0.8593290096220753, 0.2657734478643228, 0.15463797489388365, 0.6168189687873865, 0.292094697649373, 0.06693985957536641, 0.8909724365761243, 0.24342150839974708
0.37953484251601444, 0.03144027485188383, 0.8031672123349006, 0.07082611573368713, 0.8433717923949604, 0.05038972495845706, 0.7560362046921497, 0.3606455852214778, 0.21141137336171756, 0.1373163358955587, 0.555280564726258, 0.9706894372509338, 0.3729077593314437, 0.3951320849094392
0.8209247999236863, 0.37843614636764134, 0.3558192098980473, 0.04124066523098058, 0.30219339291541103, 0.5195705597633143, 0.969621077579303, 0.25154959578264546, 0.38034380279666036, 0.3171511252095376, 0.16630246871597443, 0.6212131499615369, 0.5098155736528469, 0.2791480114205558
0.3050659124305337, 0.919070671553192, 0.6277330010858434, 0.6485767934367903, 0.044629078577354986, 0.6848839040316844, 0.47024877730420367, 0.4317848962813796, 0.8086728773637871, 0.17239304344862094, 0.4340351909386114, 0.07365820369843368, 0.22538928586748364, 0.9029751580010785
0.48548945821075307, 0.3060109034026013, 0.08311226461313914, 0.9811906216965295, 0.9211482697540588, 0.020397468552149522, 0.34717433130793585, 0.7008833894854395, 0.3447770224882972, 0.6508594399030905, 0.8879229632377341, 0.6355696224764776, 0.5414911207454586, 0.14175826678520853
0.12054791280614574, 0.9480177050553628, 0.10239484324229708, 0.2125290667248878, 0.7042676337837339, 0.05550507966613172, 0.9977552049666824, 0.7627760969032652, 0.19725599087697965, 0.3658965574256783, 0.6216906772878396, 0.4898140990284702, 0.22585834818164263, 0.6326355517787166
0.0012501479378640434, 0.6630465641518322, 0.034039481502424085, 0.2790722851816083, 0.1225060851270513, 0.29326338416841213, 0.5729759678783133, 0.43331364858466004, 0.10094588811522143, 0.2563023443213087, 0.6171113965173842, 0.20284950152830528, 0.06033443810239214, 0.9962667162345492
0.11130799316493412, 0.03805231299414458, 0.6863239674227855, 0.6713839136306065, 0.714548149646491, 0.4497332959281888, 0.22540450953751812, 0.7124769071680117, 0.6887820408143981, 0.22736674862523054, 0.904262066582521, 0.05433780852777814, 0.9388620631654263, 0.7987081229502815
0.6054026989050236, 0.9021552211664187, 0.7337461174279445, 0.527212646514271, 0.9377612207630497, 0.29334013557170846, 0.03678262161849477, 0.2715609672493454, 0.8664604985269385, 0.0772734187888231, 0.261733049792349, 0.9831283477578101, 0.4037547453367749, 0.9328385494758767
0.38419592967923843, 0.5110593022405011, 0.6846423258049081, 0.690561961713429, 0.5346507690375615, 0.8748154750975309, 0.38353978336894934, 0.16948376490309525, 0.06300431670349316, 0.2556532634016234, 0.9346362921969937, 0.5121292048637075, 0.18261564210324932, 0.6031351539591879
0.7976594240857932, 0.09813399095787179, 0.28053353677595716, 0.6158632593232665, 0.9328638626412914, 0.3578641909592889, 0.4648962847092466, 0.641095414006081, 0.45410939768562275, 0.29626198423846095, 0.4851885083395274, 0.8081261412492536, 0.46772206233399327, 0.9828630975253242
0.18565363913294985, 0.8732944508147434, 0.3133594901822988, 0.25701649499733603, 0.5091356146568831, 0.2629688561338952, 0.13556609372734985, 0.4608930002654027, 0.8766743490288865, 0.7164633031689865, 0.10636876025745867, 0.584463796193799, 0.9519606859225912, 0.15787363320588355
0.3897391665500084, 0.4341239332141189, 0.04653061667385083, 0.9889440172239533, 0.7035018487016397, 0.7278634129732826, 0.6970855252962572, 0.2716812517024364, 0.32173060248920105, 0.22007938187794462, 0.8424082716871194, 0.6452201005973913, 0.39974725877564865, 0.7301177683657156
0.7448509412299896, 0.5519879132741599, 0.4356918608939587, 0.09661811249341912, 0.7116905186760664, 0.42845334254240053, 0.9501204641278781, 0.15509260728365282, 0.45404699749703525, 0.9962245060395457, 0.4819064469115636, 0.9471797709621815, 0.7102285067067473, 0.04289926114905951
0.9940036568392716, 0.8486102722496279, 0.795912636684722, 0.1213864002454147, 0.005505584409185138, 0.2945139151648274, 0.4454226822076849, 0.9064275143081416, 0.09398775002129056, 0.19213343462794819, 0.12165043479328386, 0.0513686765118756, 0.3988896685399047, 0.32101611071552727
0.8281192689272681, 0.18069404324894744, 0.5017038831979577, 0.09489168599539588, 0.4686923003737833, 0.07266170861545507, 0.6855390477351616, 0.3724546824070093, 0.4734503405500732, 0.8665236363817213, 0.7418710976404722, 0.4317328679409419, 0.2531500609175181, 0.7524210665567791
0.6799764888796413, 0.3795955630405945, 0.5788082797646333, 0.8862279673070776, 0.8528517409899672, 0.9071923891017867, 0.13900875647211974, 0.6605562176980977, 0.915806644307566, 0.997538871717984, 0.5513195199845238, 0.22033460018797024, 0.7579564867986404, 0.8608705889867807
0.9766984581840241, 0.7845181590829189, 0.47200104309810575, 0.9442381742981467, 0.8601126206288667, 0.11789846878137533, 0.08325974255504454, 0.04444107270276321, 0.07984709486363606, 0.3449207814529548, 0.33376842541815166, 0.2143144416572237, 0.9739789967680176, 0.4830400845076612
0.19535373462870964, 0.025577427797542907, 0.4828909666548207, 0.5423625404749661, 0.8985541403608339, 0.7452173614722756, 0.05836254451272238, 0.911913005669725, 0.006812416620329942, 0.23543571889941228, 0.39354058124891156, 0.5145263224597163, 0.7238477182375452, 0.033885640619535806
0.9300055678545811, 0.48401139052746234, 0.19021619808767454, 0.5500824634686122, 0.6209959183663818, 0.7076554093096493, 0.3355760536405402, 0.07145266245333293, 0.003278497570049499, 0.1270998671232395, 0.3544553399533831, 0.17427986018204655, 0.5288711426465275, 0.6158936174738977
0.7305068143813521, 0.16479610183536286, 0.5927582836655011, 0.8283292205109726, 0.5069479418192688, 0.12701980296039495, 0.16348230005817455, 0.6385488251276631, 0.6595761697448378, 0.5537897815535614, 0.31571334397120376, 0.8966103584116539, 0.742789505548842, 0.014135366380498948
0.5922710290670804, 0.18627418229124393, 0.8248895117383964, 0.18112493726397472, 0.6968074010403283, 0.6690383674015523, 0.9870084908543552, 0.3997674049171063, 0.2293432652289542, 0.9919520906815027, 0.8480635743739573, 0.22710485623547505, 0.25111931664029086, 0.7492439463623906
0.9067468642905349, 0.8105521778637311, 0.6513756629394443, 0.4198755607968845, 0.8826842408137985, 0.2519979318760244, 0.45511464714606575, 0.08402599924429899, 0.14499505005693114, 0.5768862767707692, 0.14724082009978912, 0.9698730338993712, 0.6248652619591082, 0.3211457352388921
0.03983042389442659, 0.06365181134789644, 0.690722300674852, 0.11102671143965903, 0.7618368458070089, 0.968192125746992, 0.862279870651413, 0.05143785105957055, 0.8458781757265107, 0.4069428373320323, 0.6994062852496346, 0.652936573082307, 0.9207092220042407, 0.36774390433745363
0.1582057247065939, 0.6925758883410099, 0.20708086405546866, 0.8363551201395083, 0.5146178707958053, 0.43958451806730237, 0.3347486967047546, 0.5561314746434634, 0.8287439273724007, 0.24332247622056624, 0.22592880418618022, 0.6764333776229253, 0.192044725121991, 0.09434327020684952
0.2671141860477261, 0.9913267303809179, 0.49539102591422157, 0.7577711803018147, 0.5426010719306765, 0.6440507880881887, 0.18970829899610941, 0.6601271422292391, 0.32133248153913885, 0.48799430693534906, 0.08998259556884503, 0.019904164660910495, 0.44625251391429976, 0.09942149977114345
0.3113647070724098, 0.4348097689417919, 0.29139346025337354, 0.375585300703826, 0.5026542292311993, 0.18355298198972347, 0.9189712658779728, 0.4170438910216099, 0.8752100859404902, 0.9498397618729709, 0.4885167003377475, 0.21082873349729425, 0.05415495449305019, 0.9526516216974682
0.8702268457425114, 0.21485882928798894, 0.6318237774569496, 0.3983210745347586, 0.987563732817887, 0.6081643230848002, 0.29182055483235203, 0.6354712390305269, 0.7792035474553798, 0.33806256139600654, 0.8717101718099528, 0.9581615169353377, 0.40370924784487994, 0.1030259421003179
0.15131983635066004, 0.918546049717558, 0.7532557073667119, 0.1635360764751178, 0.9788759149096598, 0.06704806076816361, 0.49284786347649345, 0.33647022642961266, 0.13368657912692083, 0.8336098171623927, 0.4963641838285858, 0.776879665227771, 0.07847318950128945, 0.7566399600124343
0.18949935616821845, 0.9337040242892429, 0.7629484668397088, 0.6416123316142548, 0.8396453432950057, 0.7220136813827532, 0.9307702665486002, 0.567694529380603, 0.6386742226877676, 0.09055259571016494, 0.18377489365165123, 0.654395271295928, 0.4723582741406367, 0.19518641668856695
0.6145925197751914, 0.9217449823614343, 0.4083555959674753, 0.97109093833772, 0.5365378216093605, 0.39616154839670803, 0.43000820484416113, 0.05964997542924666, 0.7565315244019636, 0.22089399211728045, 0.9435999207689421, 0.3186896551454699, 0.9019082071886895, 0.3316195218163973
0.4513539599055689, 0.9787768917848084, 0.16504199279061904, 0.6385093569385298, 0.5163145646034081, 0.23552662149351145, 0.629557889924026, 0.3431234638891768, 0.65791329836921, 0.5206115037430261, 0.2605699734151111, 0.6913159608387361, 0.6182598563252846, 0.3950515019756907
0.22510085734982777, 0.31513304961384336, 0.9457040684909809, 0.31879048489125816, 0.9802154481393112, 0.18737493435247332, 0.5269018016696899, 0.563465812629785, 0.7882960194829088, 0.8712825728875074, 0.5258972658245414, 0.8097189169376632, 0.4039605555605189, 0.6904331161767957
0.8850130353539754, 0.07388505302269588, 0.6551585253357589, 0.29333193170982663, 0.3090993752752461, 0.4084548556507379, 0.738154125345767, 0.18935523029870915, 0.816446772297951, 0.6577503160693142, 0.300128300306431, 0.4816450563134731, 0.14496667137228347, 0.078092126409808
0.849591791760092, 0.22197448974320166, 0.7813582454395663, 0.6443110990120383, 0.6304116306670945, 0.6058698377208264, 0.01941088423982429, 0.7036451129526223, 0.5579937130520898, 0.23482780385143498, 0.6012362688008072, 0.40441762999742725, 0.3527716701217024, 0.6229414483828096
0.8653385297082832, 0.5345466651253272, 0.2809247334333935, 0.6725713414466185, 0.504339548752302, 0.739631649332946, 0.7771438197956201, 0.8681994486685787, 0.6908343660309337, 0.9767569574179816, 0.1070083122445884, 0.10066138991705398, 0.12952762687160058, 0.45078374484447425
0.5605165104697782, 0.10624517254247778, 0.08105973680225909, 0.1842491900550174, 0.5867397169798476, 0.42968485700575776, 0.703067120811352, 0.06704996331134361, 0.5404669949158611, 0.5581556881875003, 0.19862818805567428, 0.8030206325734899, 0.5926950694359108, 0.39632325831357573
0.762189040961164, 0.22024369597359572, 0.9815079884226448, 0.40215777286506615, 0.5354815845959001, 0.23976889965352643, 0.21499967375311158, 0.6626421291142433, 0.0878147672573446, 0.7568188969670382, 0.9224294260161127, 0.1935289859818502, 0.20191263680292038, 0.9175680450981801
0.02753787680428854, 0.10588603553179943, 0.7548304381458424, 0.0640272586169931, 0.13287093439794295, 0.48754628892119645, 0.45704358666523714, 0.6614019640302706, 0.1756150254319414, 0.16085526125124128, 0.23703700620759782, 0.7927955249468488, 0.4351605500626202, 0.18080040250803786
0.8233758019403622, 0.3440069805960594, 0.9791076841097752, 0.5644978381529149, 0.9889933131198176, 0.058789620236776585, 0.7959491702719977, 0.498580335237259, 0.6779176914306148, 0.2939269713202757, 0.9105619658743616, 0.6592465961766458, 0.4008445400173296, 0.982417816322692
0.6736041045603108, 0.5972824478209801, 0.6982106792364372, 0.977016040594239, 0.09221640282781063, 0.8012344657581946, 0.880671122269801, 0.3421125085255562, 0.10461144114325271, 0.004754829320231968, 0.261816817443704, 0.38915210027042235, 0.3091930198041326, 0.48589837262039326
0.6383088127646098, 0.5470455336361058, 0.2877535575295861, 0.5357643287478923, 0.044716438423904936, 0.9151603307011569, 0.5108877669373456, 0.003995312748661717, 0.881070756248075, 0.5169914862427242, 0.24974824151091712, 0.00591301692516033, 0.20267029059452213, 0.6668170810999989
0.36773163630259664, 0.8815591360879502, 0.48531940158152764, 0.7228049949219342, 0.8094214693618249, 0.41016358614981663, 0.1458866052493364, 0.4917960718703127, 0.5447340801715403, 0.7827126860062242, 0.11837587117063975, 0.5347192209089915, 0.7741401511241042, 0.9158947803730982
0.7664816124035863, 0.3678424723580892, 0.2801057991493746, 0.25467806021785033, 0.39178650042558205, 0.19471951713717983, 0.42003979550975423, 0.7370713707580583, 0.8145624057815566, 0.9454228016801949, 0.5631594948526135, 0.43638559460866444, 0.4438737996347478, 0.2439960932219195
0.4109031007304954, 0.5423595287577538, 0.7864023450027636, 0.7363794887022114, 0.44321942179185625, 0.1426095148935289, 0.08962480215127844, 0.8672053658283647, 0.3678494962276674, 0.45696427970569975, 0.17901625904261664, 0.19202293086203914, 0.02492456721644143, 0.6880940922882054
0.8548109395902429, 0.7333597693731695, 0.1850652186442221, 0.7687267366709719, 0.11928905624558517, 0.8267156323906489, 0.405554065992368, 0.5588817961792809, 0.9924381662407195, 0.09692176019769283, 0.6400126354869171, 0.39267127806121815, 0.17266025287938958, 0.28327514155575195
0.507922072757554, 0.3084749322829383, 0.7815676516864709, 0.5424473968839659, 0.7287391329556638, 0.7781484626920917, 0.6933325970614016, 0.5122643699248188, 0.031267003206510546, 0.8728840093208595, 0.09669971868304283, 0.4964797422544648, 0.0026890923698607017, 0.09213623793157766
0.8707531799103726, 0.4436798872288138, 0.8770383493170153, 0.4230284123547634, 0.9964360412248434, 0.9337084255259042, 0.8522453546902883, 0.9202962308837639, 0.03454940982173271, 0.37918115872538416, 0.06991845895193571, 0.8594204495433548, 0.15172760056407153, 0.39798243724008175
0.7231307625012556, 0.0735538387105732, 0.8983769976512029, 0.9081328719569947, 0.12246794825391794, 0.776896960546944, 0.8912656035312216, 0.6265287129931963, 0.3127130173326623, 0.4575318361859768, 0.45858576159348996, 0.061873985339220616, 0.3337754132720496, 0.6219427566018602
0.1166768786561374, 0.5665606804035972, 0.3225555313458136, 0.47834992953114797, 0.2365082415362899, 0.1952717260022011, 0.5842513338825808, 0.819691034783966, 0.9641359628377939, 0.2521389924818638, 0.29915000893146404, 0.5692829609281242, 0.7873530003816231, 0.8702199642987116
0.601626558584158, 0.06311080273519487, 0.3620543014498926, 0.43298931932219475, 0.5726849108868762, 0.2841008784207677, 0.7598801840003353, 0.9929370644593102, 0.21717325031373136, 0.34929630391115696, 0.30161162258918695, 0.859298857941061, 0.7043090292632835, 0.04700150390738467
0.3688638255176707, 0.7492657225349986, 0.24444472013208984, 0.2714180140183077, 0.5957212041276383, 0.1873352387700442, 0.8252853674418801, 0.21852428564058413, 0.47736991053956257, 0.9006022928690217, 0.25214938839354706, 0.8552428592980037, 0.9080967136285684, 0.9914635415103041
0.6494159854837327, 0.42451758878950885, 0.922085655218783, 0.6928553431734769, 0.7469916809203703, 0.753691910600313, 0.45457378229453704, 0.585906912720945, 0.34304242964261344, 0.06836944975536763, 0.32383280046242213, 0.5948542568130553, 0.5218634462748853, 0.6706482162169092
0.08656299096042452, 0.774323645766544, 0.11435907269601264, 0.4273120819508067, 0.7182960922626302, 0.00985241011950666, 0.6919144057308785, 0.26257448004279393, 0.6302599227985389, 0.7355676344913075, 0.8645180552965945, 0.18610700892963128, 0.5019204910708296, 0.2090923955258004
0.6341464253927037, 0.8444235467253344, 0.1878323994582889, 0.632214593626648, 0.7564967924398619, 0.43910400181801046, 0.37703436193336193, 0.5289031365171829, 0.07154523871564233, 0.8789516796555832, 0.6357496941134778, 0.2758223569444903, 0.258067626764093, 0.07439336529215446
0.48298236713865905, 0.6920762542288792, 0.5444978062080947, 0.3811785439348153, 0.8990574906133804, 0.007825095322345987, 0.5193919621975565, 0.35888652558607526, 0.5700896041176717, 0.018061334365005677, 0.7117526671180882, 0.7692939634846321, 0.9916653305752353, 0.27429155323991794
1.17559166033e-17,0.000830008664586,13.7944268823
1.98865276711e-20,0.000665877337789,8.47156987528
1.68822540403e-17,0.0111524489683,17.8366463129
4.89228887988e-15,0.185456001108,35.1180563656
4.18636124809e-05,1.68439904413,6.68669081428
