$x1,$x2,$x3,$x4,$x5,$x6,$x7,$x8,$x9,$x10,$x11,$x12,$x13,$x14,>>f1,>>f2,>>f3,>>f4,>>f5
0.5807121634058656, 0.10239107830490901, 0.04493617263765737, 0.20451946383903774, 0.7024302026817364, 0.7814659634526219, 0.12801522928194953, 0.10742834903018916, 0.5392466300565231, 0.48781524521574315, 0.2595104092284648, 0.279986321966062, 0.7359166022473727, 0.25643696738317345
0.8196274706685192, 0.04822411727564935, 0.3667946367213907, 0.03076226618658595, 0.7789999412615398, 0.7997751672080646, 0.3512260153417155, 0.8995702197733956, 0.9676690355004217, 0.21378619943095034, 0.8420348042861038, 0.5967035598491275, 0.8283054089173645, 0.4381305521637274
0.44586055424411075, 0.3328074544622279, 0.20235391028100558, 0.3177963054364149, 0.025614780617612465, 0.5148499497404924, 0.8356877275707707, 0.6279628699679469, 0.10467720211000042, 0.6480493830935832, 0.8215219136482822, 0.9470761363327551, 0.13906106331586932, 0.3654325267633812
0.2763797239448389, 0.6328206474142788, 0.4343312755478951, 0.1343660171503802, 0.8422736811328335, 0.3448287737441684, 0.041629943250432344, 0.006399081811962248, 0.24622103705873832, 0.34728333602536066, 0.8055953765259797, 0.8391947297208052, 0.2060722457103572, 0.10978616858898527
0.42309984592022587, 0.25898654122357456, 0.13999704886983044, 0.24659897546903686, 0.3882484282691049, 0.0986399222977754, 0.7113456774430402, 0.13705815998878434, 0.8923404580071076, 0.13798154523391548, 0.5196033691308226, 0.02348540455195025, 0.5564070291601689, 0.7008320338296914
0.35692293521933327, 0.9229258236233941, 0.398790117444236, 0.5461988648772363, 0.9160991790879982, 0.9516223282047406, 0.8084448390072759, 0.9805183276351795, 0.5200396651953803, 0.7697839444681829, 0.14292928873584798, 0.16353165828306293, 0.8192549346494219, 0.040580462838062714
0.004078218325874072, 0.565243334815813, 0.6139896380084766, 0.828034131112593, 0.3337110466740405, 0.44776101796622736, 0.5566235460204318, 0.18479534369626593, 0.6571834062630562, 0.2286883194010526, 0.20395880356318585, 0.6759439857821433, 0.2163049336253583, 0.23072342651206523
0.3776211071775375, 0.9169655080738575, 0.9137786413932233, 0.2288883749639663, 0.421451365207115, 0.12456722741236781, 0.6202452761278704, 0.27946542681122766, 0.910221952166374, 0.41292464940080253, 0.6430272811100075, 0.689999779795387, 0.4553631947544545, 0.7671817134161959
0.018857199532727464, 0.32688202935201083, 0.24225388119210378, 0.8741879711727222, 0.7086373284207975, 0.2500670961921809, 0.8939342167299124, 0.5370805926426256, 0.7208003518183809, 0.9848985219202068, 0.3160750252862158, 0.22411621250346692, 0.5471200796155078, 0.3407783384808424
0.27995229160777046, 0.607896992239507, 0.854183778252603, 0.8831378480379003, 0.32945804481496466, 0.7943656977143299, 0.8657150733027046, 0.1306926644136549, 0.05929312643295248, 0.025103063289966254, 0.662777708514412, 0.22255359263640961, 0.6088697660896022, 0.4571559837119126
0.5864721172019949, 0.18369958567964584, 0.5576651756456762, 0.16625515850650174, 0.01185672750430522, 0.9652781589609443, 0.10155007741348332, 0.33492736165243797, 0.5739982198703468, 0.5042250608383313, 0.4428353472014821, 0.7532601456321592, 0.4010126185306646, 0.18310177824436447
0.009404359677110063, 0.8614574301022274, 0.16601530568430956, 0.6839783170008004, 0.22899138534810004, 0.8373547275798082, 0.6529334146480757, 0.5667681756015008, 0.010569543928024006, 0.4312450055822836, 0.7481512579524681, 0.41021337483112774, 0.5052660091715675, 0.7858643791986196
0.9581025903632294, 0.6245263455209108, 0.7155821109957711, 0.11895293264751661, 0.435599108053205, 0.18077178245966297, 0.35021651511721996, 0.4949195066228377, 0.09776420902792415, 0.49356373854422453, 0.12658279418862917, 0.3089652849543918, 0.6927687592689782, 0.016907949129554622
0.017701952752214423, 0.2525957776337776, 0.7617222585556133, 0.885923434367318, 0.8740884455509118, 0.14242558863629828, 0.5893626335627951, 0.21709042500350506, 0.4874939886683307, 0.6747328477923604, 0.050482024373525, 0.8585678626365106, 0.02230859721358236, 0.23904658302898163
0.26879429971588076, 0.623898034228766, 0.7327609598954511, 0.3905421829308089, 0.3001719137810668, 0.8090653073479129, 0.18662667794144217, 0.9037847119064186, 0.8404170099464083, 0.12376105626460343, 0.2631945126688162, 0.9688768861922749, 0.8044963795140372, 0.32139430159642257
0.04343673818683591, 0.14460249665336833, 0.7116623478030644, 0.7516117053987329, 0.14856602355921655, 0.5221550432163685, 0.37547858747349283, 0.27516087113463905, 0.25790245798646083, 0.22040249109215837, 0.35228004731266327, 0.653332476025628, 0.9650421664965756, 0.9817168160657522
0.7528933130376795, 0.08638404059096416, 0.3016145308538305, 0.15507051588083243, 0.557450346269363, 0.07912245074482438, 0.18536356504357088, 0.9001915463963359, 0.09254776099723128, 0.0321258686224174, 0.8892569179477371, 0.8376731298619758, 0.7982981329351988, 0.401827738334523
0.8997168337761116, 0.2669264071688777, 0.2249301278959226, 0.7983910087892058, 0.8556505613499024, 0.5601304875760609, 0.34189412030859856, 0.8427713233558459, 0.41702544327165814, 0.07150135616170361, 0.5127434123678709, 0.42746143463676, 0.26799738072372004, 0.8586445343118805
0.5443175036448958, 0.20165490120359675, 0.15384456439756156, 0.8745152181635741, 0.295525704377845, 0.41805930428373317, 0.33506320137105183, 0.8888212113510765, 0.009229827997569662, 0.2867476425235248, 0.10092443631127535, 0.16081619384184787, 0.7327060858044316, 0.5206841359967131
0.638312224294223, 0.04714426854764575, 0.6681470847617454, 0.41505010762355865, 0.4570092078876451, 0.1306565423769862, 0.009304842287565784, 0.060314976638216056, 0.9739033382802363, 0.5948573386656972, 0.8168618730653124, 0.6669128540913364, 0.0002989246137335977, 0.808436923751377
0.4516777613166383, 0.9863341328301406, 0.46157934855812865, 0.8141363564381974, 0.18718411155533854, 0.948083394043757, 0.1829212052007636, 0.3769583602367902, 0.3039643476777679, 0.5047402557908628, 0.369415235138015, 0.6387251964525791, 0.9845763279181408, 0.6041952820475153
0.7926080647486945, 0.008678918229120813, 0.6012812639184132, 0.2746491735777694, 0.38970699602443437, 0.5386736807505302, 0.17828131060572472, 0.11938089402299157, 0.6634540257002954, 0.7735802092541234, 0.7848457652850306, 0.03859335748019477, 0.7042483248413537, 0.156459207756242
0.6378591223186564, 0.7080590204817392, 0.8410339788742697, 0.7796653978060779, 0.8575333576236565, 0.20976756736456348, 0.5047454543210304, 0.7656399573844035, 0.5658941367313344, 0.5135557367900677, 0.3333252593777214, 0.6086309327232353, 0.09224864733675142, 0.5867866651367676
0.36222433558358524, 0.29357561028936974, 0.617780658830558, 0.20957590505061607, 0.9048292979370066, 0.19300596588700214, 0.8891935662817595, 0.03736055506096769, 0.6517411962785888, 0.09321888154865554, 0.9102473904525398, 0.9128240036328555, 0.7541783313149144, 0.05217720698068651
0.5189640560982777, 0.9317477722485173, 0.9208126301649388, 0.8255170834109465, 0.14334470855628312, 0.46890343490359876, 0.6914355267618311, 0.0744753369833473, 0.15964283087028153, 0.7563238241223339, 0.8936415456173042, 0.8079673934324304, 0.5745579675615773, 0.9090338919990905
0.7016820009669343, 0.04519772721020576, 0.06516501732317115, 0.604282352221169, 0.524238903665499, 0.03429774044605172, 0.8169519807627474, 0.675847251527583, 0.8912846484893598, 0.42409709669310036, 0.9601165489938664, 0.010675648387978631, 0.7348991062058747, 0.24079954034117812
0.9178319883020096, 0.7519507373099591, 0.7804031598832953, 0.7285760416997066, 0.18757006142652632, 0.8701939365965756, 0.11889857629842449, 0.4035899850757657, 0.7273108753627571, 0.05711701349596243, 0.04425528633163922, 0.8665189958424735, 0.08342852890472052, 0.046996937462597144
0.9132475445733325, 0.16874242292184738, 0.08061904527099306, 0.11495048716000134, 0.6161426551452669, 0.24773308102761538, 0.32582219028809845, 0.4506247003724707, 0.44849800101367854, 0.44556925846400675, 0.5399497355251319, 0.3194130518223033, 0.682964651871688, 0.9266627317240173
0.9596057984162636, 0.5637188258979786, 0.8487435763391035, 0.14984751448903866, 0.28710496272769115, 0.4115815980204369, 0.07771267772205015, 0.5475195389661093, 0.9773373754057915, 0.6538902861983565, 0.3291613803963678, 0.8350953064698519, 0.5793038388115429, 0.29325125234857696
0.8033258715380821, 0.9781883804449649, 0.753519750463225, 0.7536914321092639, 0.7697634005148012, 0.28725175684828963, 0.03094359803694513, 0.3489828915054193, 0.8849743259092194, 0.5328291545653518, 0.42837074284944365, 0.4784467693452026, 0.8520443117062985, 0.5929554393572
0.4787188154581432, 0.6845810868559843, 0.7906312698372074, 0.7353255274943233, 0.03802017304741023, 0.6387672318034541, 0.9070885616896063, 0.49719325607958553, 0.8234554160870565, 0.8575628166761173, 0.9542679006858467, 0.9453044612323904, 0.8567692192087697, 0.30920851518962145
0.2512009320249081, 0.2771044276976595, 0.20363037410134277, 0.3039642188867766, 0.15711567160939877, 0.4010910371453569, 0.35281845920037647, 0.8583813537476367, 0.6753041728549513, 0.09695589755129652, 0.6223475411797037, 0.6422362343839954, 0.7040524485359678, 0.2439472330979655
0.7492592138464119, 0.5684173116930997, 0.5319120910913411, 0.2569457828969881, 0.6770073256382492, 0.5497168480122251, 0.574395832656452, 0.39831231567423064, 0.9183502347639985, 0.6215469109306926, 0.39220907342724187, 0.7224131625332231, 0.6209826839557797, 0.948331058259791
0.37091640116618174, 0.6126303929324874, 0.7450838206764766, 0.24619637915934822, 0.41263977124570717, 0.3136358011153878, 0.5667205910093461, 0.6080804200002105, 0.5628846058653999, 0.013889564668159049, 0.5244756223365099, 0.7311272051496365, 0.759801628061281, 0.7994603006279901
0.74535867404642, 0.783312664279415, 0.8905508019065589, 0.28380491980132694, 0.8082545057245107, 0.4519239015162819, 0.6776905498958313, 0.8162286971424644, 0.31999171566825757, 0.3166955370915169, 0.5853377529612375, 0.5298736903883278, 0.4326805200132544, 0.460103690427186
0.6694439364911139, 0.41669495265288947, 0.7974882074647476, 0.4216638329443825, 0.10776816660802468, 0.19598981012398375, 0.21295538900295607, 0.3835774706533843, 0.6950742412598774, 0.7708907001536582, 0.8067254852161097, 0.28887581169440757, 0.2006971252960612, 0.015052476745714527
0.22873226890038978, 0.34631811913900845, 0.4762677443455181, 0.11698063104596701, 0.8840526961154168, 0.13291789469674287, 0.4791299272926868, 0.5770354819572037, 0.5160748386324027, 0.552417867439067, 0.21256151218864539, 0.4092495142813325, 0.055324400105368876, 0.7214707540154713
0.7311659254400472, 0.1699309501973112, 0.4456494560546054, 0.9372841613839655, 0.974875901900455, 0.6135999542145127, 0.5852309220132473, 0.44593427844240874, 0.332995646431988, 0.979991396221783, 0.00014681174368524896, 0.6356642125964531, 0.6538269713494994, 0.5838960588636363
0.2505584468425266, 0.8160196698044374, 0.1395694099828575, 0.7193836154088609, 0.5398146480417968, 0.44877872248112827, 0.8095375283200713, 0.7793705274497011, 0.36398079703801134, 0.646903450581548, 0.8702317655157407, 0.45105325211163616, 0.45566980537373325, 0.04922906296719476
0.1033313430618158, 0.796587546906117, 0.8389283475124865, 0.6043772321554718, 0.9330919443750632, 0.26809813033146224, 0.12619827761976432, 0.30789634365120766, 0.9426997393413696, 0.6497341216501884, 0.11531813242303413, 0.042090681480286496, 0.41555503206292366, 0.3377969572192938
0.3662781348610672, 0.8820943076318526, 0.34223203427202753, 0.3165273972811383, 0.6297034325598846, 0.11772414806288867, 0.547359072705569, 0.9771834293856384, 0.4685961247716336, 0.694743297875513, 0.5140225066355565, 0.6111884370439571, 0.10757700207074661, 0.39149032462920974
0.12010607117045624, 0.9902256864201221, 0.021504801388360972, 0.3152414693226072, 0.8146744490232684, 0.5906180208198043, 0.5047752803210764, 0.854111929484168, 0.13326708795543318, 0.3639473939829554, 0.6489039014318498, 0.5552764010424126, 0.6353899084854561, 0.3172615242772948
0.6214834225294645, 0.14438576174651918, 0.48424957385926526, 0.23477907217065597, 0.7711977223825456, 0.8608071745125535, 0.15888160279186347, 0.03396784097801153, 0.18387125031064733, 0.25803472171316144, 0.2857782601559563, 0.5152441227610439, 0.0921469480236452, 0.9517355558418928
0.03035021377045921, 0.14028726902654776, 0.8014072209131115, 0.40259655648717974, 0.9042026487560939, 0.8543216460370777, 0.41197169364212816, 0.25619651494891604, 0.06659979667498028, 0.4859295849706545, 0.3832167623926549, 0.8081927139712667, 0.47949416963411884, 0.6295868202733133
0.40265210482625113, 0.6797124551117668, 0.3864114696468933, 0.1477378135202747, 0.9297099152994217, 0.07580083967764195, 0.8241632685470369, 0.6974438232661963, 0.5442628658727443, 0.25208372298250026, 0.4183254094205605, 0.46075436115765334, 0.7574671896280892, 0.3520942166249007
0.5098397681740701, 0.9373179422463674, 0.35358096113475956, 0.6541100223131963, 0.5707360984227243, 0.687051983038726, 0.917974302681069, 0.8577558055154025, 0.30868159057775524, 0.4448261907147303, 0.28165720523846227, 0.9232377773446024, 0.670584240184035, 0.37965173776677985
0.08338804458046523, 0.32693291036337035, 0.43424476667421164, 0.060127069873495365, 0.6961184573225561, 0.21483674628033844, 0.40922049926886506, 0.7272557213415024, 0.030390484331991874, 0.10567867218544291, 0.06629257082820994, 0.10106579582933417, 0.7781815135278748, 0.5073894368662127
0.5895337055766022, 0.1752027155907302, 0.22887623182231132, 0.738156725053808, 0.1323276626094113, 0.612495592840781, 0.8154421287147952, 0.05053712757499329, 0.7714834380228075, 0.6100561540330879, 0.5163737045038309, 0.7247534126829436, 0.25454973052025665, 0.9484052527457801
0.8833929540565281, 0.37484578903373766, 0.1362456413665205, 0.9215921526627353, 0.5898570473800313, 0.6295812906687606, 0.7721202767645872, 0.9433175010755595, 0.6392595410526148, 0.43840152542417243, 0.4109055095007216, 0.08290692817681955, 0.230862274287024, 0.23701397113552003
0.10471609066871801, 0.9452962808836777, 0.9126852510149063, 0.845480940887401, 0.26428523413620075, 0.9639037737014386, 0.7263551659858746, 0.8437413340512281, 0.35362002924335534, 0.6816115087748155, 0.5199741134494024, 0.5851198821989684, 0.27075780381047043, 0.8160520039921687
0.04333924015927504, 0.7918510501297075, 0.3595492334686602, 0.9508370303339405, 0.9975376960062189, 0.15175468946184878, 0.9943711425763034, 0.4962560843787047, 0.8436293068318674, 0.28709821605124564, 0.2766256115771376, 0.2593185116684994, 0.8709986138809507, 0.6419304134295619
0.5156167835070794, 0.24256443364088376, 0.4283617953340071, 0.9679417318148648, 0.4989117168037519, 0.7949121528088324, 0.8412161097402695, 0.31960682386430606, 0.9083041667664087, 0.19627744918071777, 0.9206902198763186, 0.4290166688391738, 0.9904770015762919, 0.0071133088621878615
0.6633782135278442, 0.32060872759252557, 0.44148149312858465, 0.5481689908740988, 0.8789996745725657, 0.3733530260730338, 0.2425913860551312, 0.28664020823322534, 0.0006381439464163696, 0.039945462748422034, 0.08232291601532382, 0.21797945545189235, 0.8938792844318777, 0.2508936857212385
0.5854220498535998, 0.7520681775212709, 0.11640110527597425, 0.5052298301122863, 0.8523606670218815, 0.6022567640145451, 0.38793784450965363, 0.9601144083531349, 0.5694537916170209, 0.048374076528657106, 0.6061869767192799, 0.20058655052648078, 0.7847381119121828, 0.5713249365123128
0.16545555767430542, 0.5654418566247417, 0.26073119467700945, 0.9874154925879559, 0.90411734143758, 0.7702874363525934, 0.11206400136676808, 0.11464603510499671, 0.28878208005754824, 0.5143335574244332, 0.7170899418034377, 0.27716563097122093, 0.13640257298515046, 0.49826023079977
0.9051802229863604, 0.7971658134250021, 0.7996374381148904, 0.10018702394527756, 0.5578585570550657, 0.010987961008403824, 0.5982480325728999, 0.22051916137893868, 0.7205842870870679, 0.804852306395648, 0.34474608213815217, 0.9724358030758532, 0.007686419083627993, 0.44094872996383006
0.8609261463184851, 0.7586748689727549, 0.1825227404955425, 0.49691890991595145, 0.06891154531595955, 0.29394915471789296, 0.09456991468047049, 0.4836710536714972, 0.3662309189669365, 0.9878002060851967, 0.5572640116389133, 0.7464191838145868, 0.49343641292367624, 0.8142320827078757
0.862405214181334, 0.951150499768911, 0.14942742146978316, 0.7615131755633957, 0.8553791780206388, 0.9240629246430622, 0.8078352705708652, 0.7541329050033417, 0.5658675456949088, 0.04004079532140292, 0.16928899107247064, 0.027798402824145696, 0.5964407733734888, 0.8653457772498458
0.7575205808918093, 0.048389843619775386, 0.4301270754015062, 0.5913165793638719, 0.594774164684124, 0.03000352559978725, 0.4963102181836506, 0.9261297971712383, 0.1082347473585501, 0.5644929699426543, 0.9826164557912114, 0.6098145400993021, 0.3326823757801203, 0.8384718711870867
0.23748274636700484, 0.5319774082073202, 0.4543287580520028, 0.9464993068984467, 0.2930574934369201, 0.21327441783820544, 0.6061832315140196, 0.7766944841917051, 0.7806075124477994, 0.022713752950121235, 0.9341519297606735, 0.39838274487001357, 0.5633494873297804, 0.9640254572059709
0.5730676533836653, 0.8644659321363212, 0.48549952782067896, 0.3502692566161283, 0.11208541133400374, 0.056744694785102134, 0.861190671057113, 0.35746291714919853, 0.7947849051060238, 0.26401296429276044, 0.5139429437266139, 0.8156638161504381, 0.4738821182666383, 0.2059245282703417
0.9187650884074596, 0.4275693748508149, 0.2863552112162404, 0.9098409470874038, 0.03212852410836997, 0.5731999903984956, 0.3150053751172557, 0.9368121409740148, 0.5964108411449761, 0.4749331431052687, 0.9363171256986659, 0.8677028174131242, 0.2004370011299922, 0.17665703088655516
0.3088992776483279, 0.7599631294744436, 0.3377339216896834, 0.2237430410348904, 0.5102629778014062, 0.8540387260097889, 0.23780024738998706, 0.28782133630171314, 0.15995024314783446, 0.9975057655051798, 0.0062385908216422425, 0.932947555154051, 0.08693555788966123, 0.14433596636968138
0.36443365125968485, 0.6011548254006375, 0.06506322248929786, 0.3563053834404353, 0.8856423463605759, 0.8716808043238848, 0.4174007817846588, 0.07650616668317722, 0.10455353968994552, 0.39779353052869737, 0.4102844953663076, 0.970097926430254, 0.7565701880919498, 0.9952116772840989
0.3391407470451223, 0.28713284993210186, 0.34008388953180013, 0.12041629210616311, 0.7926480330672558, 0.642732804871759, 0.7189839423908341, 0.403200918035583, 0.9475731588143801, 0.12677475090417056, 0.5808349458401398, 0.32505233327926464, 0.14512086675894953, 0.9032410715474162
0.6451738222034138, 0.5654496168605073, 0.6706308974027088, 0.9860134380960359, 0.07766102043048129, 0.24347369833822063, 0.8569083589628913, 0.175612030001701, 0.9124538450965641, 0.062315949407988125, 0.24564049326921067, 0.7652106637876238, 0.0521519735184669, 0.021141321813199054
0.6249864553113198, 0.6324128293690235, 0.973496922440058, 0.7210586683411422, 0.9964873094308067, 0.4009823768671119, 0.04613610373204291, 0.2591118824852706, 0.6549850013224557, 0.2858648079473145, 0.42494026623635217, 0.6521149975908154, 0.2724575426380923, 0.09305593676193558
0.37147564150611145, 0.8805506207731755, 0.6065106879131101, 0.5052315203105051, 0.9979750917763237, 0.028678449734703237, 0.30890459795684155, 0.5244480369457107, 0.31225755040359526, 0.2727914438989435, 0.17967546307072346, 0.22741052009476947, 0.06256191303065883, 0.11056441982957088
0.8445316691013217, 0.6858765996653149, 0.2843384588531307, 0.3383204113010808, 0.11025764944995187, 0.14130522607982732, 0.2944292882071238, 0.10838355880072903, 0.5586355632670912, 0.7665446676403921, 0.879790218030282, 0.23161802128197606, 0.2950748992356096, 0.3504128119800548
0.2530581777966554, 0.7089938183486935, 0.4031879636106809, 0.5230716423449194, 0.7933419361763124, 0.8992660899981708, 0.8310809974089309, 0.9165127059075793, 0.11007829179766304, 0.4802485381882464, 0.6853306013290064, 0.42122923148120384, 0.7930447939940336, 0.6551610363695266
0.27637803011204076, 0.7100033224696013, 0.08723532976975612, 0.4662570465737551, 0.00839616895445372, 0.1984411209549568, 0.7091143438887914, 0.4522906649844036, 0.7131911180465426, 0.27694441604980724, 0.4746448466595984, 0.7304274397276863, 0.8380666297192955, 0.03242530225111129
0.239229209982166, 0.2688996292085325, 0.8005149928051966, 0.5110465968837454, 0.2048060433892256, 0.36358684985849643, 0.5972562542113767, 0.6978182985743534, 0.16010205562302338, 0.5484056861857127, 0.05213834057894273, 0.4282099078916899, 0.9769224744491447, 0.9761002466371432
0.5203754116767622, 0.27792517960134144, 0.5547719189900349, 0.37455805299611566, 0.5735144228268814, 0.9903882426351202, 0.43611020688068003, 0.5194160026266029, 0.14546957735439459, 0.1485963679429383, 0.12328448033885098, 0.5735475604944396, 0.14033914079164722, 0.4412397243559977
0.8117885056912791, 0.9952967729831086, 0.3733549778006179, 0.4037215407284974, 0.3706062950105906, 0.011858552758026275, 0.9122504492606945, 0.8805662999700611, 0.9838686418326488, 0.7079961582413579, 0.13820009887658713, 0.40523168897226525, 0.26648371222360545, 0.5637019251328027
0.7472003650724761, 0.6169229415167536, 0.6871585566092718, 0.079541541816749, 0.5099969812106745, 0.44629106021971643, 0.7145309207576709, 0.7014125553412142, 0.12264452967695594, 0.24463789857276208, 0.4985678496727949, 0.2145252503074947, 0.23509474333772273, 0.8815379257694484
0.7690174314036662, 0.18249977943235773, 0.6809925227629436, 0.9768964486988759, 0.8951558050296158, 0.22781370282848912, 0.8999292489086729, 0.09384890796126377, 0.826490076624411, 0.6838760993196855, 0.14256657788919236, 0.6171728564363098, 0.17261338755077493, 0.5808918182688277
0.5322873724522521, 0.27164316374553754, 0.9410065133168708, 0.17550969293776209, 0.23968445186021814, 0.711000591123245, 0.29231598734974595, 0.6947337346192138, 0.7926254854311952, 0.7526841020786253, 0.7566768639837628, 0.603669108442013, 0.2811207277913452, 0.7137662268973001
0.9568239581790794, 0.5518339730202196, 0.5662416825354786, 0.626256784276046, 0.9772083466505632, 0.793466264414023, 0.2530559797102304, 0.6814260528497559, 0.49421851514944637, 0.6197769513923219, 0.9598175522292878, 0.6717110081520876, 0.7244544065101406, 0.7445120703605701
0.9093753301886057, 0.8661256133412555, 0.5793014437500461, 0.9458180612915731, 0.6909016666048838, 0.5028778305108421, 0.6892180538417548, 0.9220413715572532, 0.3541966864219621, 0.4900114048539108, 0.8201562415092954, 0.2928009323067313, 0.29117057124725854, 0.47150227188791927
0.5555253230925541, 0.7070763343102723, 0.2851643468448988, 0.5017929167838128, 0.7098424131762768, 0.5301332558046724, 0.7261574051222118, 0.10397710403587535, 0.01048278738406705, 0.5669616467357547, 0.9575434146362266, 0.4210047605017142, 0.9376095957507746, 0.8562703945091716
0.08046672932080368, 0.6326496237476237, 0.090634809999803, 0.6459921813662823, 0.03586462399018331, 0.5199851421615287, 0.6442782406306237, 0.6702839986654111, 0.1191217648282209, 0.6102050255199791, 0.10906151995843272, 0.612653901189936, 0.9157839222718456, 0.07053660004202711
0.06221131452515427, 0.8499047124277441, 0.1056327458608265, 0.5134775277851089, 0.3392542350944968, 0.04202877340474631, 0.17411502237420662, 0.34164313297377347, 0.7243621658995972, 0.01311685205539248, 0.7989146484385824, 0.5282411379998307, 0.4890949302516454, 0.5102318606391776
0.023423032340132766, 0.963885983776271, 0.31680293912127866, 0.49700558361057556, 0.9811426993003485, 0.3914447504727726, 0.8635270597058633, 0.9424690439209665, 0.8774459590815449, 0.15656989679861488, 0.24147075531188456, 0.4030482221614079, 0.8444993659332792, 0.6636529153643604
0.9466350991379994, 0.423854061301844, 0.5660890173163001, 0.6107408066599642, 0.10125309996776677, 0.00406353935126369, 0.717648038784586, 0.305925277893908, 0.33584087718634115, 0.6228444638990747, 0.7900032072020425, 0.6167711135232701, 0.6715906680410618, 0.747114434029315
0.6229470306747641, 0.9854511307587489, 0.08105584805443455, 0.03985321767355399, 0.6495177520437395, 0.81604996037011, 0.4235504686134658, 0.07671162065079462, 0.6055305139502793, 0.19942252725220333, 0.8263367113435748, 0.9464293169263315, 0.6667031194183944, 0.4582738402489296
0.033640226791591066, 0.26826432209152395, 0.6191627469404153, 0.22633862859746046, 0.8849827003864632, 0.4372038256319749, 0.34642111399091735, 0.20137176721802819, 0.8661843981393574, 0.50987569439869, 0.758063956212886, 0.01553980762889784, 0.04340360463770254, 0.1412638606811515
0.270057155013819, 0.4168885621170174, 0.4558902443596391, 0.2020542338468394, 0.8748159657839503, 0.06705396956822751, 0.7094259975584576, 0.19829403470399676, 0.601569335895639, 0.5445619318925455, 0.3934521328319288, 0.3033258807241386, 0.6528329795779273, 0.4197927450931297
0.3248246003387867, 0.5214744060090046, 0.12839391111276843, 0.3450753347771922, 0.6573822233414027, 0.8632985221056115, 0.0050611185166890005, 0.3064151632536193, 0.07226126889128859, 0.37078046484714433, 0.06622612146345142, 0.015083526468247954, 0.34482369655454537, 0.786155287649058
0.20958580992565312, 0.49647946569095935, 0.0763160998559348, 0.4467881890026506, 0.8879106334252825, 0.9560561854958777, 0.6156745448840514, 0.12399981460053822, 0.1750844771132829, 0.8945382370087229, 0.8253315404348134, 0.2244948196805081, 0.5099322004871754, 0.34124079076025027
0.3174836890276971, 0.5423063072602176, 0.9450733398049344, 0.13757590251473517, 0.20167556999125424, 0.24396373080328748, 0.3806172369476355, 0.5857481187897075, 0.6125150587040225, 0.5120722060822789, 0.6444958382554319, 0.9522576167982939, 0.6979488298340537, 0.01987109971534251
0.38062878772619957, 0.9037530188436534, 0.49863426789079646, 0.48749285759112326, 0.3537722744109931, 0.04421494812930238, 0.9145318970310872, 0.27659162082039845, 0.04913730771438318, 0.751824721489696, 0.9483341558567112, 0.06308029178437835, 0.4950319317545019, 0.6279752842011618
0.5610514105305648, 0.3193298997343853, 0.6397095757043232, 0.47034525644945746, 0.11908520267006217, 0.9978930898201727, 0.3872432302380675, 0.43297923726715304, 0.009536041068819334, 0.6301945457733374, 0.3801080415905127, 0.27104949062592454, 0.11598003500264309, 0.16819876037010395
0.446514421072,1.81347153488,2.63138872366
1.9543428647e-242,2.33531037355e-30,1.81896653767
2.47032822921e-323,6.11667366174e-32,1.7304941998
1.97626258336e-323,7.50102107864e-32,1.79527843922
8.63790087033e-317,9.80988298855e-30,1.62020456541
