$x1,$x2,$x3,$x4,$x5,$x6,$x7,$x8,$x9,$x10,$x11,$x12,$x13,$x14,$x15,$x16,$x17,$x18,$x19,$x20,$x21,$x22,$x23,$x24,>>f1,>>f2,>>f3,>>f4,>>f5
0.3302451885734303, 0.14366292534953118, 0.4718556020780492, 0.5614669993430131, 0.7628719832727838, 0.9736723822496907, 0.8799534978854259, 0.8302491044658334, 0.49316065121689745, 0.8712013401515047, 0.5210438339504244, 0.9336414512626601, 0.47969246108076014, 0.3765249090034525, 0.47023773668206736, 0.03561189119403052, 0.16645539740343218, 0.7654168024637511, 0.4587021669445006, 0.2809257019945155, 0.356070227900658, 0.46090640144279316, 0.6351627816358003, 0.6458837659275126
0.4135573443644869, 0.4003948752287513, 0.3838470693985765, 0.8053261479959346, 0.952079603903293, 0.7085217853993623, 0.5922149702114156, 0.11928831988192878, 0.14120183875854886, 0.47756737789586, 0.7960639066827943, 0.09888498415018676, 0.9423189221022582, 0.036509207414978984, 0.22048545739567915, 0.6203245367718228, 0.2755631123244483, 0.5105120770185201, 0.7902711805141064, 0.9482603890566014, 0.3034446525099369, 0.23256211498332857, 0.9726578777989069, 0.7093978362341457
0.03762358388484022, 0.6952464110084418, 0.20060662219414216, 0.6923767089890981, 0.2460753888149786, 0.5939093500322741, 0.42414198244793455, 0.06048907322411068, 0.38189834151263535, 0.18555700779794138, 0.7656525741556612, 0.7954489093358555, 0.26696461161802476, 0.6875517312980342, 0.9661787469421244, 0.14598743959342764, 0.26661231200841307, 0.20315482967112597, 0.07474358361658884, 0.7730276626916758, 0.9088758974091425, 0.8108695533902727, 0.9326961973773786, 0.7925935247171763
0.7466721871985037, 0.6570356373878483, 0.04333724030481367, 0.5340324497850673, 0.3815213811084588, 0.23793792652753154, 0.09769241952690166, 0.2852521188799728, 0.608183321196954, 0.164872552951434, 0.47427485275241643, 0.04193816013082652, 0.2796943664684216, 0.9657548120597397, 0.8395838468591694, 0.6213199495605164, 0.27484366323640375, 0.24347216054662446, 0.19982784085517924, 0.36765372972436905, 0.002687743683235877, 0.14956536089899775, 0.15687110529961756, 0.3146224358818738
0.6800102209128746, 0.14107343193317956, 0.11877509768002004, 0.5480520878395947, 0.21574476961652322, 0.16721191303894367, 0.0018517644145691348, 0.8137636325170087, 0.9334212071542751, 0.4521891165450478, 0.12954758974101155, 0.19754530752588118, 0.5472096529430096, 0.4454109990553119, 0.07408723821605823, 0.9716930589684797, 0.5032773650047494, 0.0038256203839137637, 0.5080106221130336, 0.2260223396523714, 0.7069118405093198, 0.9005310366189689, 0.22702192252265374, 0.6811294780294186
0.9432124146347522, 0.030155001196900955, 0.5623261592610765, 0.9080411048888228, 0.6564178336384777, 0.4619280699984294, 0.6121109357083536, 0.10701772920158514, 0.29941323593516, 0.756005902279874, 0.18859156721472592, 0.4167484737512889, 0.597197131705089, 0.09594090807190625, 0.23516300058479533, 0.2515889599001252, 0.05482868782670669, 0.8881019245308772, 0.10362057662996249, 0.3480066333701398, 0.6056797444339368, 0.820436247847588, 0.7922335937731929, 0.24959118406214953
0.940551641788377, 0.5205791585544837, 0.03339676800010127, 0.07053764848073951, 0.21183607347603695, 0.4319710062150818, 0.5205237175987033, 0.16729969608501694, 0.6430876623742576, 0.9424959185379287, 0.19268032532463208, 0.9608063998272719, 0.8105848770803344, 0.605581198966906, 0.8072731523936066, 0.8955233230705087, 0.967534091583984, 0.7072342000305127, 0.49328124131133333, 0.7245891891412346, 0.7665238753995106, 0.5977082058830897, 0.4341212204986563, 0.5573069930063766
0.2415346273907596, 0.37983491715148143, 0.9563620048140429, 0.4437501208491089, 0.6103099689879148, 0.2937777557592375, 0.7132204479231462, 0.5325750168264988, 0.34166098129575717, 0.5117790530896078, 0.46601603304091666, 0.5846320810021272, 0.20884296115315792, 0.879409434838859, 0.600224283398853, 0.918115107777383, 0.7017030767833923, 0.16573164376584382, 0.5396204355826981, 0.674769193185539, 0.9945663525534598, 0.004874356799362767, 0.9099531227327684, 0.02324121445327476
0.19181361259520135, 0.6891989048087863, 0.30461616659473356, 0.9872914418860842, 0.37386809439419466, 0.3656516099131569, 0.19332181633855317, 0.7596412512110045, 0.46045201119035795, 0.5410272372907017, 0.8938128302975706, 0.49064479763516133, 0.978363973458966, 0.0748481019530669, 0.11574003697107449, 0.16699439268446026, 0.09601561493031174, 0.1185417214751937, 0.1802015716006049, 0.28215065654950366, 0.7568061720851724, 0.7586362091303317, 0.7266328260649285, 0.7271228732566071
0.7549298962736877, 0.42175309848746456, 0.3860346525644517, 0.3417313978996157, 0.6030426801835891, 0.7538250104677942, 0.9967029611106525, 0.3386705179798246, 0.6480842325437798, 0.52737433814083, 0.7580435894140216, 0.9512816190048579, 0.00621055828939443, 0.7728839006523416, 0.33077878757353196, 0.1175787819971773, 0.10303114572090488, 0.26227686277911155, 0.012981992071675386, 0.08055711454310688, 0.5981765089313544, 0.42247983875484585, 0.04518916335519396, 0.245460645630054
0.8269199410264776, 0.1425609678508345, 0.29745545904270443, 0.6581139370622803, 0.09673872548007167, 0.3026800692157581, 0.03432322671296695, 0.31280776917035436, 0.11896564598060233, 0.002615293083551573, 0.3520975464154079, 0.401769371802118, 0.18949241620473267, 0.6241677996597196, 0.5240249554423564, 0.5947768714630723, 0.19901522601354715, 0.9154675324603466, 0.08926395921580732, 0.3273654507922056, 0.47983101974816966, 0.18351406017848215, 0.9057490955708589, 0.17056983108821788
0.8099764389206731, 0.4774001770778916, 0.2581959544856496, 0.9762538866307399, 0.343848815464451, 0.5239099547139978, 0.5980317288603985, 0.6786347164594743, 0.9865558226403065, 0.6170513671691571, 0.3306775194645106, 0.1721079367073871, 0.1169483699901348, 0.9334460963719576, 0.2503015466432098, 0.8973032606342257, 0.5634220844369836, 0.3466844111087186, 0.9371392391708018, 0.5760971774150513, 0.7488183893744514, 0.0842378764902777, 0.6849954624651784, 0.1947301516793658
0.6059449043374324, 0.36256088702073486, 0.2990490772940523, 0.32380060196444416, 0.41021761659414446, 0.8122655944900199, 0.36753886708937833, 0.49755668711519796, 0.5878127636131273, 0.5476773865353293, 0.8146031488600378, 0.7158803164604222, 0.15607949607975702, 0.3776282333875186, 0.626171965010114, 0.4190222470834911, 0.18429704208996478, 0.4157931870807041, 0.5948853173985731, 0.1928027039169633, 0.9031587957576206, 0.1605181389817114, 0.49271303723692295, 0.5910995418502686
0.5931976092391995, 0.664699801743459, 0.5503429530714203, 0.8920928837811959, 0.7172790567699456, 0.1697864930353966, 0.5414909866815644, 0.3274440943744519, 0.11581445241499355, 0.6578955798997509, 0.059333893416264716, 0.7883968960058874, 0.7639412210499485, 0.21044246163160407, 0.2852729069158957, 0.25548705324208865, 0.013711174408833737, 0.32823042337608477, 0.9813172291630481, 0.4992300843558519, 0.4505030515123388, 0.27432086546658807, 0.8617404493555982, 0.5099690364901631
0.8740042424647289, 0.21937896597380924, 0.9794238106762372, 0.38805395985159696, 0.2262831949483487, 0.5610867453195765, 0.638208051777236, 0.4624031891986514, 0.695159540117987, 0.977075057593732, 0.905762482625718, 0.11608386286115047, 0.8059640834680736, 0.4288270089422185, 0.6218872248644999, 0.4985899381097437, 0.37469512665992843, 0.560426739921657, 0.6939228069309004, 0.5057946923927663, 0.9734665491890196, 0.5196226504067089, 0.9456568983613681, 0.5482926951113442
0.6854909525520163, 0.6008789893643158, 0.7761751548813622, 0.306532105742508, 0.8107330085992833, 0.5606299410084364, 0.08531334820303749, 0.051261514698203836, 0.9965953936493277, 0.29593695690573507, 0.4740007045858894, 0.8636342059741615, 0.9044176422443121, 0.5916891056753367, 0.050714614073178566, 0.4823408614102933, 0.34025393231549406, 0.21664240127483692, 0.42243001149075365, 0.4541080154336047, 0.6291684309290377, 0.537790298410749, 0.6261703172986596, 0.42083968616326206
0.08108439341792617, 0.6536383417082814, 0.030868893460519797, 0.6873620458449279, 0.39704892492137134, 0.9487471231794081, 0.6695592263769827, 0.09944732401322631, 0.8816441844413442, 0.9355705472304333, 0.9073297466245701, 0.15008004060586733, 0.6628634833387979, 0.7298686180928601, 0.17561905162896785, 0.44122833075161716, 0.6984622002089605, 0.013166474882490342, 0.26442935112597354, 0.3502788663884363, 0.7647125315068994, 0.08573400765980299, 0.5647386756112415, 0.009405205277860373
0.890064213369375, 0.9535242779501393, 0.0008894517452845419, 0.5249450754595074, 0.5286608098564499, 0.8442058076067012, 0.27159309778430263, 0.8246000078935947, 0.19059638038602167, 0.3690444097014234, 0.3355761841263061, 0.3354192934137771, 0.06356778505383553, 0.6257460599963893, 0.49107400620484154, 0.1839478625393749, 0.11623290257838614, 0.7976153246112088, 0.9410842350939771, 0.7823491913058227, 0.8882626264011768, 0.04878791787882841, 0.1354767426549871, 0.4511698653340078
0.5012869126254693, 0.01698790431243724, 0.46554640972750305, 0.6853533800220268, 0.05170540648225885, 0.8931010001108554, 0.5021474285048265, 0.9303722303652893, 0.17445109172257345, 0.10403011444111365, 0.6744187983683395, 0.7493480359112451, 0.5459460046594234, 0.135080055928527, 0.7531434264340123, 0.49239031719514015, 0.6041362064073021, 0.3242317030163544, 0.8856203775454248, 0.7906447914148411, 0.028491680253125984, 0.6489070709155514, 0.6286387101560115, 0.8013812463955814
0.5457938884877399, 0.6114014694974913, 0.8179269479291774, 0.572056461840554, 0.9766852152108798, 0.9601715698767749, 0.6242738881346781, 0.40549990092437926, 0.10498749474648428, 0.8765578822213754, 0.07466145382716571, 0.15791392360959522, 0.469245240971237, 0.21401808579875603, 0.8982829767971788, 0.7561858677694363, 0.16715553793993487, 0.529105035366826, 0.06547487502724147, 0.32960773094662654, 0.13320079872390178, 0.32964888536826764, 0.9479662200728546, 0.872729506913407
0.8626183880246712, 0.421499264969852, 0.6934792848786647, 0.9809767637293688, 0.7006562667020928, 0.35341166553993786, 0.00031140151983166664, 0.1431368910311217, 0.7497525494916507, 0.2367700104079271, 0.2560108476346281, 0.36634469353693644, 0.9203131542214051, 0.6189188196819734, 0.20753084496233642, 0.7724953667744986, 0.6824550455523962, 0.1636645391699343, 0.4921038763287181, 0.8781354366963661, 0.1461705082386614, 0.10797597653303614, 0.9783394419906494, 0.5802390127318345
0.924270386456765, 0.2813305150648252, 0.4817916064094123, 0.13193780135530508, 0.7170634844048179, 0.7141027370185107, 0.05146483280817671, 0.06685938308387818, 0.36588308291627847, 0.01897335442897219, 0.5495437979149743, 0.7893372847057715, 0.09068834707835838, 0.8900728252538788, 0.5420179434608345, 0.9296316814202835, 0.5478683244151963, 0.34814453765153586, 0.13336380206279996, 0.6661866395829058, 0.3187904400714733, 0.7154562193751972, 0.951816224709423, 0.028359962222235247
0.16368825337608917, 0.5508756649207529, 0.8850720300130634, 0.7510871068350653, 0.7019154356108994, 0.8192416306463035, 0.6543230634009678, 0.09548448888828864, 0.4118218645945444, 0.07505248649718754, 0.9110345471418965, 0.8394949699154761, 0.5354060535400628, 0.25091909363460096, 0.5998924193503521, 0.6519238697238722, 0.7122088150365646, 0.5932775728874112, 0.37451437076544836, 0.34664907159945824, 0.4305735246803677, 0.051511502794418185, 0.1963541233275765, 0.5178625485924805
0.8881870185184685, 0.99532817031667, 0.9172846010983493, 0.27468469986200883, 0.07785818280606072, 0.5291452873703516, 0.527763069029688, 0.4501955013313105, 0.7353666317587356, 0.4953000429146739, 0.6861204158393699, 0.7491335094677203, 0.8290515320189834, 0.8843832343434072, 0.49616296315440034, 0.2832443780135565, 0.34886161685581596, 0.2961503549244794, 0.45471059661735347, 0.6233961548796694, 0.5050685009367578, 0.48461694931972377, 0.02977774852038062, 0.8117557292528298
0.8790721881655441, 0.09415384345066569, 0.9363619728361475, 0.780994091931619, 0.48401283456644206, 0.5401094156291627, 0.6967732466366353, 0.7323768554425785, 0.44279382192979044, 0.6523835507489706, 0.5838374449144327, 0.0653996099131664, 0.5046099445249016, 0.5705845577082204, 0.39866512380781804, 0.5509088622769794, 0.9260766351539629, 0.012218195509456464, 0.8832388092158681, 0.08587250201359953, 0.08768782040226142, 0.5901700590204011, 0.4377170181995428, 0.5984340367170665
0.08091344767141484, 0.18752733411469436, 0.2519910258724223, 0.43710443028858703, 0.9246196785732536, 0.6238001664416665, 0.004364815133371058, 0.38040698701549447, 0.6686140472179625, 0.09149504641033235, 0.25946090848988523, 0.1600817850303342, 0.8636156587415799, 0.08392844753415862, 0.3544726599599336, 0.2605579886753181, 0.2506650255999423, 0.3498972713265043, 0.7708151109664286, 0.5020568341199747, 0.1679299966993072, 0.27262182918313826, 0.8868932511318031, 0.36944403305396145
0.0967112926233118, 0.16902890537885462, 0.07468796239511832, 0.4236813753241415, 0.7756074334656211, 0.004621396747039319, 0.6246279762948814, 0.4829665416873421, 0.44417481356269606, 0.11733258693852411, 0.9819343549907824, 0.5525733474802276, 0.16341610355429292, 0.7584383641942423, 0.049794518402625276, 0.48678730438791995, 0.08027473670594287, 0.26836438764370596, 0.8851815664782394, 0.12247050566721984, 0.09392694020238335, 0.0726444011624926, 0.6559112167931628, 0.2873311827980689
0.7510133032160657, 0.9800723387966116, 0.34908401738595096, 0.44489184679336014, 0.1336183637444417, 0.8528822071003226, 0.8310458220204608, 0.15674040624209384, 0.837709160045846, 0.9595956245682211, 0.6109287736923907, 0.9174642271801773, 0.3347962535959612, 0.3634795424441455, 0.9364377489449488, 0.1988771153412875, 0.6256401530217568, 0.34235454558592593, 0.07777739962966701, 0.4593915642300963, 0.1318652635073283, 0.8897808414039673, 0.9892999512522693, 0.5012619484618134
0.4538449089326928, 0.588141171115149, 0.48805615818735526, 0.10686080951211419, 0.6455445781924121, 0.34133644707939614, 0.006805448997337482, 0.914079189797628, 0.6711765202849111, 0.7613758017669385, 0.46366175071285964, 0.34910567221917044, 0.4528795020907652, 0.02906933069043638, 0.4665411815107612, 0.14988037378224295, 0.11193944090094143, 0.4861773966238041, 0.8764747754383095, 0.49494098226134364, 0.6303832661629869, 0.3156255545700174, 0.4892693319824819, 0.4290131320920144
0.4467620713599344, 0.16363743579327583, 0.29900134346223495, 0.2899882096668557, 0.21904798557557748, 0.6466881753373761, 0.030375754617237294, 0.39061410414870856, 0.05912410890714204, 0.6403838734274262, 0.12276265822157317, 0.41785425943023746, 0.8272931135735995, 0.5325696917029259, 0.8886679898847704, 0.9240674887775331, 0.15634455467025588, 0.11405692688660174, 0.9872982617577076, 0.2690428326262533, 0.690333647124641, 0.125355593612276, 0.929885656468721, 0.9771992120130272
0.45645652228336064, 0.5888833931553085, 0.22988125910034618, 0.4327832117859629, 0.9528635813865903, 0.8627502983965559, 0.41740609912698934, 0.2247587152918381, 0.634338874224227, 0.19119322091376412, 0.88808221784303, 0.7289473586425725, 0.9438997070049318, 0.4551878279998467, 0.16219454809401168, 0.5731737845503146, 0.16392887944765044, 0.4641525059793259, 0.16098406350411076, 0.9458871495583987, 0.3399421025277294, 0.7104525105234466, 0.2231713155156434, 0.7328361828166831
0.6035320994163987, 0.17989998576795962, 0.7528157268207907, 0.579283232180748, 0.5449122446714166, 0.9508905229968975, 0.36780005604071153, 0.06440818583053398, 0.4057652997189847, 0.9238521633175797, 0.035378012210090404, 0.03532931504342729, 0.10410226179600024, 0.9400628481255544, 0.029816472088985857, 0.9840955421036549, 0.49071555199799, 0.01809150072762511, 0.2629171987433411, 0.2060329977633999, 0.436274934855335, 0.6271692916369934, 0.46141894534464467, 0.011570204453765998
0.12465691034323689, 0.66000331740013, 0.6692054121897593, 0.7849454235004144, 0.24630061678817416, 0.2891308690895017, 0.21036461568147713, 0.304798632743981, 0.14072224317880555, 0.12918243821400888, 0.3750420263391896, 0.5069265612425906, 0.8600428782236462, 0.3326392061931952, 0.7622153355830219, 0.2571424689018149, 0.17420857535305012, 0.10298898413560598, 0.8427436331162745, 0.7635434508477721, 0.27133939972535004, 0.5874699941648958, 0.23938311079559205, 0.527934059266887
0.8042608186156853, 0.5635135592253294, 0.18050083066312983, 0.21266464654264272, 0.4939771034519267, 0.6449888432217722, 0.7608535001752554, 0.02345328089196619, 0.2805704664161798, 0.02791475324996695, 0.2218783779023662, 0.6564629275559, 0.29312165139000157, 0.22635447682733123, 0.08482959406010493, 0.005545605222518457, 0.9725114969478932, 0.7492067211582579, 0.04256211707022883, 0.5274149773967723, 0.1320303846912957, 0.14613400337309856, 0.8362386907741726, 0.12161005831443583
0.9930354229151099, 0.9367958125198996, 0.6791658664089621, 0.11697469813836348, 0.5869415959482353, 0.08862117486165311, 0.6137953795833468, 0.7938050137564968, 0.3196403383528311, 0.8580511920308901, 0.05092052818782966, 0.7038500280216335, 0.06955859553695232, 0.6185153950372703, 0.364254802636246, 0.19205585531523228, 0.6186513705906068, 0.19241671774181546, 0.9005647670851418, 0.1035956346183432, 0.772048853389859, 0.3363377237060261, 0.21884793346381692, 0.6558295033221642
0.18015350092295335, 0.47176197660096075, 0.1477487892987862, 0.5899803450411372, 0.6984749735450104, 0.1280132770039848, 0.5075204735753045, 0.05478309449674379, 0.3025871910515793, 0.2057314258565225, 0.8289465814992331, 0.7019268356885973, 0.4782157046794183, 0.384620323539799, 0.5365167102089743, 0.6004972385482618, 0.28996102069874286, 0.5420836310758532, 0.40162245607507885, 0.7823161787987846, 0.3859709324050552, 0.0779242182763713, 0.31524505413492876, 0.6107724267098675
0.7271413570316292, 0.31188605851978324, 0.6182880815479083, 0.2554101589276737, 0.3693055749868268, 0.8842667178993048, 0.43393161066770236, 0.8998190340072314, 0.17446997006886533, 0.20529809357878637, 0.6655002150891653, 0.6113983197575822, 0.8736847602184367, 0.028902014336626092, 0.7511720189256174, 0.49052365914076224, 0.5465465289532634, 0.6410175266674634, 0.12308425420719227, 0.6728403039218919, 0.13753927787967468, 0.6117554246573428, 0.5629877960175497, 0.3905298865358534
0.7715568444935011, 0.746470904694528, 0.1297248417590834, 0.5684234647748668, 0.3515034094635443, 0.4653829713741673, 0.5913135476016163, 0.9392604943214543, 0.8185636238759415, 0.6753807615492078, 0.9955442398070407, 0.8450476018243667, 0.25898397302553877, 0.41883168391419634, 0.09378476427845495, 0.28084337749812405, 0.05413123965008004, 0.9405508838649166, 0.6241572752405088, 0.2796507309523212, 0.9784222152560457, 0.46703220405723833, 0.26538543284357197, 0.16255846003813856
0.08425015298609251, 0.5525413024292715, 0.2503963351319273, 0.6225197425878355, 0.7996872031347056, 0.3724671446282485, 0.36097448875916394, 0.35481043016118163, 0.4231676893974653, 0.6448106361297095, 0.08677950177108651, 0.22057108699006545, 0.7658170120359316, 0.026042743811910185, 0.9868370646894038, 0.5204565367945206, 0.7616314950505849, 0.509446309359922, 0.7420771981512361, 0.9504149396886061, 0.7899630435774111, 0.04866419802648514, 0.3131933277759982, 0.8756455164571584
0.7717759350477194, 0.10452727090258129, 0.7400418463039539, 0.49148359850074164, 0.38501874122662494, 0.45965468544282473, 0.39892436519441743, 0.5876731176917266, 0.3389999918183322, 0.8687102050236059, 0.6516361995447892, 0.593912085817462, 0.9111924251036791, 0.42324488899983115, 0.04996966910108103, 0.9418972871383845, 0.9959348276049379, 0.24824710280393314, 0.24754277178110906, 0.9491136093433706, 0.05631214557699382, 0.06334536585187989, 0.690643406427917, 0.48085779261098616
0.37880207909960695, 0.3341047950894762, 0.9231245713812108, 0.7049618420538293, 0.5066761584583845, 0.4191232383224025, 0.8526328146275431, 0.21476414047050985, 0.3903871671333119, 0.8273540181107918, 0.958565290166484, 0.3275122881897048, 0.8642335983678296, 0.03055031935192498, 0.2596346438111977, 0.5861783536432374, 0.22216665710041772, 0.23122539966397326, 0.2645297356095171, 0.5764966064388184, 0.4733276428486911, 0.05992720373468363, 0.031486323507516234, 0.11908236685869522
0.8771235954252071, 0.22393168056081425, 0.6282659198748289, 0.5661201070573109, 0.5724953886446659, 0.4247669624150884, 0.9854428495029236, 0.2382133700187341, 0.9090466972845802, 0.2595153538057988, 0.47671672239183904, 0.3935850043982325, 0.4275921345028719, 0.8272461389056802, 0.21142144855340506, 0.6144538057997516, 0.6018239859658874, 0.8637433596432154, 0.30547082563173544, 0.8491320606160406, 0.12792159439466133, 0.27525159986245706, 0.1047148139478411, 0.8566883377978226
0.7194293949979258, 0.5940671676443962, 0.643144214206072, 0.5300546826295589, 0.4912243346048407, 0.14309177034284315, 0.23353829340831678, 0.4049246083278486, 0.37112412941049955, 0.6654390334730073, 0.004218245044794733, 0.327337920566694, 0.4529568396262489, 0.4898415421843151, 0.4940436008195638, 0.34266001041810823, 0.8777902058013635, 0.7401372606174158, 0.1809641741071384, 0.8426100893437038, 0.25300694721004935, 0.44705500424704325, 0.23838160911873074, 0.11310311187751265
0.8696742152882688, 0.768860643001363, 0.9468939823895831, 0.11474526870762347, 0.16999229887843703, 0.5165706069540392, 0.7134072262836002, 0.5778845946230878, 0.21401886056093744, 0.7089153231493929, 0.9021322597348829, 0.9906994051478857, 0.7222082952559321, 0.13515426802438435, 0.3867045181870835, 0.18449652806247985, 0.5626294402142611, 0.24202244712181575, 0.13102313062279847, 0.18254320730329654, 0.17785277576874414, 0.6071961481845711, 0.6322040823646966, 0.41405258705318115
0.47257095544217154, 0.9361101968144189, 0.18839005045618062, 0.15996846919235053, 0.32220381186212066, 0.7531596803921021, 0.9144733625771172, 0.13897632706488883, 0.6074968631610468, 0.7574066847347212, 0.7025444743992559, 0.7385312857714761, 0.9306142437358943, 0.5571892548252224, 0.863844795431984, 0.9836678467632628, 0.027539216233696817, 0.2781903603677619, 0.21374092193979466, 0.9474782715607655, 0.7121893078825178, 0.6867761901369565, 0.20497527919189706, 0.7568202390407613
0.11690322417143939, 0.30661688184857083, 0.42854095637045575, 0.6651246081466922, 0.3237943564885959, 0.37977960866978744, 0.04634961084151534, 0.8365288949689305, 0.6648932827485479, 0.18024016903619156, 0.6459362877342797, 0.4280372917018108, 0.4550549500951734, 0.6209463860995095, 0.6053231980198106, 0.3466320317056064, 0.8701800181204674, 0.6393305582753188, 0.8299755486802078, 0.7648462137974593, 0.5192517920816762, 0.7456866315674751, 0.06772174777450646, 0.23545541240243917
0.4098906599360077, 0.04445782149776489, 0.3818342488843586, 0.61614049505376, 0.05090132677128567, 0.9850317865429308, 0.011582978080507456, 0.1338717233468315, 0.6381414623486494, 0.7069931349244832, 0.09313787393188921, 0.09936467292036744, 0.15548752577772262, 0.8119237753125406, 0.558543952326078, 0.4785801160063199, 0.10550126970879914, 0.6502666485256049, 0.3379409444804663, 0.0033730870925064993, 0.07068984879788043, 0.8846121318668106, 0.6151457296986036, 0.037673095332802164
0.835055715066324, 0.909035730375, 0.69528598968632, 0.21928448016845747, 0.5159377333152582, 0.6893842471805754, 0.16952248586287832, 0.9970250785151359, 0.34608664096846264, 0.5272498657322067, 0.31888417196655183, 0.1612241624794295, 0.9244182687435024, 0.8481515075872317, 0.4529814138206063, 0.7391788068663923, 0.8209977742352111, 0.8278267924611731, 0.47417581906854633, 0.9163033823592258, 0.07575511842950122, 0.085951739596693, 0.2973247175097963, 0.6331678530518897
0.5454034492843701, 0.4516625821797132, 0.2911837446962474, 0.2120669416044484, 0.19788808614875586, 0.9060804297705295, 0.44683006208781884, 0.5993389578274553, 0.04086215910897972, 0.4643035176927345, 0.31141185259542625, 0.6922278865556866, 0.06519728892226084, 0.5680366501854369, 0.553458557393754, 0.7149535052149623, 0.4091701934160623, 0.04199860221370699, 0.6394354455934842, 0.09913878760420924, 0.39695471645294433, 0.4270219759367947, 0.15877179741070613, 0.7317915166776945
0.5218136162029887, 0.36620118359114673, 0.8049937771282192, 0.8465485894220782, 0.6216801002806601, 0.1844246060216148, 0.1271320646068037, 0.49796462899162663, 0.8655071989645411, 0.9016705567690696, 0.7256633178671048, 0.8560901304886657, 0.691706625477984, 0.8083202020949196, 0.024215571152142124, 0.7792500185676304, 0.7335377203482946, 0.5743953168880104, 0.967079642989131, 0.5164735556209129, 0.2752642718807047, 0.4138770758278574, 0.914783062496988, 0.07304653130278249
0.7975976895067243, 0.38537911847938444, 0.9443530120602995, 0.042132569727430846, 0.1600531985906415, 0.7864669566952913, 0.7023477805153339, 0.2357938250357784, 0.0744673739192735, 0.2674507685093829, 0.11035053755875845, 0.7671882110988762, 0.5970657925558019, 0.48516469615980484, 0.6711834957860383, 0.8903967496905535, 0.2329089275469346, 0.35446358308537196, 0.606827858447643, 0.8210320634966588, 0.7087318989887678, 0.56743615572284, 0.12663432745337844, 0.7469857884412379
0.7646266605822124, 0.9540110066506451, 0.6638260651085978, 0.6982324613169943, 0.561478876809792, 0.4915176942507853, 0.9290038781148401, 0.8844766956561986, 0.5936318296250004, 0.8392444394961499, 0.2215975570121007, 0.9651899006907759, 0.372000993526311, 0.27692072634802334, 0.24720269267360384, 0.17650302786890126, 0.9208168938507358, 0.5503365265848914, 0.14130966831058467, 0.11996365222543826, 0.786912702968673, 0.4104612269384298, 0.2678088501515008, 0.9475484855534818
0.5385315458994208, 0.3749205520527148, 0.19113934113380482, 0.8038378201269029, 0.7007676836016246, 0.1484380863390765, 0.5094105272356775, 0.154561091563707, 0.383164975551755, 0.20461009589837265, 0.2559400630594447, 0.20809172295904388, 0.6536993634993797, 0.6534231793651768, 0.7772266649219599, 0.03386503878612479, 0.16173757308413417, 0.9216235638091659, 0.6335928589662144, 0.09193139473198864, 0.9500811845466974, 0.1280134002638833, 0.24697824586551287, 0.5223579281676913
0.47242693951184656, 0.7019046912507211, 0.8638920584400326, 0.11234253366388436, 0.2604435242478379, 0.11372688887864368, 0.6001946110660674, 0.7171733671512797, 0.6962764251617415, 0.07202820087972284, 0.7988833967243169, 0.1445729170019111, 0.7890899567500941, 0.37550103640259436, 0.22922923733758815, 0.5742559172149566, 0.2870111134065694, 0.8824948846331051, 0.06545319082521173, 0.4949370472637773, 0.4274850946116162, 0.21409463798784745, 0.750557840875653, 0.15606710382578626
0.05570326359069022, 0.8049344926522992, 0.9473562513064555, 0.7557445052759171, 0.09423930507232958, 0.12408671241296232, 0.5209255905553195, 0.9813731160995048, 0.8976665752200783, 0.6115891879870455, 0.6350219707494335, 0.20519128608408976, 0.39916473877996617, 0.6230606320351236, 0.7057213131755542, 0.7953797499518535, 0.5437402979619697, 0.6345752649520613, 0.7557918776666592, 0.14243678942244675, 0.7000000521317967, 0.8455382438339804, 0.3153262814777792, 0.2765702854138363
0.25185699787674876, 0.19841910342970825, 0.6328504963272948, 0.46155634633193465, 0.896826289331366, 0.32057985136780076, 0.009670525534113739, 0.28735543288216225, 0.661964958554324, 0.0014520110927348506, 0.4812856000150758, 0.22317149202145214, 0.5460048380633635, 0.34509814620369605, 0.20536618957213493, 0.00792797693199554, 0.6439277767788365, 0.07831395488100656, 0.062451730716173715, 0.996556776357819, 0.4005773437069988, 0.17907379410149238, 0.5059150456411514, 0.21385609258957172
0.6780735114752785, 0.4156265319224416, 0.1436544766936626, 0.23865295742363768, 0.6302522110711536, 0.47859243715251387, 0.8410426308791228, 0.881424045542097, 0.9663907729991352, 0.07124381866042373, 0.2138773002182276, 0.21135838152592368, 0.09726312412402194, 0.2869768078204602, 0.5338110584312732, 0.5403692829386638, 0.549748351763193, 0.8656073067175999, 0.8352687010190997, 0.5850420023136964, 0.5336043623358616, 0.8516378071009825, 0.5575309297441884, 0.963226207195746
0.0709304259709882, 0.7527321651914427, 0.6973488670654346, 0.7835219507859832, 0.5096062655026392, 0.7556835706796935, 0.39083302789731833, 0.04251676623881073, 0.42644904621519, 0.28169720906911955, 0.030063354128055053, 0.6880320654795277, 0.016922978903913477, 0.2020202244792112, 0.3600842418528857, 0.1728895958495531, 0.6390991693085158, 0.269093216631317, 0.7759089247047651, 0.11921747281587947, 0.48762654999658284, 0.9248715726625482, 0.12266747120287946, 0.8545807351236683
0.669669597581255, 0.10967266767281858, 0.8429865005177839, 0.38706373171410147, 0.7476889358715417, 0.2859295258310455, 0.0882856912004859, 0.9614934313162893, 0.5022696459556311, 0.5812815280876452, 0.9502729451004942, 0.36042151711337844, 0.8140768649767826, 0.29970219517981633, 0.7312266301940191, 0.3115140887946508, 0.9149631499864819, 0.6358156134652969, 0.67276779157593, 0.44044528407039196, 0.8692345419656136, 0.08360481865646152, 0.08523789173366836, 0.2305808449700838
0.1826954781308402, 0.6511173066491093, 0.9349998333881522, 0.11893114482068945, 0.9128300491602214, 0.45875371332622195, 0.44376723244677296, 0.8686647915372012, 0.8036604151762219, 0.21832670243339158, 0.048322463575745433, 0.23880265274241053, 0.2079946361663182, 0.2816107792789164, 0.9956481605751786, 0.841655312295037, 0.4200100850109846, 0.9053134468005782, 0.1378451792888219, 0.7138722645242005, 0.8404129859159469, 0.8399352528456543, 0.4368088975407406, 0.806181283129861
0.21655654105022393, 0.647373524947525, 0.160823119675217, 0.8656791685091566, 0.815104803742386, 0.4940659129898214, 0.11950668716328816, 0.11210541137760377, 0.02152715145517381, 0.10523784301671435, 0.9147083057294516, 0.17637018282780503, 0.8526667257426922, 0.12184648810113874, 0.866126470873128, 0.8219857735011749, 0.6942480440923976, 0.5018522799588239, 0.6540008007742001, 0.3251190563991735, 0.41427340901970133, 0.8511915570377654, 0.43747885968557876, 0.12082844912563107
0.19659101511875565, 0.6523504431794209, 0.3628714386819246, 0.19263638708235664, 0.344061585979373, 0.7520004476735119, 0.5299579548091331, 0.7169880160170895, 0.7418692234979777, 0.708695369898926, 0.12654026926206052, 0.953081368770043, 0.1459591904688725, 0.7947226126919004, 0.9976245729258572, 0.08950553614008694, 0.3744272579172673, 0.8571024872417552, 0.9407327341799983, 0.528866016091344, 0.741684601914171, 0.9104429675571777, 0.9444599758303378, 0.0884058923704314
0.9954738362852773, 0.15033948249075801, 0.291202665223656, 0.5499902474777884, 0.8021970098734615, 0.2421189445665406, 0.0542484327414392, 0.0114237373447168, 0.5489585836431485, 0.7528091906406943, 0.5823137195456558, 0.9548026993731421, 0.5742039830195715, 0.123745220273763, 0.881090568045211, 0.3679719562363035, 0.8058775399493682, 0.7812086873714927, 0.6019271538958534, 0.8743565950128994, 0.23343538284270904, 0.36679841956557646, 0.52275374006055, 0.031975380004161336
0.7600339001623366, 0.10000968460053927, 0.21832822073692615, 0.6613804578559201, 0.29933690492927645, 0.16484587094998104, 0.3269292376445434, 0.6414268063773546, 0.049439528729700255, 0.7453454805119519, 0.35707160693669393, 0.2045326097185972, 0.04889245256569141, 0.6460642128070356, 0.04605573076074976, 0.055284553427168204, 0.8557700642330258, 0.6153192621090282, 0.21538075485331964, 0.8566102805114275, 0.911258880111038, 0.7834220883164279, 0.40821675194851603, 0.9208910775236174
0.18921085518452596, 0.27734724693180957, 0.9999124370779376, 0.44973680539624605, 0.9791807992361703, 0.5490210534837725, 0.3687327085983987, 0.10293082090934924, 0.5543542204633192, 0.5827879238340092, 0.5634342565183297, 0.8939806040849985, 0.2415944208112032, 0.6879651233965112, 0.7021839558089622, 0.11401153563910793, 0.12031955461953558, 0.6130957468619673, 0.5262915735349686, 0.6166196907756694, 0.3686977537875272, 0.561396868597119, 0.7619240140881973, 0.9957868699607798
0.5255722305330075, 0.13975878033128242, 0.13955929160745273, 0.4969771026936103, 0.47957722882454834, 0.7387850744622452, 0.9334597287520027, 0.014180510966898874, 0.07431347798886467, 0.16653001285510138, 0.817219287323822, 0.6871079182841332, 0.7140900275014124, 0.9743973612854528, 0.00561991044852006, 0.3103281805648159, 0.7860561356850705, 0.2162063976572206, 0.4332071233934929, 0.06190189978702798, 0.5963007223166485, 0.6483198195434529, 0.6795256161173713, 0.9990011764120044
0.8394332403709529, 0.5999258254985428, 0.9264254120117266, 0.12616881622983234, 0.26558515287978024, 0.20443355346451464, 0.5571403159332101, 0.39744770856365996, 0.6691891371393582, 0.9632211754911449, 0.38018672889320837, 0.07923737944613407, 0.7985503461303557, 0.9065459618738675, 0.5923045418698419, 0.641185021954398, 0.7928667764217836, 0.74007088013824, 0.687027323467014, 0.03409638105693091, 0.7686795139629385, 0.9530651736929748, 0.7870685043820407, 0.9611395439412249
0.24164445640050025, 0.7444507500121761, 0.3683916203369708, 0.6582889555229338, 0.9061251101470813, 0.5736774084383157, 0.8534661583238878, 0.48439849930289247, 0.009688755673082028, 0.7623915900313288, 0.6614706854025301, 0.2618748598838688, 0.1594331160565745, 0.11918490834536921, 0.07318002976965565, 0.13808753265909113, 0.2682061876511971, 0.6302459819050011, 0.3676214695871113, 0.1325343563375896, 0.8710122840012844, 0.1214807186591661, 0.07841707698164091, 0.3106498961857399
0.21788376937971965, 0.23880105052699885, 0.035081014923450615, 0.12937657462278906, 0.15035796832269255, 0.797481953529671, 0.6357374806431454, 0.9003566154659153, 0.7412121834974267, 0.9094135187045436, 0.046909598072222725, 0.34996222488892015, 0.08436949032900287, 0.8435877008463827, 0.7575499245224161, 0.3341160251712857, 0.5275451216559888, 0.338398819419789, 0.08536364383988737, 0.9823441942051974, 0.2823341803837226, 0.5228507746259283, 0.6075248993547308, 0.4962974404345891
0.6388364981219213, 0.1313717036958899, 0.9946984613833436, 0.0458368458305054, 0.6575619995957698, 0.5277713440387437, 0.2126030794590097, 0.47177212223091003, 0.34936210989470984, 0.5717316463374195, 0.5806186323355622, 0.4755643708786931, 0.5378994423333622, 0.9654670493335425, 0.797602863670193, 0.05018745268885261, 0.5751371658514705, 0.11384005290587695, 0.8092233348554707, 0.14840897947038345, 0.6746747343115449, 0.02508392031677198, 0.4299592293171728, 0.32725863372676034
0.18075372525709799, 0.117314034163574, 0.9181219562473916, 0.10408334673555275, 0.24907766874213066, 0.825495804208673, 0.5325515007282582, 0.8924982458899257, 0.6966500775765763, 0.6287858230163945, 0.17031114474457554, 0.2220175874052437, 0.27449711280305633, 0.15123508254271922, 0.31263318764317316, 0.5001209466756218, 0.6968592396827792, 0.21776612182318766, 0.12729033051879368, 0.5026316094127029, 0.9677528984314118, 0.1259148700142244, 0.8251775134925264, 0.13750845619900576
0.9086559547599288, 0.8010502004036025, 0.0149718553292989, 0.8483936787401679, 0.08760287536644107, 0.9786600316711517, 0.5097984554037333, 0.7653932560597383, 0.25190314662484736, 0.4150629340784634, 0.35464319823382795, 0.2852122049688338, 0.12534994024993928, 0.8954150443915645, 0.1556693283368581, 0.2303261136289536, 0.4938321077296606, 0.2128059392809447, 0.6751846066793573, 0.35797258622937966, 0.6601415103405693, 0.8929827534282795, 0.0892291539797736, 0.3790258768845485
0.7844023545386054, 0.2217999685366948, 0.6481749896300665, 0.3711735554213189, 0.3465877762076578, 0.28314299708573587, 0.394877369212164, 0.6313524811490423, 0.5995991623083079, 0.21761167557100758, 0.248735592282754, 0.9611054397302644, 0.14698279407114645, 0.684940434134809, 0.3397688383420764, 0.5224019842413841, 0.3823232483552419, 0.43021980885421696, 0.07852885327017267, 0.005758952285331742, 0.34949874708743345, 0.45942416352971693, 0.1813943597574048, 0.33002443346987875
0.31490529088282193, 0.32785121851793075, 0.3180079040987812, 0.6087755223107609, 0.02267357955815874, 0.3861979134514719, 0.9435924922142146, 0.4074123095671831, 0.08718178762970186, 0.3948536618212364, 0.5695900751007396, 0.40848362890757817, 0.7499924358270439, 0.29516230321822223, 0.6996840811558935, 0.36969810653892965, 0.11921482702710018, 0.6096548290516657, 0.09174426102903388, 0.003412421571571178, 0.05925393169661608, 0.9830431297587355, 0.48182416117927096, 0.49316096489602523
0.38885576053627546, 0.5803201618526779, 0.28706465366865697, 0.6658214374558841, 0.13998887012014738, 0.016338127195390628, 0.6383418720749782, 0.1036575944990068, 0.22677928434037575, 0.3268238818336666, 0.8424699126805385, 0.19937832265098854, 0.030800664656183474, 0.640042452028752, 0.48357964635906203, 0.7337035084853766, 0.4098242302334014, 0.05486795990269988, 0.7322995832138897, 0.8231984868286785, 0.6596235088614322, 0.009516591370607563, 0.7825963545531163, 0.008393617310046175
0.5521940540826707, 0.7848385323862315, 0.22495534312699328, 0.2580462230801438, 0.07277321735874054, 0.5137694757391043, 0.9118157961095021, 0.5725299442598829, 0.050544778824241576, 0.9791448619956739, 0.984350497310342, 0.6138979134355583, 0.008836013705585066, 0.1173121954054932, 0.9217227270473668, 0.05984868143900257, 0.5362869433102752, 0.8029991473210704, 0.10082041640899686, 0.13949187685542086, 0.04959032519348516, 0.9852564213469104, 0.13088501979737, 0.38651615290006835
0.9782638311120224, 0.45105681992749735, 0.2628024311799976, 0.4569357805638282, 0.331628596434265, 0.4277256826619781, 0.7063448253834521, 0.9789148925958913, 0.5278084004548437, 0.8819003623716677, 0.8713454497896606, 0.01384269931076798, 0.06872340476336103, 0.3035637338981798, 0.21045270726637488, 0.5743554159421131, 0.02183360379917898, 0.7448854349612253, 0.016427184945862927, 0.9065602473952653, 0.6136368017079568, 0.725790341368954, 0.5441606490450983, 0.005065366530860982
0.8893016921414568, 0.48867526806395256, 0.6383822468283343, 0.9134072485043884, 0.09515594099592062, 0.2223012675373809, 0.33232609361115095, 0.033623135700563966, 0.5321557238764424, 0.5981326525683789, 0.8379034943211706, 0.4148781856964673, 0.49913179969486, 0.705003357223299, 0.69449100101068, 0.20529474656055968, 0.8741324267030818, 0.38829686493341764, 0.8576083037643796, 0.2718387079113729, 0.786479484556459, 0.9417782432603921, 0.3210627845748868, 0.9220851625491252
0.7786395671309959, 0.8688869673259516, 0.84504785564817, 0.8255665418203714, 0.018922092043162975, 0.2576951420315735, 0.5784094357193074, 0.7799791041820876, 0.5383417091225915, 0.13463947136829435, 0.9459022709896459, 0.11243586017185503, 0.5445868221050922, 0.33137892223844745, 0.41302390098846853, 0.6173633314119741, 0.3795100751809368, 0.2102378667966931, 0.035280698113465014, 0.06953261033679425, 0.8596246069036255, 0.26848964506612594, 0.5250348736619266, 0.9534093702632626
0.1638182364898345, 0.3270927314603189, 0.6648860929548567, 0.044182883333637846, 0.8827924631831005, 0.4204783562567135, 0.7018303438544637, 0.8275413206585058, 0.9226379955636312, 0.5254979489118106, 0.8051822111280243, 0.9501037579428923, 0.060854385779882336, 0.29716944046067095, 0.8309837094172031, 0.5153863592866106, 0.9882340532378204, 0.5229674390627416, 0.8434453606683278, 0.13979604896975328, 0.1450592079000611, 0.7463770395365601, 0.4451198894605768, 0.5113207887422021
0.3024042993337924, 0.7576669521556407, 0.28202061063878636, 0.005965701681790225, 0.7975527561638237, 0.059322567233863754, 0.9016250021060879, 0.7642384374633319, 0.27823581138353704, 0.8839411423918019, 0.3902446113246538, 0.907932462933961, 0.6275905679656745, 0.4044330095970612, 0.4071764656206175, 0.5600388201941212, 0.1270973359014893, 0.18290242460228878, 0.08797476160145123, 0.25901020555417587, 0.4403664869640205, 0.537602912180466, 0.15977841375268564, 0.11928995083923255
0.9645669465449462, 0.28310257810748973, 0.47240234709903206, 0.878008769743224, 0.300385106560238, 0.0020744356111838114, 0.9787093227964215, 0.28778480359784697, 0.5276763870774768, 0.9075460061873641, 0.13025619018437629, 0.8816398173927125, 0.14826479499231915, 0.5711438866271438, 0.21221589930957052, 0.6912361922405741, 0.4890405216342437, 0.9147484769796638, 0.632145538475281, 0.5190126458662593, 0.3971152169066682, 0.11239415477920345, 0.5741465705169639, 0.17000933381150807
0.39144605570540447, 0.01474734141114209, 0.7226276784413167, 0.17626138635030564, 0.6180123321680135, 0.8639938959090246, 0.6658516004217526, 0.7358598942704148, 0.8373128446504572, 0.30905414664684994, 0.508437297555337, 0.8058788770474167, 0.7841630837387314, 0.13442308287796523, 0.9414330066434767, 0.3268689454418754, 0.8584195574778328, 0.23369466203770517, 0.893902349925237, 0.27275195687131615, 0.7487355423257899, 0.9151833034829293, 0.4392587352659645, 0.7357488426751886
0.7186734977637088, 0.5407979701261902, 0.8935399031362425, 0.2829305381670233, 0.24154636126206952, 0.4203056317418139, 0.8786672964196562, 0.5708022690137294, 0.25875219627822954, 0.8766210957864619, 0.18704461363022928, 0.11207672600726892, 0.24827673797195937, 0.9783233602360275, 0.6148271221639162, 0.9735481143539718, 0.04914391980361987, 0.41256831912088343, 0.48304526435073014, 0.32480171335757213, 0.6232309387593734, 0.9472708115918805, 0.7376243950631189, 0.5256531826890679
0.24122636856874313, 0.9098797659368804, 0.8974576236289538, 0.055085145938243096, 0.7295461605455933, 0.017813440197507302, 0.26778440724942143, 0.20573824193713552, 0.7391921093461347, 0.8318320306921468, 0.6072277520779664, 0.369612555720105, 0.9741735318911703, 0.741392921838126, 0.18583049093423487, 0.23635208811090436, 0.8266302106248739, 0.4091501385070425, 0.4208398189307516, 0.57818536773161, 0.13317258691151446, 0.3611682042658342, 0.40846391220955613, 0.6143531749148748
0.4487877780366645, 0.36426126539468273, 0.2749541077011032, 0.18302840497763673, 0.7276211249807382, 0.3288068989835182, 0.2757878678089706, 0.3017464990450639, 0.7070236284099197, 0.8036137180683246, 0.4827038151643235, 0.038921925419980186, 0.9957943900654334, 0.1589009120567152, 0.4367386606933198, 0.7331015424138785, 0.8318472008166731, 0.8020124793937519, 0.9035898590103287, 0.16860751785411376, 0.6591048941601281, 0.11624016704655171, 0.1604512475500951, 0.912425911997341
0.20165806821255516, 0.29416725049725, 0.8597401876083459, 0.0028205995296877173, 0.10815280117009862, 0.9770662845175634, 0.4435319680931705, 0.5457637861942551, 0.3652640896297812, 0.6850373047930365, 0.344917872837997, 0.21110530960542773, 0.4281158678619018, 0.629991268156035, 0.6093540460461524, 0.9082574239535297, 0.44948176652442395, 0.18551201245319815, 0.3592922909223637, 0.6921792875473244, 0.5630505594582677, 0.060674236877312215, 0.9576485732736676, 0.3475108398663601
0.9793789286094614, 0.2579117630612999, 0.22371690364726327, 0.28573674688353934, 0.769283383464334, 0.5986736834566243, 0.38283252224645126, 0.45929499096331416, 0.5583593320201286, 0.8010542675192133, 0.4989493359735452, 0.30309550759939907, 0.548004679677544, 0.6216739348559365, 0.11963717579563815, 0.7640634166952979, 0.18232906929583947, 0.8671532159937683, 0.9221928077506703, 0.11869782070748591, 0.1678469387545074, 0.8458084933221105, 0.9520534553094728, 0.17180208710663403
0.8661266570837799, 0.7264330177446461, 0.22768604667610748, 0.5844771685484612, 0.09808813026055929, 0.6042302411407877, 0.9740130274055024, 0.7789868934575528, 0.8662837982301621, 0.8312840774885423, 0.9335556374913002, 0.37080241518139834, 0.7833947175413022, 0.9313916693593827, 0.9371440868792202, 0.03973766539564305, 0.9442116427112807, 0.1780393422111365, 0.47469294640035176, 0.2912126774312177, 0.8261745234196783, 0.9977559042714245, 0.47471472133621795, 0.7210598561793561
0.10155219645262636, 0.37143291131774947, 0.06904081338819135, 0.32241877607927827, 0.7989802214111982, 0.9636227816997518, 0.8402399049963102, 0.13250079978061668, 0.5209223643347854, 0.09371944354248751, 0.7832974640250671, 0.2325829030760984, 0.5088980438554704, 0.7140796213088971, 0.7821503244065375, 0.8177502845107375, 0.6541182895855043, 0.6000743537828321, 0.5099387212845095, 0.5186211997465754, 0.48574507485068563, 0.9549113926954773, 0.8160535469217687, 0.6991137985398492
0.9009742895498499, 0.48453468275748357, 0.8044101337337579, 0.5415870316800007, 0.4450015220341299, 0.08162004501654274, 0.7458712776681987, 0.6259456873659542, 0.2606891537099226, 0.5794487738679234, 0.3519932695790218, 0.7939643974393383, 0.2152805997153936, 0.40159659935053527, 0.8635941791605587, 0.019357541632222364, 0.10183897792079655, 0.6458614412495748, 0.46333907623858217, 0.4254200503525368, 0.7637795062473208, 0.14776097712988356, 0.627098945636832, 0.5794212675534232
0.7498683958226849, 0.7676684007868421, 0.7480156203631328, 0.9180734237587612, 0.02843147512348232, 0.7154542805639161, 0.5488441475228363, 0.7259396018841315, 0.9897196898423228, 0.34010291704015205, 0.7416971754386753, 0.4177393332433288, 0.22080537589326366, 0.21450142311405784, 0.2038502431136603, 0.4846658885257209, 0.5748508781289134, 0.061532112023644614, 0.6894489640656384, 0.6187552689780769, 0.5819857055657046, 0.7408086654644858, 0.11668956541196673, 0.6863894111360028
0.000859633114203,0.480317831389,0.999508983297
0.000829529906184,0.49096429379,0.998396238851
0.000452266572182,0.49071176246,0.996408026964
0.00158989821611,0.527614524965,0.999410616995
22.6844151912,32.1535133557,39.0380907017
