$x1,$x2,$x3,$x4,$x5,$x6,$x7,$x8,$x9,$x10,$x11,$x12,$x13,$x14,>>f1,>>f2,>>f3,>>f4,>>f5
0.6096971672340602, 0.6497824974358096, 0.26324494555136946, 0.47254690471798333, 0.0705754858127392, 0.7610203978170004, 0.4488176533292312, 0.6714990648519877, 0.9512204062818027, 0.27436205732357666, 0.732514605750744, 0.28382148143939545, 0.7871403366918713, 0.5979665372553689
0.7073074236487805, 0.8660684386131774, 0.32568479431620945, 0.09435162723536084, 0.5097672546158513, 0.9389624467707608, 0.5088753169901936, 0.9548237529474893, 0.04110534369393226, 0.5884832771391812, 0.8488451400677316, 0.7374513699484649, 0.3339128412840542, 0.1610763476308541
0.6912288852648478, 0.8211548030286077, 0.08388116771947418, 0.8625792924662768, 0.15675294056834888, 0.1336000706602467, 0.9828480814500354, 0.9750185290274961, 0.48941082046091244, 0.5044678332279523, 0.10007953787927959, 0.7087672436623069, 0.47167608886919954, 0.20099012859742538
0.8166146992352344, 0.21679871325048128, 0.36034348119879467, 0.5596349927474806, 0.9731458755630994, 0.7289183727969578, 0.9931313535754649, 0.804426237754849, 0.0162173346105976, 0.376805439566114, 0.73818619006339, 0.593917244916374, 0.5061461372817869, 0.4031024911091059
0.402323539155249, 0.0787827914809377, 0.9009399278954728, 0.11730576599619691, 0.2575448258411994, 0.4153191692119861, 0.2639271242473129, 0.7931959312302671, 0.4701715194198488, 0.4074541728243415, 0.38076534077920443, 0.07697708791695923, 0.2727353187291931, 0.12607458042710673
0.810099504713862, 0.12564972241014571, 0.567855746906654, 0.30620046209014706, 0.834331013099345, 0.6446122400953749, 0.6978018812166221, 0.7852728645379095, 0.1720948049202059, 0.7417929332393413, 0.13361637091170786, 0.2533788668374759, 0.7392813634051372, 0.11483625241653317
0.5317824789616316, 0.36520575283894186, 0.12742880096692344, 0.5416044549332818, 0.19681722845647442, 0.7777864768328663, 0.8738127963407656, 0.9531695566435446, 0.8970751468704098, 0.2699952055407048, 0.26624080476874923, 0.5097712835736898, 0.09678404107022842, 0.6868417096643334
0.4668922117211479, 0.6183911361646132, 0.34090096632065336, 0.94434538629217, 0.3273610086873855, 0.2438065420762836, 0.32345956829835965, 0.9587973762738544, 0.3759724734561546, 0.6460338384168954, 0.47056063973748985, 0.5058337594724961, 0.10984868325139063, 0.06815131899046944
0.32376178396855004, 0.3215978650871334, 0.0692715843223457, 0.33449872166839223, 0.9110462422040767, 0.24679377198838248, 0.32261868328112087, 0.6540427559690252, 0.40414787696705956, 0.3600154103046469, 0.12278215677523363, 0.6355244140388181, 0.759738681877313, 0.5472188193789023
0.9523147484926099, 0.28184206234358866, 0.11285755642570106, 0.8200698175379267, 0.17355559881023974, 0.6484763480631908, 0.11731314064727638, 0.27617108508272814, 0.26619002726569496, 0.6307531608012924, 0.5187422532369416, 0.42457898563070784, 0.5421296500698428, 0.8229090159986034
0.3197787451786078, 0.8225534775572592, 0.5390843558212302, 0.9743230805095942, 0.5265293770002621, 0.05054695655104069, 0.9894656263647645, 0.810918294718156, 0.041514920479705286, 0.18365934843772358, 0.15282936839712802, 0.5252133963111022, 0.6885954259424747, 0.825365307354082
0.12392568555556094, 0.08555212204866203, 0.5668507597605155, 0.7998705891783274, 0.16177901440063913, 0.13400377567354205, 0.556058862350446, 0.48815290492320207, 0.08010809549588238, 0.47401829531220485, 0.3366030449014087, 0.907120800495296, 0.5285441768619038, 0.8433642932909945
0.4695050074854671, 0.8771185005019365, 0.12040605987244102, 0.5196538892591193, 0.8394763013291419, 0.46210812650952415, 0.7552984182050378, 0.9625245414001169, 0.4169094503969578, 0.0442418919848111, 0.9678860689952214, 0.3083416863980256, 0.4174815425533418, 0.6432229783468529
0.511865675713585, 0.6548018445883719, 0.7432861785528927, 0.5994448854021949, 0.7793086569134051, 0.3289481834348176, 0.8748110330678746, 0.6230214798872651, 0.3812243113842134, 0.3747744454951836, 0.8540373092529633, 0.4769755477603226, 0.5899903781188272, 0.3252908602428195
0.949589058964743, 0.8788576518614828, 0.8643801206690078, 0.19239738110577165, 0.9244040220769477, 0.4549280810056875, 0.7791008588062133, 0.4123095915518544, 0.625305840585347, 0.10840549363212382, 0.2755872085993615, 0.5712529261795454, 0.18794367924790123, 0.655794800898903
0.9919640615494092, 0.7928303474544207, 0.682722802166855, 0.09056573911550425, 0.3487029557064314, 0.7735837238286777, 0.20251904154237865, 0.20285420210248506, 0.8615590572552232, 0.5689880966421174, 0.027977726085645416, 0.4580868395070332, 0.1382234465738067, 0.654348499579066
0.3558788323405493, 0.5164272305541859, 0.28312345995402133, 0.42103822241876976, 0.86102164501973, 0.6759660629862289, 0.4356060237864601, 0.4630899882801611, 0.5351669819951717, 0.08251800617612337, 0.20078212093031178, 0.7863782693736269, 0.9629298238913667, 0.4069229234144438
0.5938751422016648, 0.09855438535252359, 0.4774454145497913, 0.42753344037925733, 0.8348659299965041, 0.7143224078230452, 0.27145746256060055, 0.5708175245237989, 0.17459752575933596, 0.18011603834590872, 0.657113743591593, 0.9747940616008277, 0.95953647658403, 0.6350297503813855
0.05326622059081476, 0.4739903537754968, 0.47332777236971335, 0.22267847266492757, 0.8036541227791272, 0.4360555484653904, 0.7028679725056809, 0.749017539620197, 0.3839989085530541, 0.06586359598577107, 0.7803424370602131, 0.6656846365901296, 0.3271394521054256, 0.07562519279842905
0.39278572508515075, 0.27474579145960154, 0.9664384272190756, 0.6562639471979923, 5.461303489606717e-05, 0.606488721266775, 0.42710505165133816, 0.8904196540558256, 0.8536803217581963, 0.38162942478467965, 0.7704862158757829, 0.09131123116162398, 0.8237510620421156, 0.10781840427394807
0.5103539594350257, 0.3399949846925675, 0.5747784118813103, 0.20561445282068802, 0.41352213138730465, 0.9175799159043003, 0.3439482538311567, 0.15475764959202987, 0.7545430054520806, 0.6334742599240656, 0.024465909718706325, 0.7520188616556747, 0.14435361658934764, 0.8172601249684229
0.1347942303409615, 0.8208315432758142, 0.17743213791739354, 0.10873874026238506, 0.6020199833783036, 0.8453383998638989, 0.31751115997049884, 0.5383552932342036, 0.7164739365324437, 0.6832434899531116, 0.5171554232607066, 0.7517134026890938, 0.9691930129013617, 0.30194691612385016
0.07665210446644355, 0.15607993452229574, 0.46359864139652107, 0.027599650510568785, 0.685541868748273, 0.5144663942593567, 0.44743312250557654, 0.3321732865893604, 0.5447479542528472, 0.8863022701699435, 0.6229393799652537, 0.7406766795365471, 0.12862579777495764, 0.6060456707426338
0.43356489796445485, 0.42395076928275854, 0.2666116902477459, 0.15247884771190734, 0.7139861303806158, 0.7457988319304664, 0.6070773851082121, 0.008680956384735872, 0.2152156440380576, 0.8886160140887868, 0.3942582659523368, 0.42377183269058016, 0.7290537558878227, 0.7306926843367252
0.8403217801159023, 0.0955837007887046, 0.37983047704134754, 0.06968415819039908, 0.6319034359607896, 0.9881590590912086, 0.4404995086243988, 0.06523084923879519, 0.8333907468282484, 0.7037137789215777, 0.2603203452875207, 0.8757280619844701, 0.8188607142451353, 0.9882935740813721
0.9800807556944224, 0.8610855171313332, 0.3960276406811726, 0.496077319447223, 0.35036217727581287, 0.18450913368438726, 0.27652657021437965, 0.5488090248127367, 0.9827973481858203, 0.19510485118299614, 0.5838891160362679, 0.4315317454670312, 0.03572519091298487, 0.2926966631317872
0.5537698196140272, 0.7850021979175831, 0.9880738515967487, 0.1700770800863255, 0.2132549999565868, 0.3924835893872852, 0.21919836827739492, 0.9692922062695739, 0.871621310425647, 0.4840876898771751, 0.24300480014809334, 0.9763699172532995, 0.4357039408220327, 0.7337748621925316
0.2931194737412709, 0.9637296855892467, 0.6344760073548475, 0.789335729092241, 0.2032225603188974, 0.053801702866163814, 0.5351333935193099, 0.5227973617180076, 0.37800702568514855, 0.9485903975309498, 0.47781587588789554, 0.6701927118081953, 0.026698633806219063, 0.5365643747156973
0.3153131694724507, 0.5544814414013638, 0.45241421141503735, 0.9646633680799243, 0.45435168500104195, 0.6556268902118937, 0.3978340947250064, 0.31015412402235176, 0.7560525834153918, 0.44489672829704785, 0.6059845172270689, 0.042677530407908004, 0.6184084094046947, 0.7189283620939872
0.7335550394852811, 0.09919367389833655, 0.41980286484291074, 0.31832355491578934, 0.25447788041763153, 0.7637540350918408, 0.4057865541062302, 0.7283661283932695, 0.16758750810021872, 0.8516142334885272, 0.9369733520519824, 0.922915660356452, 0.18601754256891756, 0.5470352076688663
0.4113886713306858, 0.7162509159252259, 0.6417317022449777, 0.22764169270463697, 0.893247595040627, 0.02289913930159526, 0.7265989137675956, 0.9733876874876844, 0.8160596143669788, 0.24486045034785053, 0.4142968144752498, 0.8746212455722933, 0.40857433237778307, 0.26781425118436986
0.5363105622454624, 0.7864532120158569, 0.08130317217594374, 0.7664956647557719, 0.9022010159226312, 0.1618968653956384, 0.5732925363574058, 0.5385978338296608, 0.968607495177563, 0.43813544864069986, 0.20664305443300968, 0.05957276324832661, 0.8147810498510443, 0.8446141857041313
0.9942497160381976, 0.6798316102287071, 0.24970055502058996, 0.19053883441783848, 0.3634943470714461, 0.731390701928508, 0.3131347130319818, 0.5263622958798343, 0.6465957328675183, 0.3895968258115924, 0.9210340446179835, 0.24802142573153407, 0.08811519994142236, 0.6897482983960144
0.16907630194904333, 0.5425630051072075, 0.20033418770290834, 0.7346011190338446, 0.8055771349658977, 0.5485823775689453, 0.5563569372304646, 0.8687193185235355, 0.5665033603787956, 0.0810135674990341, 0.2809650829231145, 0.4037443621529614, 0.7597989249265075, 0.9489916680105788
0.5398753156633649, 0.8695597063139384, 0.6102003126777578, 0.7910899743909539, 0.8301504285418083, 0.48304357724943303, 0.678715642207854, 0.8074528184580135, 0.38599058107260564, 0.5308129473673934, 0.8890914567807054, 0.24272269478700637, 0.8454970275571069, 0.3573772672670954
0.9019304475399191, 0.8060176708555861, 0.09553494503070514, 0.5409597112856454, 0.6713923918533237, 0.17331827709543157, 0.43726067375911293, 0.2859736869431929, 0.9987502230680588, 0.903195216141739, 0.2780670471013448, 0.0893757842353613, 0.10709752628315072, 0.219082381326838
0.9915789747250986, 0.7240010524307081, 0.6890754465703359, 0.3597872251650239, 0.5329493387279782, 0.10509982029285492, 0.6322379015984284, 0.48533127972091283, 0.6494875725080878, 0.726745502064637, 0.7904720275733829, 0.9948540264058767, 0.2839786549271568, 0.9445264027534858
0.6051063618347214, 0.4488636876615838, 0.6078367065249655, 0.6186126776098817, 0.7553270469720065, 0.7184211435421656, 0.9311000036041439, 0.13357606192742544, 0.9353939016354866, 0.4350790967294448, 0.43839001298731217, 0.9764136182297455, 0.7004768972870743, 0.8966164263437868
0.11481042942078323, 0.619631777644454, 0.8479860503929093, 0.24099074345051108, 0.3898108002669992, 0.8775553267982992, 0.30658676238164195, 0.10960017295393754, 0.941149123726243, 0.0648143510457122, 0.416638691508075, 0.9958009023370342, 0.8170755046329975, 0.9709950910434063
0.9714262370605795, 0.13164973454628048, 0.12953534715556325, 0.7108950174720083, 0.10020042635907278, 0.7028011658787475, 0.24898169631693512, 0.7929302514066852, 0.6362617388106744, 0.42879654528226685, 0.6201022564603285, 0.6559179400769869, 0.6856560753908314, 0.05536480195376059
0.8084845037045144, 0.3223850018530757, 0.6457713794512339, 0.027345715991865305, 0.23281917053255274, 0.31282325721293025, 0.670572341728512, 0.053387775240164026, 0.5994110379405748, 0.37917027017753435, 0.7117295165351617, 0.1969959373917355, 0.6882625109843572, 0.9518915668405501
0.8818265340354698, 0.7980076738228321, 0.28330252501970365, 0.969724796814882, 0.28833515463101544, 0.9479124894795217, 0.4200710221615468, 0.12302259371944835, 0.6836583684440596, 0.233906604369846, 0.10883671213334822, 0.01254227198315161, 0.40390930834173955, 0.6701332614570191
0.46671198950006776, 0.47710528089324833, 0.2940153962912745, 0.9985166334977885, 0.6924448447394923, 0.40968313288275926, 0.3943982418247267, 0.505490200711866, 0.7464097625711872, 0.7970743956828877, 0.9653836279966382, 0.46574340624847554, 0.8289119875342498, 0.7858737494203996
0.7852415906763787, 0.24337035367204796, 0.8758271210050118, 0.02315172034316504, 0.4009271263145494, 0.6695400187695215, 0.5947467541354804, 0.49212208800440205, 0.07332402725664977, 0.18154953809057028, 0.22121451872627595, 0.16947902603410492, 0.9801232955081953, 0.9346169061621952
0.1150684482045311, 0.8391962155720126, 0.3220861968618012, 0.25625860593996885, 0.3046221130863598, 0.26617121538516897, 0.4284788399742605, 0.056811976071668546, 0.9120847345890085, 0.00038452947982448027, 0.7087380136910245, 0.8297417403413014, 0.08109030236497228, 0.664961393404128
0.5240974948423509, 0.12083423145697558, 0.9098287978614673, 0.1854918372464457, 0.0805044527648291, 0.773542092303887, 0.6990288302423032, 0.31077016527304135, 0.553485874845141, 0.21290481803479688, 0.515701260969064, 0.8615300791571662, 0.0034288931737062045, 0.08212991212215481
0.800742855436923, 0.17017252387024628, 0.6198054329668564, 0.9847427165708849, 0.4228040252276911, 0.5727977332581365, 0.7554870254939376, 0.5739941903993253, 0.30981282524587384, 0.6307594612636414, 0.5209671109240833, 0.17647209118683815, 0.36120327162088084, 0.05157807380542512
0.0307727990108404, 0.6428404160205494, 0.03153664102559406, 0.09209016340767917, 0.11918498813327794, 0.08405900202550942, 0.7250839023929319, 0.41078511281676566, 0.10655333883467222, 0.3248710575509074, 0.04157891566082006, 0.1025132656358293, 0.1568599623077439, 0.18782359748684252
0.4274233963324411, 0.9287227916624703, 0.2092746376534328, 0.11913671160088124, 0.7497304804515338, 0.46576867488030715, 0.602630515971813, 0.5161610001940131, 0.7820089545524592, 0.32710632740641266, 0.8235707098067054, 0.23855507712309942, 0.8059715665227353, 0.06283453553457619
0.3981579642474662, 0.927319180941396, 0.7687099783853332, 0.8012661023450042, 0.44168459601388343, 0.6633571903377807, 0.11310150611625613, 0.759845717472749, 0.35098156993191876, 0.7802216551111021, 0.9243313017735643, 0.4159738659325922, 0.0030828166457027573, 0.6273368938969605
0.01949239996288843, 0.5023865138338135, 0.9389781575249039, 0.16572666794945046, 0.19832028848961092, 0.5853524468078947, 0.5503949468129407, 0.020598783929929865, 0.2935974171584086, 0.26913369626833894, 0.6968387307931097, 0.5462534275597234, 0.9324303350176273, 0.3536501806646505
0.4969667656348221, 0.663291964617017, 0.5211331596869216, 0.30455433192123493, 0.7517036185187876, 0.8679984882248126, 0.8102855846715835, 0.6811155536576287, 0.049802788387754315, 0.9999347390657795, 0.33099981251273003, 0.6932812524052497, 0.05355362056262525, 0.948331508614808
0.4671879986315093, 0.10816597244831816, 0.13456853188774975, 0.8250454441597, 0.5754387489073793, 0.31364480736306344, 0.8863446122339842, 0.973867354062223, 0.9936707652739916, 0.8496960798870138, 0.9124983582502743, 0.34530073135175776, 0.0994065786930054, 0.5631831661227945
0.42124372816041167, 0.11188899613001257, 0.5966352990590763, 0.2941441774881097, 0.4152538857142314, 0.7101858955286834, 0.7284435883343975, 0.48921236924811307, 0.8572665986451231, 0.9040265621084911, 0.5532941993103326, 0.017387944926183563, 0.9675232920820586, 0.08873411478711613
0.520084042590536, 0.4584016596732695, 0.5248707463771486, 0.11393258400795447, 0.7178292290508027, 0.17083265821390314, 0.6876940135782508, 0.2798344398572039, 0.5423211736185534, 0.9478956326215741, 0.514751215068314, 0.18764807166042075, 0.4035733083435613, 0.7927744027699707
0.9107112720435211, 0.9095255545549953, 0.2610020572335179, 0.3302942002647814, 0.7680273583972159, 0.1813058607061908, 0.7437971847979594, 0.13564703970891667, 0.9430837543469786, 0.7445743790639117, 0.07149910159496231, 0.8323215577662144, 0.8523860398681403, 0.7774112246575436
0.040640657374026, 0.4482290518124489, 0.9208191644077837, 0.8199843362124817, 0.9633322465681491, 0.2605258834950951, 0.30792723817266865, 0.03960227806094796, 0.24356477821030964, 0.8585260853067274, 0.23002633491987867, 0.201862997587006, 0.12995839224757744, 0.1079636357869993
0.6268419429031477, 0.3621617278271958, 0.4440463130902007, 0.8813890331679861, 0.20488843780903065, 0.6524640081866563, 0.38850081499975264, 0.3775237779524736, 0.8166989300378641, 0.9754892628766023, 0.3218216683321089, 0.7728054608987271, 0.983006606860422, 0.01371517873553929
0.8077172281749798, 0.04609218241991586, 0.7349525766820467, 0.35068356851732907, 0.6757040223386815, 0.3608809054859434, 0.6228297324919614, 0.9323617648414099, 0.8247289812051302, 0.9472448799496639, 0.33095969146068693, 0.9107033029741045, 0.8883185077373432, 0.6179267677081649
0.034987554463077886, 0.4566611696668761, 0.7552308332501808, 0.6438627517184258, 0.6506781436286725, 0.535903885028648, 0.15325563618730487, 0.6098685366612271, 0.009273459398755013, 0.39562328092046783, 0.46398815915884917, 0.6860012771408497, 0.88495826182287, 0.9929716001943328
0.7445763541004415, 0.03621509889585661, 0.3537049207225684, 0.6924735645333095, 0.934384550260721, 0.34850389399062986, 0.7460719115414599, 0.8784849153209133, 0.2987472549744423, 0.03948127051733519, 0.9600268721804682, 0.929664829656555, 0.4140273152316334, 0.826067393824996
0.3368659636602104, 0.5293287490972559, 0.4251248432470537, 0.5061803520367029, 0.8846898749155987, 0.8345102646516938, 0.7148216200495018, 0.8177267391762313, 0.713881568328177, 0.8931715625991786, 0.6613792640169024, 0.20410966326036684, 0.7203393245187071, 0.046292247908668704
0.7595577777123189, 0.7881587154343146, 0.9061319696905772, 0.7551932262047575, 0.804403166537247, 0.9381996111793787, 0.6306610460375421, 0.09038226684843909, 0.16511417963053765, 0.1293513597070458, 0.9194239976500637, 0.6724594054293234, 0.534128617028767, 0.4983048614851382
0.7184883380160613, 0.2772701011465889, 0.9375735764302886, 0.00404758689690965, 0.6368929341447177, 0.2133804471554266, 0.18720531802287577, 0.019687829300003123, 0.8256910253808353, 0.6027061695983557, 0.4328692376143467, 0.17145134695345743, 0.2550180061925852, 0.6097063890295165
0.15836615631580042, 0.3613905094870099, 0.9425473804042195, 0.3643601059684207, 0.6148845271215703, 0.5185156958262679, 0.98080274105956, 0.10890270900150967, 0.7340017782681725, 0.6213154580801318, 0.6577603002302356, 0.9716884556944053, 0.17712102409600194, 0.0819982179417923
0.964352488810873, 0.13925539000187248, 0.0409642907767932, 0.20173525939463866, 0.4942573457490046, 0.5037192488703498, 0.839968725027408, 0.8224591851373007, 0.41829956784832345, 0.6182830635625114, 0.8829940173675206, 0.5782992555308641, 0.08325939466618593, 0.12177400554728024
0.0918005929192518, 0.8067104692191592, 0.9090110163218641, 0.6400996984454966, 0.3963669808721434, 0.5233548526667167, 0.8416175358681808, 0.3737881624509337, 0.882946099998465, 0.33264580282499545, 0.4774246332423624, 0.21968621959866375, 0.26040642919249735, 0.5953632850897199
0.7638896264290684, 0.6456519576078972, 0.046256834838032335, 0.46112832015410765, 0.39947240924070926, 0.17530771148679514, 0.2651823274161007, 0.3929757403573685, 0.510080514214184, 0.6941341598901296, 0.34590627095250026, 0.910171100936968, 0.7556889270355104, 0.42586409469060926
0.8137825220881842, 0.9347462277250197, 0.6459554963252414, 0.9847883666667206, 0.3905493542401315, 0.694983071933056, 0.5370804454563046, 0.6329224984090805, 0.5999410920046895, 0.4442314179871103, 0.4238548673595083, 0.682890955795782, 0.8784833868104853, 0.32418039766317785
0.1424911770790438, 0.8552255056972609, 0.7419353065214752, 0.5669074856935574, 0.9695398555233076, 0.3627627144328638, 0.5294576606014818, 0.22544346840614482, 0.3761712225721483, 0.5649338517262171, 0.9452643578923208, 0.9706042697222793, 0.7276594158588973, 0.3736468816054609
0.184591832509157, 0.9648238000840011, 0.9823556246437856, 0.6997197362612505, 0.4015721488513795, 0.04255012445659989, 0.5577449174705531, 0.807464949429747, 0.8991039179999096, 0.6268347033833611, 0.7828266310353709, 0.33911633546759146, 0.13418766933096726, 0.9567897869384087
0.5730733895169815, 0.1871181516165893, 0.974807845347308, 0.9614512178232777, 0.8672202726111886, 0.8923297124691256, 0.052311298039564025, 0.1105036654778152, 0.23914930557604208, 0.5299983744945589, 0.6685874899001198, 0.12738423095752338, 0.08661152141308492, 0.05070838712111081
0.6279008475498379, 0.96944045924941, 0.9780477594901322, 0.696827684666908, 0.42178501257503953, 0.18144015617020492, 0.6112969317666498, 0.23357810383589006, 0.6337508793552048, 0.6773213906809925, 0.15758611643240805, 0.13368689800326727, 0.4473668767701585, 0.6239762157836758
0.9881813807976216, 0.8908520450295054, 0.5097857981583978, 0.42091592501602415, 0.9833970375410528, 0.6673044887992494, 0.5041826296783163, 0.7706866330751716, 0.3975520148875018, 0.8301885126106198, 0.2702230901998537, 0.1262865262228493, 0.8326180996495619, 0.965280630978478
0.9575824300240742, 0.3461224857346247, 0.9831763096231803, 0.4099522390837581, 0.7809760614829575, 0.031728337486427005, 0.19560106094161755, 0.23354992649819817, 0.9730268432872646, 0.05880837051734389, 0.6999048996993725, 0.3988874722971396, 0.9216082502720442, 0.629927155924802
0.9659528764972705, 0.4550916584452458, 0.29119643030690756, 0.9384124268757759, 0.24645535498713433, 0.29245240200075084, 0.427387294880035, 0.025345534512333123, 0.7938319091777256, 0.37840798992911784, 0.8305141268230798, 0.28035385722800477, 0.5731718742312897, 0.8123399662661999
0.7525394002469119, 0.10987898560462572, 0.6108399455452121, 0.3678983317907879, 0.5844249399301422, 0.6206980333995674, 0.8617563177876757, 0.7197266687159508, 0.6738959898440031, 0.5847435918806596, 0.9927884861745031, 0.06660510439183209, 0.9466709096324263, 0.4851503603067334
0.45813042681579597, 0.7576308952907653, 0.501092033108538, 0.6544130252238068, 0.3354475245965065, 0.09001950288098381, 0.500225258824913, 0.24842166295862056, 0.4391228725608468, 0.5308078858615738, 0.5966784604069949, 0.6161904746487308, 0.7273994022554476, 0.3263059080429086
0.4434142093537419, 0.4219400348511726, 0.69978169343391, 0.6656900236470457, 0.406712404231119, 0.23491269656506064, 0.2087392110196985, 0.963699603125997, 0.3513357616381265, 0.4443036426327348, 0.1369161728776046, 0.3546376583726505, 0.5389708177292573, 0.14639176024254608
0.6887785697936339, 0.9612077792163155, 0.5414778320474112, 0.37583768045313526, 0.5231515916229629, 0.6993603088670389, 0.33853674770329645, 0.04983854783089603, 0.12383015951263543, 0.4467126552850026, 0.27935040982549975, 0.2655688357542937, 0.3520240200354443, 0.5062289829137339
0.4152612211887293, 0.3373118145398001, 0.7335335565315483, 0.09372625871133933, 0.918073813379566, 0.09900723248125654, 0.6248531546286411, 0.7425174534861535, 0.26907746640460306, 0.6336199083212859, 0.22071968307045686, 0.564748624265778, 0.22272647093318698, 0.525954234840132
0.653936710393161, 0.6946996781646736, 0.3479903278504667, 0.25517983034484437, 0.9637738561805028, 0.0825921910597277, 0.4007141218459085, 0.467108922252627, 0.7986414694012511, 0.07634891385525266, 0.19203629426416047, 0.6281254601248573, 0.6024399117989658, 0.5959362469186984
0.42933815003194087, 0.057003439194639016, 0.2012306832156202, 0.559788179263522, 0.06237612097825307, 0.8438704971919639, 0.49839171927810033, 0.21035915396429128, 0.78961201748102, 0.22518892206485885, 0.255191457658115, 0.3603833545536921, 0.6792556935110129, 0.12504740015991644
0.3631499291793048, 0.46983303231457063, 0.9811598374877848, 0.6027101587932883, 0.2611460600596247, 0.5399383087158143, 0.11973218197940505, 0.16466920674876984, 0.7637428253165541, 0.6827703050653786, 0.9526436615805313, 0.6232111776389238, 0.5570814983071105, 0.2297790555513144
0.7118712951373559, 0.7895436810079444, 0.9587209383198242, 0.7166872561961378, 0.04144259083561863, 0.15448649834991568, 0.03270181434147301, 0.5925686439898544, 0.9784219401123375, 0.2639532146381627, 0.5502582204624308, 0.08139972783281013, 0.2876884244513942, 0.3562996662612742
0.36666068991581047, 0.3000933653589528, 0.9334880481154436, 0.858209238772443, 0.11577460255950278, 0.042777774826343595, 0.8052461302169761, 0.9244464221402106, 0.3505713162307166, 0.6742537672135533, 0.4371151316769937, 0.008828932364621678, 0.7221263445596139, 0.25796272400303066
0.35193451890606653, 0.6566157759827816, 0.972113152879465, 0.7714300656015225, 0.16168804867744124, 0.0033376107528664267, 0.5602180592463725, 0.7083362892191053, 0.6624503340669098, 0.4421884117676298, 0.38165849831121235, 0.08239465358588038, 0.07290175253501296, 0.7569513454306681
0.41868805424006617, 0.9793408400861554, 0.3904319077448165, 0.9590289373364821, 0.8956477037767612, 0.25486094813480886, 0.2799661276882065, 0.2661081596228124, 0.1371185533351057, 0.3695607754335506, 0.23003970737922175, 0.24513217342033633, 0.6458552731326023, 0.03144808471760663
0.8002783224506388, 0.6752663004180236, 0.17731398169948975, 0.4513441029469667, 0.8854602218435963, 0.8136918771551361, 0.47912195634350396, 0.4066562518870559, 0.15913675611432698, 0.5506815470564249, 0.5013030645502802, 0.7781347347347567, 0.2664982362292865, 0.3698458200248269
0.2689299707971047, 0.9412284934533397, 0.9526808418249708, 0.8048636759231491, 0.09497715568107756, 0.5329601614445615, 0.07103826510131084, 0.690005739947507, 0.9020321565569862, 0.05106916000966455, 0.6892127700092217, 0.5162492022437731, 0.13193729694054368, 0.9264351010618949
0.44021079994680745, 0.9386656375418937, 0.7646497697537246, 0.6023354206016258, 0.41968850631138543, 0.7608571771251287, 0.4070853566392163, 0.0994223941522796, 0.2885939682942724, 0.45739105185021156, 0.23678121576406475, 0.12982582625779326, 0.17788617070682267, 0.8108116389888544
0.8613591779416299, 0.16817134312077697, 0.020993023256389853, 0.685962646460254, 0.04646243988296006, 0.6536719494834615, 0.8516784830360832, 0.16388412408382635, 0.5498202536945573, 0.04709865508585487, 0.27138596552912253, 0.8085593990651223, 0.7097175303911687, 0.1403382252110208
3.96311578077e-05,0.160102227139,1.61744953179
3.87389802266e-05,0.152863497204,1.76675926559
1.51328319599e-05,0.3290306788,1.90265425084
0.00184130825528,0.628038619991,2.269751188
0.000859603550325,1.29127305216,2.36092258586
