$Culture,$Criticality,$Criticality Modifier,$Initial Known,$Inter-Dependency,$Dynamism,$Size,$Plan,$Team Size,>>Cost,>>Score,>>Idle
0.12908615657072461, 1.148507463005718, 94.37634573478103, 0.531426307951514, 31.74546842422412, 36.129757152683844, 0.251117434551023, 3.0529877343093386, 10.863116164606557
0.13081069968734377, 0.8515610091427449, 94.50807373661114, 0.614878884468241, 62.95151664611366, 36.26195309162873, 1.372908083465632, 1.8891808111446118, 12.50240341641052
0.6388520190492429, 1.0067512697539511, 80.1588544663878, 0.5083309370837225, 58.709410524002394, 17.967284808750122, 1.4299161007856085, 3.6877492212381173, 7.221716510960875
0.3962423503915292, 0.8256291391238716, 81.45525444475268, 0.6172024838481935, 91.66208919584984, 19.875907477774852, 1.1468200724373196, 0.17012866770031776, 3.840509588907193
0.8500961799315191, 1.098772307479169, 94.01770774615424, 0.6936914547985685, 90.08305286963278, 34.170471872175895, 1.7590708383519031, 1.8889114716943378, 13.861063740441043
0.749829313532833, 1.016707009560539, 82.26156060185582, 0.4095154859372364, 86.40900247048916, 24.71786249425755, 1.0792427453254207, 2.2002650311487626, 13.436682135763823
0.6005033022011806, 0.9808619353072765, 87.63155571925884, 0.6810374135314627, 10.734421063724021, 38.05457928493664, 0.6451698065178453, 4.400648475135917, 5.103283632610801
0.5162532333597927, 1.0861959994614623, 82.50205388933117, 0.4589266697361705, 63.35785481032599, 48.82645513683937, 0.6923865512100422, 3.6420095494159805, 13.929989602576736
0.5582307222821921, 0.8381380735783505, 85.75016557714419, 0.5503732307371749, 70.73817656760193, 13.993174339791254, 0.7472018192005037, 4.2961767594644185, 15.841121063004126
0.46625925481226516, 1.1690573527909982, 88.34947536802107, 0.4376164176032754, 27.813109321922134, 45.448406366210804, 0.5053218780824791, 1.8310745201462475, 11.742831595702366
0.7055350025427878, 0.8697164978761598, 88.87218427845046, 0.627794430619744, 97.54953995229903, 28.310480271648125, 1.6747952130974175, 4.920912544008506, 4.38545590168393
0.44462568853523665, 1.033494692315383, 91.99887333796842, 0.5847924307834396, 20.17835911329875, 36.37764139709881, 1.6218441682693667, 2.4617555503226267, 19.583040795761224
0.5258113214073326, 0.9004615576806451, 80.92404875266433, 0.5875978500358714, 91.19266139498463, 22.25713471787914, 0.6004024590023536, 0.48332333150643003, 12.490282877136009
0.4253457798694239, 1.115720191321159, 88.9690065034468, 0.4378826519560401, 93.6804517334382, 39.87250761407665, 0.7341321020557678, 2.726351952843164, 19.673437005664823
0.20925389560302332, 1.2094590988847822, 91.53699378409652, 0.49732545360619607, 40.15633232379802, 15.116562773762983, 1.3764182395380173, 1.1842463903663565, 9.31010742357631
0.10938015981936494, 0.9695694700478765, 85.94030874185387, 0.6834367487586199, 7.312460565097634, 17.31208517862251, 0.847767059934526, 3.386555503657575, 9.282120829810518
0.5292001062860651, 0.886399208431798, 88.24883466512757, 0.6531322197061182, 16.27429894349769, 30.089874686386892, 0.7022263734091456, 1.9084859597489223, 18.246411397880163
0.8671616226190428, 1.1351375542399769, 85.81806698932637, 0.5289571117636253, 3.0006158824606888, 25.18183666284806, 0.7242214588574092, 0.5743420409701694, 19.85409269903341
0.29061733998897543, 1.0175929469050136, 90.6013720852134, 0.6801537187824461, 86.3287227809655, 34.443641849299, 0.8808354500211495, 3.1433942497781486, 16.369041985184786
0.8675332123268492, 1.2438945467351614, 82.74168737542817, 0.42110336332196496, 78.29666617630761, 4.23572843195244, 0.26880316911409374, 3.171028918288814, 7.705831069175632
0.8650989978286654, 1.2358466243377966, 91.09726376527047, 0.5425483461840879, 2.161028126726894, 18.306072698735782, 1.6847782477923907, 1.8507472034396226, 10.258472308304624
0.5848959492211089, 0.8398769924115467, 90.22059037431796, 0.4971739579451938, 28.10559662700657, 12.29957237026548, 1.6371852120822417, 2.585178763176067, 12.712423608707525
0.34297779286693225, 0.8299277346755749, 88.88499768743351, 0.5807505986343553, 95.47380184936728, 33.01949326390015, 0.20596993115013196, 4.618367283039557, 2.881714187363118
0.4245390139280174, 0.9760071055275817, 86.3144673599594, 0.42992841575866203, 69.24515661190276, 4.297323839106099, 1.3515810367906407, 2.865967491996895, 18.898322521577033
0.13585171398791618, 0.9303844986406611, 84.97019964659103, 0.6738257820291655, 6.698181844210216, 40.78437673866405, 1.5395201863879868, 0.850925087111396, 11.7694644311083
0.32503960584933933, 0.9802808942089111, 91.08081085351785, 0.6471213938511505, 45.326584074734555, 23.787893864691956, 0.6274891787351831, 1.5139115054237888, 3.7912140735626574
0.4132833209549559, 1.2519896098572056, 94.86034181334195, 0.5685772211873803, 79.84377430787187, 31.0336565376037, 0.31888747899037795, 3.220222100303778, 2.036728101102365
0.3848683752623968, 1.151741269007162, 88.54702169891357, 0.5038165938925221, 84.47398038960675, 24.651064942882577, 0.3255496716918316, 3.2436135818744676, 3.2209239272111505
0.6521002186945968, 1.0281150460308115, 91.68917644104866, 0.6934399294114146, 27.849867487502845, 33.020496189700545, 1.8722150653970029, 2.7596162863492237, 3.8036739074772137
0.5348239844049525, 0.9948677638709266, 80.29142056817506, 0.43090819672214287, 98.8174927802359, 49.88843200418392, 0.6131046881668762, 1.9371798951321606, 13.820494852635502
0.30245488408368115, 1.2263731510342604, 87.20464402511996, 0.5310417509732328, 13.798288858965035, 42.83614514573343, 1.7827353995174988, 3.8405775092304824, 4.744343251564393
0.6840910680479539, 1.197151919001855, 93.74622764137882, 0.549696341751526, 34.332396380788985, 30.61883377811813, 1.7883288198042682, 2.576385811468837, 16.385752587640056
0.5578908999272563, 1.129921954726226, 81.23384704450149, 0.5117735244626894, 4.132049576938879, 33.024995225769395, 0.7985100479986433, 4.635704705944468, 17.993725654468793
0.38138963043786334, 1.2181214618961296, 89.78237874823117, 0.5168919612749009, 42.087065258937905, 45.342395162085545, 0.028239058983216214, 4.6346611388966, 1.0001782711717122
0.4137839547456864, 1.1100642132171659, 87.77748179520823, 0.4846151544174926, 59.21504831469656, 36.17579376790949, 1.3974524452006127, 1.5987211653384397, 5.504172633660064
0.1700070437418179, 0.8550357064723276, 92.41470948058256, 0.5402994312387814, 8.748011618629913, 2.5757293869145332, 1.2681836141405713, 4.69487622997802, 9.99188357963221
0.7373108148312828, 0.8449107499021918, 80.70017193156137, 0.5239303067175979, 29.86273449563105, 48.62733736108688, 1.6821583968653302, 0.7518171817091363, 19.409135612179398
0.39373569909831907, 0.997375207093242, 90.86530730305721, 0.6252437386500977, 82.84735126107152, 11.229555461725077, 1.2089546752441156, 0.26074314684547906, 1.4788542621795133
0.11715046894861053, 1.2201633430363654, 83.91603149674248, 0.4602066879106918, 36.338941077338525, 15.443164277691837, 1.2096052043541814, 2.9588240842477487, 17.64645009261844
0.7396759172995431, 1.0530491436397735, 90.8804379902439, 0.5989687661615284, 75.9277987783616, 43.1036357202433, 1.6775196853217775, 4.9219193393825025, 4.55204748753944
0.37403732659775035, 0.8723212511721411, 86.02039628306933, 0.609408816264053, 68.13254641640674, 24.779486294656007, 0.9759890049885769, 2.004048605610614, 1.0017053841308603
0.5208507313660025, 0.9398181018648941, 93.3807580564839, 0.4835199774827801, 2.712062950096661, 9.629393831097826, 1.0111963978733851, 2.5098532823269695, 15.20709537029234
0.20422799138160386, 0.9436670458331247, 83.48431583227746, 0.5010749702163513, 9.145642909662966, 29.52712793360102, 0.15815647792849608, 0.33026016695401395, 14.006471331011019
0.3066883336409879, 1.2465626006808699, 82.87271919540636, 0.5660411731058352, 95.08679492779241, 33.305876170734145, 1.9410423952524927, 0.33768900227189924, 9.667728316075353
0.8211551270485011, 0.9891717432095765, 88.03870340641538, 0.6634387830556423, 8.998473862345724, 28.56861810479317, 0.3035340911317721, 1.0316316297537504, 12.702288029679517
0.7230507905670811, 1.0946329970286166, 93.99218846022121, 0.4277647612008885, 94.52722423007899, 9.246399928379102, 0.2648088627865075, 1.1403010770102768, 18.849272276232096
0.3789623033310888, 1.0930864379707956, 83.1597192821671, 0.4679798041534088, 73.08073720696076, 9.688041357256198, 0.39294275222942265, 2.465054718992277, 3.122978621344994
0.8603373316529297, 1.1839541789390993, 91.32363579071131, 0.40215528148983726, 87.24895122334485, 4.144553206579386, 1.8459135564499645, 1.70967204748208, 11.51310918212184
0.6774475495168354, 1.1654426471639652, 83.22909841452154, 0.6577590020312989, 81.48258568148562, 45.882050787043475, 0.35851521564157673, 3.3986101519525573, 3.016216981367631
0.1728325820401479, 0.9996172348370793, 85.92284520302213, 0.5765785058981798, 79.61795423518797, 45.74139946004347, 1.8200654847300841, 1.9272268910981183, 15.461668548369216
0.18571141981258796, 1.0729820812596313, 89.49013491800157, 0.5625843020084828, 0.9662467138884301, 30.25557148880887, 1.5982569023369895, 3.304112707013784, 12.132449370479149
0.5799482641318855, 1.1981469485069773, 84.70676579675505, 0.6899780188963679, 90.0576079195852, 35.01500869805254, 1.6353775913787614, 4.664076530054921, 7.192021902293049
0.405821292712526, 1.0928962925050107, 83.80229295782485, 0.6290353137086955, 1.769850494213221, 25.411734531648417, 1.6820194174678702, 2.4714857256546194, 17.12342233262191
0.42153962881974827, 1.1089812657717157, 80.51506947440589, 0.48846486256220834, 75.5733917334439, 12.719721925552118, 0.32708068174846305, 1.682186704774709, 10.66684384335406
0.21563428556717623, 1.0695071102147757, 80.09759303184309, 0.4823050021654317, 1.931208167472409, 3.6520287412619523, 0.6944881500817957, 4.917799298086994, 6.0427754612857125
0.21119916495437502, 0.9758852453714699, 94.80677285993826, 0.424010504842677, 17.11652606569105, 43.99878990164107, 1.5577074352558833, 2.8668076467393715, 17.11263018777037
0.7168117479083055, 0.929883285586586, 88.38854103524497, 0.4843365597802438, 90.63229476281582, 7.350221723570824, 1.5497349767880007, 4.60218709098915, 10.497727337651815
0.3116900855084951, 1.0365318739469411, 89.08940824432439, 0.4922123766216556, 79.5148033088174, 35.81734674160195, 0.6438434997851257, 4.67655577770633, 5.219867565669529
0.4221723223795908, 0.863580668046152, 84.87761363684497, 0.5660888337132923, 43.991912713568695, 3.524421032402511, 1.2633182512807426, 4.741016007002416, 3.5744631454997884
0.41565629383466385, 1.1575148976732792, 82.95623502874606, 0.5270555847672784, 86.7411985399893, 48.83979289623549, 0.5655492800245789, 1.43455479479309, 14.681442770904788
0.8666401024893544, 1.0988479002555436, 89.38622247240457, 0.532350939132512, 37.03669476225707, 7.07826134100128, 0.8738441668049308, 1.0110421161276095, 7.928970834812947
0.13661914985715234, 1.1595396014117207, 84.34841782084615, 0.6255488038583563, 57.55048778761383, 2.9442827383075594, 1.2346802608309182, 0.482740326971034, 2.2031632918325963
0.7373867596220625, 0.8795489880371465, 92.60817840344683, 0.6955876513861372, 79.11548962220722, 6.456828068758758, 1.5441311595367202, 1.578976217748493, 3.226826006484019
0.3026252475987719, 0.8828649591033002, 80.24767149895393, 0.6634704824779903, 66.9564407458532, 36.854696444486734, 0.009579395102032429, 2.117314408044541, 15.340908912780202
0.1192903884891095, 1.1833096063487378, 93.39241258119263, 0.588279053985797, 56.326421402262085, 38.28207802248582, 1.1985836354570072, 4.616563654596578, 13.88905526423091
0.2960589521576803, 0.9992459375792855, 84.9060793931796, 0.5400404404124812, 98.94863738915197, 12.88910938653046, 1.7644526071039524, 4.4232814021472935, 11.83194286107992
0.5218333613468883, 1.209662726412929, 85.19690303304529, 0.6856773180499655, 23.345187337712726, 40.96415775294028, 1.5275440066967976, 4.320705667704787, 7.822670937059994
0.20971480704871004, 1.14972461412937, 89.54935460939205, 0.5829529169734748, 0.1081015909961014, 42.55050114912763, 0.5770884936722458, 0.4011304664954046, 19.362293011315323
0.3257571475825694, 1.018154114454874, 84.62342959788887, 0.6042369619789203, 11.632280584849564, 18.924625615172914, 1.3469704257799144, 2.741257549884444, 5.04013820093877
0.5517212820838697, 1.24161840559134, 91.87843642869282, 0.6696756829599739, 52.906625117874086, 10.255070248607069, 1.5263710024419306, 1.0938772854456535, 5.236947403421234
0.795861042866746, 1.1332259715160695, 90.02664145315032, 0.5610389131979153, 56.56609866306967, 28.172501732854947, 0.6196379971736905, 2.965145352814753, 10.736764130854816
0.35824096258800553, 0.9255789830687652, 89.81704387308781, 0.5585298201993791, 71.59041012733952, 19.77440856034504, 0.140750909539479, 3.859165245591135, 15.113674097313593
0.8442233692558144, 0.8845514772651061, 91.24863383238736, 0.4449877020425472, 81.854843111376, 6.28494106815323, 1.708010186707353, 2.197135007402959, 7.617459031366684
0.5192878203930853, 1.1506680688173816, 83.41168009891634, 0.5548255142103257, 12.201987026375837, 30.891058472960005, 0.8967206026773884, 4.3636378171312655, 5.120690204812211
0.7367160475552467, 0.8791085673589465, 91.60368803202252, 0.6508327063042375, 1.760448712767837, 39.75589697746438, 0.47835765300988076, 4.812212466369472, 6.649000740538337
0.5502097736194504, 0.9884640781837604, 91.40439101154644, 0.6717144265033406, 46.72487321688834, 30.063958427033803, 1.2702081995886947, 3.6326918100859222, 3.459508232682555
0.6874623553143897, 1.1181385969567885, 83.64445858984027, 0.4550843011916251, 44.749851015627144, 35.48434073653354, 1.9630567311928946, 1.1661850822578967, 14.716193469705292
0.35792833888739095, 0.8380474790514688, 83.1049954512579, 0.5558160992346439, 58.574151826903154, 41.83301555946832, 0.9418571471296222, 4.476679022402331, 5.938110112330743
0.403325439197476, 1.1115264277973653, 83.00250506214451, 0.5164034976639452, 9.727596770766267, 5.513310887281444, 0.9177711731465432, 2.6091492776884015, 13.136774227302935
0.4055359710469909, 1.2044015044137741, 81.72636617843258, 0.6204233460942679, 19.016918513498727, 27.736841666359762, 0.4814143886082498, 4.805110773372867, 1.4963483328533131
0.1835068527684273, 1.115527077446901, 92.18600149921674, 0.4848749300503556, 10.398151872274797, 14.466682511921654, 0.3158012060758326, 0.28374134862308387, 3.552759918268949
0.7744189367910528, 1.0714815100961281, 93.25218057313388, 0.5763864541188894, 38.750422484743815, 33.41715205857673, 0.7875962136916803, 1.0155733599080614, 13.078909934689047
0.17557956539479191, 0.9665429280736484, 84.15310215564179, 0.4398377585559877, 74.18363307991922, 5.37778000204632, 0.632063613762889, 1.9738126949789332, 8.93209833528529
0.4743324236369745, 1.1607400151363088, 90.87565140743479, 0.671660415477519, 5.88020952995395, 42.04255492265553, 1.8870500965603503, 3.630292120589897, 10.753524374007394
0.24292401342686648, 1.0419945889333095, 92.41710724640485, 0.42254841574064, 83.2659817410161, 7.682863115027192, 1.913924053456803, 0.27511632086223203, 6.10689707033133
0.6565046148859887, 1.1964564658393373, 93.71367479994194, 0.6365418577233758, 31.83024935783756, 39.909014244313354, 1.134348426862349, 4.445701137974066, 9.163953415470072
0.14234333902173307, 0.9911874065106668, 86.73764103805973, 0.6200366424001944, 62.53789886255603, 8.42428469746484, 0.19471379740084727, 4.00877643384247, 16.964357692743306
0.22127775525627966, 0.9235253693422959, 85.66884831928103, 0.4447561664311576, 93.4186949297025, 28.677424546732453, 0.8915430289682342, 2.5833767687244027, 17.72509432328279
0.33658619700662673, 0.9562967111943075, 93.02811157575445, 0.5685763483280679, 68.24991239357763, 2.9663565285170037, 0.38344061973124943, 0.8617835178827099, 14.511669191985606
0.7264124687564788, 0.8651557612171351, 82.43396034416966, 0.47141061823237174, 83.59484951045927, 24.643014916793426, 0.6668221529355756, 3.9104609441420326, 6.561307480668428
0.1315746681610639, 1.1520249579943636, 92.44714473351905, 0.6201836400704563, 14.085339056349088, 49.2258360087804, 1.02043663840233, 1.4035579208674225, 9.895735681676078
0.8470195737755557, 1.2248225609605217, 92.49252922611625, 0.63572107975708, 83.74848543759313, 35.81911557877911, 0.391697165063585, 4.155033792532137, 15.972778941572933
1182.9912936,7177.98636249,28646.7961381
0.00633398325241,0.361165789061,0.777521793983
0.0,0.251666666667,0.736842105263
