$Culture,$Criticality,$Criticality Modifier,$Initial Known,$Inter-Dependency,$Dynamism,$Size,$Plan,$Team Size,>>Cost,>>Score,>>Idle
0.5297738133514014, 1.06479011747501, 5.187514114506817, 0.2729363116014969, 48.95795903544909, 41.45360891419416, 3.34771781020281, 2.0507024284020354, 23.108785005182725
0.6241585544670223, 1.110101567080745, 7.101226488473248, 0.2839488809614444, 7.937867667088582, 48.78834199022352, 2.7261412660992477, 3.5879232895291318, 20.874350338032187
0.7402918764085111, 1.2465603954120579, 3.315875093290673, 0.2615417837072812, 48.509206605284255, 47.62806364086439, 3.1330221826258184, 3.740720601714569, 42.845201022810215
0.5689698032706555, 1.0937478214989724, 6.229888338664507, 0.49186610159119143, 14.031721429523836, 45.17783276487247, 3.7594392610193923, 1.6888449468680256, 28.81679121892982
0.5590574876172153, 0.9447398181582941, 5.3229212558456025, 0.20434438806512792, 0.7972502395206971, 48.17287023148636, 2.6147690059194773, 2.2562896488084316, 26.838937453666507
0.5528023737665994, 1.0163916116447864, 6.287362316358978, 0.2142047854278875, 23.00340915095384, 40.83861288646318, 2.556007058726868, 2.4948208835864345, 41.462627882406785
0.8337792447755159, 0.8935322798467686, 3.35919195418521, 0.27393924100936473, 25.277802497213976, 46.646694034757644, 3.4600101605667235, 3.3407179806070255, 34.84072151581195
0.8525768667442852, 1.0197305278009405, 4.704128783102544, 0.20664689112355994, 34.09486703677549, 45.50260734884078, 2.981773139118215, 1.7460845963937293, 28.706970264761637
0.5678629759023414, 0.9863179975342923, 6.117442558692682, 0.41203442161037984, 38.08556378199336, 49.14037695234211, 3.2558434446442437, 3.793693178721364, 22.781402184356455
0.6643863638855604, 0.9055882820268717, 6.405688536500111, 0.34958754356305066, 17.975862217941735, 41.06945073303514, 2.377771463348722, 2.521048729084177, 43.30341900006799
0.5872912780546486, 0.8603247386870568, 6.818428846803723, 0.40457723999294126, 19.455836708513136, 48.01170939826247, 3.54194545086803, 2.9875922766812346, 26.182528239943007
0.7713457791544696, 1.241695884115482, 4.212288457221167, 0.44766113024627496, 21.789551022685217, 41.774520830082466, 3.7730688832130355, 4.656323855418872, 29.855324484192973
0.8062368796591319, 1.1581709655111803, 7.881918290216076, 0.2560781208416497, 44.050080955948545, 41.939402818033436, 2.6905500648109273, 1.9221469614181452, 38.20732844424654
0.8007177518398447, 1.0831901385109737, 3.6129701825197027, 0.32119169807267134, 21.305209728839174, 45.08750296600953, 2.651952704678963, 0.2689088748895174, 37.19809687997611
0.5878998313175959, 0.8487905829473822, 6.648204807592503, 0.25031269420579905, 17.929361956749844, 43.842151036899416, 3.7308875793744454, 2.474582500422514, 28.580273433937446
0.6757377087314603, 0.8671582285955511, 3.630296929820206, 0.41287013701117625, 37.5933394600276, 49.253336742223226, 3.294871368049973, 1.5383678810651662, 24.26293484808448
0.5093926198712598, 1.1948288280695252, 7.767177494414382, 0.3107291212582891, 47.57574478576173, 46.24420390536186, 2.0242845865330388, 0.3274393054537583, 32.07887471330333
0.8996404067713137, 1.1073316678805085, 3.237375845642592, 0.33103432210119466, 37.137628458582725, 46.876360829040415, 2.435858331813734, 0.3066988726865272, 28.12516351548136
0.5833090974883778, 1.125071754762779, 4.3860485004080285, 0.45554628223407967, 11.409162911826687, 40.74431846044604, 2.0220915499602254, 3.5531525579720706, 41.48392178686572
0.8205778705981224, 0.9685300662049716, 4.392755545737694, 0.371810830884612, 26.742363369162508, 44.30263515069944, 2.3509846705198405, 3.8727779642740296, 34.22749652726442
0.8546104407724007, 1.1824413973140098, 3.3532229632455413, 0.49378006379025174, 5.166662361558666, 42.72786679162762, 2.5222668009042564, 2.352973143170147, 23.770932894090034
0.8491346698005122, 1.233764039225348, 2.386602716162618, 0.37081531162698356, 37.24093398249308, 42.65771933156534, 3.523108017128759, 3.7733380136542145, 27.440315778795885
0.5380711787224348, 1.0963990028103145, 6.723987164259004, 0.2753971217135603, 9.333841762345529, 46.86553573158826, 2.2821447025534543, 2.5548681693283344, 25.165824472719027
0.8970848930634767, 0.9909658313393277, 2.178904432041489, 0.4998522375145338, 42.64440736648375, 46.39480716166825, 3.3044095793645982, 3.6040298142603837, 39.86044089700499
0.5588920561849253, 1.233511339005106, 7.223262621476827, 0.38304999034756193, 40.598623601750575, 47.512264337069695, 3.615687889306389, 0.960169454848579, 35.8729202045351
0.6228539192689028, 0.9004675638282952, 7.586379408221893, 0.48869485764640175, 43.54175141655835, 43.31722530944942, 3.5309394871588355, 3.010411258337008, 43.014701113888336
0.5890161245601997, 1.1233880092926207, 4.897143598338856, 0.2994359045797121, 23.888156959245023, 40.95958057467892, 2.3151420343196802, 3.845320859862818, 27.401633262170613
0.5506381387932391, 1.0294557618238271, 6.5515657132357905, 0.4509580181267079, 45.73457454053789, 45.20255572667366, 2.303755759994041, 1.2649387744782459, 28.65772066958147
0.8489016803201634, 1.1537579711545627, 4.8844579168854985, 0.2106953497881627, 43.57930303901994, 41.26186322209111, 2.9648652259116886, 1.3508310380158544, 31.278003031899956
0.7567957986872491, 1.0393512978415076, 6.660299794503245, 0.25377308621969863, 48.230699948829724, 41.103662406079884, 2.959944747598641, 4.766258838547298, 23.63159946713614
0.8063670088392586, 0.8308486860266708, 6.931482255771126, 0.29620951308513055, 31.08406577647797, 48.297835720473465, 2.759278083744788, 2.979046124304772, 33.3577014442395
0.7853138936989262, 1.1007203558068417, 2.1888361735668562, 0.32337347820128204, 6.621610757744866, 45.781642892836246, 2.9193135926683818, 3.826524008437637, 36.64062317765585
0.7311555492009347, 1.1644987714426307, 3.0736622181916364, 0.412966913651582, 3.641048325282509, 41.85247007138446, 3.8600126460761253, 0.8928769118234453, 24.573979926414797
0.74024082004643, 0.8449233357114193, 6.875364272831381, 0.2765517334237475, 31.343842259010223, 46.49453715608374, 2.0305598309378583, 2.70185114751526, 41.5132745354884
0.8298719122482663, 1.0110217160070647, 6.960818608937083, 0.3586698168077495, 10.617311469312035, 48.12387159216503, 3.362526467886915, 1.1148406415675238, 38.2621056216709
0.6001886460547071, 1.063118108778483, 6.354867138226184, 0.3925590852992802, 2.1002496269523663, 49.47933829335547, 2.3789095627328924, 3.5699624076539016, 38.11607188956023
0.832194028603096, 1.0237325038034504, 2.8644039828623695, 0.25216698104754104, 26.06653763297472, 41.54515477876637, 2.4152596198578413, 2.193277581747679, 28.989930295690232
0.875725853739477, 1.0755317862701685, 2.5334910960736234, 0.284073601242087, 12.425808950521855, 49.9626640344407, 2.09251120947245, 0.6868311442775543, 33.037051685224384
0.6441668135725789, 0.9855496925210722, 4.000781775186485, 0.2957714468406111, 37.62118681927084, 47.69092458456499, 2.039341620293883, 4.548924158916028, 31.455796589147724
0.6303245316499064, 1.1432748838226605, 7.484739106402144, 0.26783051133182456, 18.683242025977638, 46.87968510160535, 3.2261816430954933, 2.45043311915844, 27.649005130170288
0.5477420187734641, 1.0374671544149205, 7.073477761869852, 0.2636655279081704, 14.143510520990944, 47.767596091380895, 2.224412943050395, 0.5697810559190603, 32.48492675796486
0.8991122508463367, 1.1685684314322993, 4.022791748197984, 0.4535943470233749, 38.37493856855526, 48.54279940263619, 3.115943773817494, 1.6726308831555499, 26.226989244059304
0.6387200710838922, 1.2051932928988762, 5.317693323742937, 0.25897195176392884, 23.727060958063106, 48.10961504316643, 3.35903886895615, 0.7759022654439712, 41.42245981729974
0.8697212990592305, 1.010935807813106, 7.099237263563397, 0.34446856453866137, 3.3843293933777385, 42.04863939067669, 3.9702483682108873, 3.8093412006069394, 21.307030760507526
0.570067010988041, 1.020754583554, 3.5660561482365827, 0.2955655070362483, 21.93237720557081, 44.13039706616665, 3.218788666800813, 0.7005910068139731, 38.369400277065296
0.6651491130712056, 0.8835711556960782, 2.1991702419353123, 0.476338976712462, 33.93111215465813, 40.18307427975377, 3.8175696973544224, 1.6913188988010508, 31.31358278754338
0.7055893847986101, 1.0528587827712494, 4.054654232644253, 0.2885043221846212, 10.989553844223337, 42.866654184272605, 3.6635487837544254, 0.4485385905775441, 22.88068625064203
0.7690239008035848, 0.9857711100406836, 3.8967771989737914, 0.4030718353685782, 13.321147050703331, 43.68083907864034, 2.80384406726293, 1.7982304364680641, 37.71749596258822
0.5058929909110592, 1.1131869114947257, 5.321071513055263, 0.4055768952478331, 24.568481298728244, 40.7307657879923, 2.843055797813943, 1.4008137710244772, 42.14558163967611
0.6823658294895395, 1.1413103707127634, 6.229199479683154, 0.2010850838636954, 49.33450500911906, 44.7162302761124, 3.9742241732456924, 3.454360849194786, 32.98228034169525
0.8083972591066544, 0.8631131649763183, 7.030845557108418, 0.25577258059819835, 22.590809497496966, 42.58132316712949, 3.698253311685516, 0.7669230761265272, 34.754385696598895
0.6551337485991914, 1.0094804475401045, 5.7703085267647785, 0.2117437501492508, 29.728214194751434, 41.9597177747402, 2.8864663720822845, 0.2192801306327058, 23.661321200958717
0.6009056889698251, 1.12653176122756, 7.012883713911343, 0.29142759096584436, 10.634576002645046, 45.84957169616261, 2.535095796958619, 1.153614727496155, 43.90583356921949
0.8137006406391027, 1.17005352600834, 7.997354641075598, 0.3615694925514554, 43.689993934485464, 43.17867050586256, 2.4030634235010595, 1.9915568432293074, 43.44593818582267
0.7760348105091046, 1.180403489994739, 4.359666274744244, 0.3344177503087531, 34.674194627477775, 47.323066850351374, 2.0678307798824616, 0.6350553973645601, 38.3841784991768
0.566372556386545, 0.9057363959202002, 3.9698375057150046, 0.3282299742605652, 30.985044630672892, 43.102350998100206, 2.3840150938727813, 4.896082598341679, 34.30935786317741
0.6830573471505348, 1.155748195101136, 2.3538559279194646, 0.33693902551458155, 15.825486761994217, 46.54110855739421, 3.5066053815531597, 1.982756791368077, 35.16959766329081
0.8145631262100301, 1.042370780086353, 3.210296082529336, 0.27615470323814467, 11.962972594134547, 41.7854269212455, 3.569046479449166, 0.6196578152710519, 27.451026185643492
0.5638774522517143, 1.062325600006024, 7.233949544722645, 0.2717650170150311, 30.839658838793344, 48.66157535931353, 3.3055027691300127, 3.1842124717741878, 38.049045236897996
0.5122050429338614, 1.0389118702773366, 3.593116987296023, 0.2044485290742492, 4.241650542385939, 48.68120754032205, 2.527786722707895, 2.181363744688424, 30.438147584426055
0.8421771106882217, 0.9672958133120556, 5.353660905892926, 0.24566488182546312, 43.79639489307299, 44.57669576202131, 3.423517436996174, 3.115978036893444, 43.46297670697578
0.7587789398063822, 1.2402683747776349, 7.5222417702488595, 0.38418039096696355, 27.434302263337685, 41.99661946679356, 3.1918441872229177, 4.019456851031977, 27.118252299569225
0.6072597546532909, 1.2129272101362503, 4.07104573787397, 0.4922529663775226, 40.492636585270006, 43.95863326851341, 3.6474859656266343, 4.495838869385606, 38.97364036804483
0.5298796029227584, 0.9606045421182722, 3.9743465423483935, 0.23873196551217285, 30.071318650471195, 45.98081952758768, 2.812325162097583, 4.33180178047288, 35.945897212692294
0.8157645709273316, 1.0880175310759577, 3.865850579086552, 0.21147898210229826, 0.3960366208914434, 49.83683452436269, 2.461539020342804, 0.38184095849543076, 30.14854610383507
0.803670094083861, 0.9106622399401193, 6.649444271961491, 0.41529781879356964, 3.2700116614412797, 44.17977173086657, 3.985337209867856, 3.3472681797665524, 24.836543842991308
0.6116562736297385, 0.9722075773736307, 3.3515728140637475, 0.4796947981865605, 19.39244363554283, 47.368722573448686, 3.0368386731609904, 4.716458506382134, 27.28641552232988
0.6398306067059496, 1.068386142930918, 5.232256480398709, 0.3444923975591003, 3.5574509687096523, 41.54506573551547, 2.453612689183725, 3.4333085164696033, 25.502853156814766
0.8198225913316838, 0.8846096392543805, 3.7749209104803345, 0.36661479846805356, 13.749382370387735, 48.48837836868914, 2.3286732618363226, 4.388882709737644, 28.399676989119197
0.7543394962784233, 1.1438116699187433, 7.251349079425641, 0.4582453507523057, 16.619956819889147, 40.19955033618041, 3.4740999926036378, 3.9011396022327394, 43.20654145581403
0.827929761374413, 1.1200741255594606, 4.840840491676376, 0.4285843233093707, 48.00451930368471, 42.72425255194767, 2.8469628321563625, 3.281968248302186, 30.38655582250317
0.6843937095983869, 0.9478413990951629, 4.97746772922585, 0.3721902995110369, 11.946472560902016, 43.73356671312414, 3.1332926112541784, 0.43692678247947037, 39.23928270677516
0.6363788122965599, 1.2031295547151177, 2.1646636791441503, 0.22791457199268528, 43.02847436872123, 40.951010873547794, 3.694787720210953, 2.561177159405426, 35.31289216427367
0.7338821249217788, 0.978043444585903, 3.465179752155616, 0.47387662397594865, 47.32508880822901, 45.489042572979685, 2.565658579830624, 4.442898141903961, 22.660885665542306
0.8672881090098294, 1.1170670443897124, 7.978641795101485, 0.3469338495382565, 24.778603933867572, 46.28118864569797, 2.5562930226872944, 0.5094676479475091, 34.856806842049195
0.7551023107229728, 1.213137597364733, 5.285280152954327, 0.48603089326770027, 48.6135311659839, 48.70752093142046, 3.833886577678552, 4.599300500828522, 23.153939514829457
0.7229233942090493, 0.9582764178127171, 3.9238266468962535, 0.44474603916955346, 1.3788025768737444, 46.23119925879874, 2.252863862048656, 3.6372676469752023, 28.58710114574945
0.6795097955609909, 1.2145156039157923, 4.064811894970889, 0.4179154397310719, 9.064215453021095, 46.46716853954679, 3.6421722759989374, 0.38913142443213145, 22.926581372204414
0.5192512495822987, 0.9083796240094364, 2.5403511874995806, 0.33333050951310794, 41.164370494981476, 45.31395819929574, 3.2969545049575606, 0.850816726141414, 39.21518804751396
0.5325903130579922, 1.2335651254431024, 7.768412127504135, 0.41802825159490453, 27.527576470618065, 44.74444874637849, 3.5526113801069865, 4.615887479784143, 25.955746373851905
0.8693134362026693, 1.1204526201298537, 7.560805564667628, 0.2114450761353519, 36.48853580078214, 41.43548213326742, 3.1235558825392022, 1.152009219098959, 36.25847159431201
0.5316426762855709, 1.212614582826124, 4.29476333461568, 0.37351143669251285, 37.365438375215085, 47.48507082629188, 3.4689688533246663, 2.3817952122812884, 32.89357188893065
0.600165055392794, 1.1766155445765567, 6.104211668742909, 0.40580769790985094, 43.72168230486175, 49.19222469659706, 2.3746983895909217, 3.7531474834913743, 35.30947958486911
0.8568705681273864, 1.2511991663408049, 2.127009539997951, 0.3644795704051203, 25.00314239573563, 41.942237143941306, 3.441764564675752, 0.40474712646152156, 43.05805286156561
0.8792860493894394, 0.9343935896391612, 4.337301838201713, 0.22583942706516588, 0.966077798600623, 46.511533370861706, 2.3213510446472907, 4.597269301964175, 42.30213157891581
0.7309849290510522, 1.194971305860851, 4.841090230753018, 0.4303747762156266, 42.03358044396184, 45.37747307192587, 3.633080128551322, 4.8195960662545305, 20.938418499440786
0.6829802432921546, 1.1222936472269018, 7.338559901856877, 0.20829476426258334, 27.54615191806314, 47.95744880809946, 3.207188593150476, 1.3650854483476982, 40.79566534507054
0.6451662836288307, 0.8772985978928848, 2.113501002638084, 0.4400761403487866, 37.011863840053785, 44.49548948555204, 3.5291093733160754, 3.4975864292836745, 43.90531021809215
0.5753832619092023, 0.9267019680599212, 3.092879644225, 0.35947904414569165, 48.50772138221803, 45.70045022419518, 3.175122787897041, 0.9958189367519737, 39.74687665815358
0.5124904425232929, 1.1639282217147557, 7.192582759525708, 0.21956576697610453, 48.90143635725274, 49.3647687025989, 2.452913788656619, 4.029839007890837, 41.18828081286242
0.816804872165994, 0.8548071298379334, 3.9334062588313206, 0.24093039119851967, 49.77083442745168, 46.34651349382473, 3.8736265901108524, 1.664903323995817, 38.3533471048371
0.8395362932020936, 1.1777118517040315, 7.803256771457178, 0.4073102261803756, 14.239607431980778, 48.2223776055058, 2.875955341094933, 3.860518545445144, 30.34346575230972
251.114990633,808.25772464,2510.63080551
0.39515086915,0.565635000034,0.668801914069
0.0,0.272489290814,0.67984496124
