$aa,$sced,$cplx,$site,$resl,$acap,$etat,$rely,$Data,$prec,$pmat,$aexp,$flex,$pcon,$tool,$time,$stor,$docu,$b,$plex,$pcap,$kloc,$ltex,$pr,$ruse,$team,$pvol,>>Effort,>>Months,>>Defects
3.841660747599772, 1.0825812903048553, 1.1384794160192953, 1.1673037818274998, 6.1398194850999, 0.8796988743531214, 5.421779053468179, 0.9303005451328558, 0.9615783113875477, 4.873314743504476, 3.3106884032427457, 1.0488372849829861, 5.044025427830875, 1.2854953676655465, 0.9152844309286081, 1.47197140224569, 1.0504931481221518, 1.0631437318255281, 8.879755200522627, 1.1872267040796547, 0.9864021796263518, 91.74952712031478, 0.9583120336121126, 4.261573355304895, 1.1524831953927361, 1.3745171882187273, 1.2611948434798046
1.2938355568153188, 1.0886505951244547, 1.6426441332519073, 0.992619802504411, 2.802370077102341, 1.052966737526239, 3.621574270108587, 1.1453019867562932, 1.064143882334164, 2.9468701284061534, 3.1816392371396285, 1.1418042749313893, 3.856324567335017, 0.9912435083833453, 0.8009973112981151, 1.0163520571468454, 1.0804327386796733, 0.947711476412938, 8.124585819131411, 1.1648150816372085, 0.9816791509413814, 39.65634620935323, 1.0764355039067157, 2.1292847409256628, 1.0080545343738614, 4.6189467335045284, 1.278601808931293
5.627935219187699, 1.0554588311358422, 1.5419881396581212, 0.924014560095952, 1.6857314932253282, 1.1496731619646479, 5.1007398312040335, 0.936315155565861, 1.0935041470006184, 4.801370446668955, 4.225298214205992, 0.983483432215811, 4.414633473615004, 0.8187731424628967, 0.9666296912340244, 1.0199917665149627, 1.0834529993066533, 1.1771734249075922, 6.206180950028861, 1.0385488479454776, 0.891937367158991, 80.98335826971497, 1.0977336424853048, 3.4714047051563064, 1.00238465878004, 1.740071562564259, 1.012111486031114
3.158647377136946, 1.0923373442035802, 1.406115756976036, 1.0921843796398019, 6.651136079415827, 1.0339050364228317, 4.361062953576917, 0.8201800071114796, 0.9300174063883196, 5.763963102523459, 2.6532976707474036, 1.0257035454594816, 4.677069623684091, 0.9322755648996989, 1.078826877697636, 1.3838401049366271, 1.040198076248188, 0.8588260011438613, 9.7203506900678, 1.1119744934724447, 0.8791631619698586, 378.95577109721614, 1.126394666021401, 2.7579153050377294, 1.0610845091514889, 1.2738934732662504, 1.0154743633703958
4.050717382361057, 1.0622534166640702, 1.370890899030733, 1.2062416568557803, 2.8905828613257634, 0.7737558752076757, 5.283601819328017, 1.2335162654514207, 1.1390501773220376, 1.6735875991511988, 1.5797696750035595, 0.8116335035373197, 3.265348334789164, 1.0217685801132996, 1.0232954632759748, 1.3220962275118853, 1.101796157778994, 1.1488830655642328, 8.213160677713667, 1.1280204922592163, 0.9566995653997886, 292.88227697119817, 0.889365920909339, 1.6533886958818813, 0.966385161855481, 1.0873615910192789, 1.0422473725052552
5.885940204658436, 1.4174973789053675, 1.5439869122404017, 1.2017931511431386, 2.4356604153488126, 1.168229115498964, 2.142558198353073, 0.822304442782317, 1.0863524230724568, 1.8387957671167254, 6.080501221833442, 1.149945458075766, 2.2365596196716337, 0.9848328762842682, 1.0068916603302125, 1.3347012866156491, 1.0228710388938422, 1.2095452123744703, 8.534730359101605, 1.0718867394537444, 0.8869105429760638, 301.39450134110473, 1.1529352463052347, 2.095191439998188, 1.1363692561680627, 2.8896067033941364, 1.0513506620573567
1.0016580684327705, 1.1443673990808074, 1.3003411113597068, 0.9894796452034273, 4.79083029735055, 1.0329941571071783, 3.382500088940504, 1.0012789245072744, 1.0637464154699718, 6.059624185945047, 1.8928155986368602, 1.0229350504573849, 2.6775084630329538, 0.8297633270797066, 1.0224210265894504, 1.2388608490748325, 1.157532223769165, 1.079164005627649, 3.8177370323210496, 1.0179463577106185, 0.9620495989336332, 125.02320925247149, 0.8929913088874479, 3.0516877706049024, 1.191346459469153, 1.263910216028874, 1.1277522857772406
1.462852878532114, 1.1774467315232433, 1.446796319285872, 1.0290920868908808, 6.248879757486147, 0.9253977524334646, 3.524531273671262, 1.0618044622676124, 1.0200750354622892, 4.165984913093171, 4.040061230309734, 1.2157347356045138, 2.1406041267201186, 0.8560959090642012, 1.0131615459922998, 1.5793375361196964, 1.112111851670251, 0.9581253366499924, 9.061267988786042, 1.1673025196350977, 0.886748396626552, 335.5659359549585, 1.1223526769501928, 4.27814178864284, 1.1976768821090829, 3.12232169958833, 0.9772140441474417
4.715707130208222, 1.2375762589466615, 1.1767980705070011, 0.8627376012721685, 6.994608249550568, 0.8022265316846389, 5.575741209459734, 1.202642375060908, 1.1330303815548155, 2.8851219609024246, 5.757451617424646, 1.014255038390988, 1.0822427709359002, 0.8957646850725478, 0.9599201941714124, 1.453652186125289, 1.0001554044773477, 1.1805447417273396, 7.528598555006564, 1.0107446556493715, 0.8088847579924265, 107.58232930762239, 1.0306641091080813, 4.310946352293143, 1.1512812291405266, 1.1368732698062631, 1.001004754484037
3.954747461080087, 1.310905293291431, 1.42474488607207, 1.0884455158042894, 5.871576875522756, 0.9282194634398696, 2.541639169048314, 0.8852756142804434, 1.031954883292308, 3.768447099656056, 3.3267702739444482, 1.069489807309542, 4.130761010911424, 0.8567549325031029, 1.0476144453458054, 1.2090810502661207, 1.1075416900574113, 1.1039354483243844, 3.2965356699340074, 1.0720349451630062, 0.8226458797425962, 358.39282472807406, 1.0640169026180342, 4.926831880505002, 1.112852577319274, 2.9149490865496643, 0.9175929173386883
4.052755116923773, 1.3380269245416938, 1.6363048303166194, 0.8836387845604087, 2.6599183370296595, 1.022661046929768, 2.917731800201106, 1.1544021525010062, 1.0170268407110241, 6.0694380454350245, 4.787924967859976, 0.8576873252732987, 1.596610395442017, 0.8142910986859756, 0.7898616272526305, 1.499714705254784, 1.1099721680229404, 1.0611274848942844, 9.656465693754692, 1.1676868512274263, 0.902549084866398, 271.3829515886717, 1.1250284209913266, 5.875612888337354, 0.9724356291319755, 4.926227780125511, 0.8998613736079062
3.6725828450993077, 1.1190515530734788, 1.080459352115058, 0.8700786576368031, 2.5447664876351084, 1.1352152241509725, 4.492315613289147, 1.0071803437527889, 1.115633570881033, 3.0333397786069978, 6.521845464124624, 0.8651171650735335, 1.1690068761802512, 0.8136377433101082, 1.0623820405426871, 1.0949346535100766, 1.047781142219603, 1.1614506318780902, 7.6061629359876815, 1.0467746606090718, 0.8765840502157495, 276.40212691025494, 1.0879894995890855, 5.345138277980812, 1.0749585365714551, 2.986637493939387, 1.2653999283887865
2.320255101237073, 1.3892950355259384, 1.3795396850357424, 0.8318948997245792, 3.0896448028528756, 0.9193987947766518, 5.335281015820399, 1.0534557582884265, 0.936300975182187, 3.306305632653231, 6.210391830353055, 1.132335862024471, 4.215064246217122, 1.0390493055907304, 0.9798679829146095, 1.343190077978155, 1.106985028871855, 1.0973448736879927, 5.745798073662504, 1.0240727939415877, 0.8921942831601579, 151.66614759044444, 1.0460990217957546, 1.2680407673079421, 1.0398816605341705, 1.1381067338937472, 0.9108446177833209
1.0457860006297173, 1.3705239857778135, 0.9647863185874168, 1.088430499470073, 5.742789038409872, 1.1074736682777453, 5.889045470107151, 1.1031534115645825, 0.9050802288992102, 2.4982889088163587, 6.941629849715596, 1.1567574908199916, 3.654295064448333, 0.9020841320730391, 0.9890540698278497, 1.1433221705616052, 1.0811199163665952, 0.8404583760721036, 4.5365406824088925, 1.084904556441699, 0.77400535987961, 43.360750732018566, 1.0885885542743494, 5.428098278733849, 1.0455792761712772, 4.221115724160648, 1.0685228966873905
5.7035287751033446, 1.1221326476306044, 0.9167084788140464, 1.032310600914226, 4.951160622036716, 1.1317194068029717, 4.497081673478878, 0.8681022187786676, 1.0860835409040996, 3.100409379934788, 6.77837934456476, 1.1521838041656882, 1.6378313415203203, 0.8856782844146911, 1.04361306214294, 1.3285365750868752, 1.1086736914224316, 1.1120887152119878, 6.199645603107074, 1.0210461506288617, 0.9542038670636548, 136.82987099099813, 1.0059097404656419, 1.2789742368989416, 1.2156532396642197, 1.251793965404528, 0.8957239937512925
4.860088988799056, 1.3944675784334275, 0.7667743451007375, 1.1758053075628982, 4.17607475872246, 0.7920733005297966, 1.9428782676163179, 1.08674222412455, 1.0600159153578421, 6.163979186148251, 2.9321479622229925, 1.1065633404495954, 4.432551211093116, 1.2787822825307138, 1.045471471565718, 1.123326904767004, 1.1174912905304668, 0.9393044399259788, 3.3366962380535656, 0.9214515254300071, 0.8494183784336581, 65.29955974750852, 1.1276272869250528, 4.436873026047699, 1.2171722282675355, 1.4611883515762083, 1.0091266758440471
4.444725621139728, 1.1002439981845025, 1.0243354068461938, 0.8519057582385208, 6.490823206838342, 0.9119873925440056, 4.821172167902284, 0.9728625611813498, 0.9079063950695127, 2.1718200733044495, 3.2592859359728816, 1.10107005883329, 1.3946632306733673, 1.1953438759686037, 0.905579096421145, 1.2495871611759304, 1.1080551936213072, 1.1802484414553247, 6.637015082888158, 0.9222050688921116, 0.83689397838786, 311.7697514874975, 1.0019445597570302, 4.411252357538839, 1.16964745997939, 2.9056039762141292, 1.0206316079291429
1.6029620329141765, 1.2828833825677144, 1.0072810256781564, 1.1030772531316833, 5.5187073175550285, 0.8536602856380334, 3.9663950151582523, 0.9412753953881483, 1.134135542865769, 6.012093892663366, 5.105232050398023, 1.0053808646299374, 2.8607616095525605, 0.8706635744639744, 0.8824961455238974, 1.4725256941211708, 1.1697616567992009, 1.0156082218465166, 3.8025230227475837, 1.1039301638565922, 0.8843925441197643, 104.22741363386386, 1.0822139722983861, 4.262530076976841, 1.0913231248335273, 3.596935608388005, 1.2078710051892603
1.430609258027611, 1.4250539829022673, 1.3285027705451309, 0.8695790124928334, 4.805006646941859, 0.7377317399905845, 5.7349992442493125, 1.1458364208151717, 1.0246935837994693, 3.122975595526113, 2.194905735282367, 0.9660379184953645, 3.648701538546213, 1.0505873335526845, 0.8983683691106761, 1.0155094238795994, 1.025433302410025, 0.8798053664134129, 6.54573000387979, 1.1385344255368346, 0.8723288102382157, 123.5915476108463, 1.0675664630533759, 2.7318900414622265, 0.951344877968767, 4.993035617782072, 1.1148354169019896
3.68001964050042, 1.263295656776493, 1.3353383230943443, 0.9205272788982521, 5.304241921804855, 0.7980286837847685, 4.860008943549392, 0.9560676177110616, 0.9750015882349368, 5.7908319763912885, 3.8937357589883135, 0.8816797455967559, 3.1513652433015027, 1.1691786821299885, 1.048244209296104, 1.5297159955201889, 1.1551066993274561, 1.0825790738597214, 3.8278453684175466, 1.1341828973278252, 0.9034438166946229, 169.83371818661482, 0.942373418733812, 2.458738671503929, 1.0014740330137535, 1.6086227614023694, 1.2192323496968005
1.5355029144185497, 1.2690875274559414, 1.4713051536722568, 0.9434143529415627, 4.854245894653739, 0.7644657840783738, 1.617964388880547, 1.0842802322450782, 1.0679664958413202, 2.518483862484442, 2.8024113546688025, 0.8972006024528646, 2.6042816476996165, 0.9003094553135893, 0.8809864080347806, 1.3053158986683713, 1.1148285781914837, 1.003057202280274, 6.3581890406679165, 1.126104003764263, 0.9280418325408757, 244.7354965348327, 0.8852511725105568, 1.8152557483389078, 1.093583796379785, 2.275336981522468, 1.1434931422738916
4.309275759528205, 1.1178481332433183, 1.4483758602249721, 1.1635777611178018, 2.2865982598909316, 1.085830766952612, 3.501029599926237, 0.8945471803483541, 0.9187983555302305, 2.6725257809859366, 5.7979161707416225, 1.2074035933663108, 2.727898840691015, 1.0579423116293483, 0.8667347271755027, 1.1054133732011973, 1.1570367533524786, 0.9673582749491818, 4.0608536710607845, 1.058596022786945, 0.8628600140745747, 87.36181927597192, 1.0021581893286877, 5.799997524665798, 1.0695393125224566, 1.4518809945471514, 1.0467344359930608
5.23319749249707, 1.1340948514539841, 1.4526564148510435, 1.0430879271019233, 3.936158801003642, 0.8946235700755722, 3.180618426506553, 1.2216389416402968, 0.9111164186042338, 4.913025407857087, 5.680114857496239, 1.1535847493564433, 2.35160964335413, 0.9590157617582474, 0.835600097715806, 1.5428105674859611, 1.0675073214423125, 0.8868551001936283, 3.8305124484665116, 1.125638409904064, 0.8691841796692384, 73.6980365441802, 1.099162727134821, 2.348716553740343, 1.1496833547391414, 5.3858022470042926, 1.02832665998422
4.23746797545556, 1.4047388339952955, 1.5303368117710225, 1.0762660127646606, 6.460359963205287, 0.8398334633778973, 3.1756646298824434, 1.220536514359405, 0.9171573133522658, 3.4881016350927334, 3.058387267223994, 1.13393223074995, 4.295892268882283, 1.0977096167991958, 0.9533597382446561, 1.584543487086719, 1.0455173595191742, 0.8441786037355424, 6.458144689471361, 1.009951631549367, 0.8300819056750691, 340.6885522667404, 1.0875327163192163, 1.763828905231806, 1.2396290953947287, 4.185003999240021, 1.2697034401237195
3.4110008820603444, 1.4281362648607407, 1.1088215583868353, 0.8459972823913582, 1.7834219112037213, 1.114156384428735, 4.720292303210654, 1.2473349953112494, 1.0919453774740118, 3.8431293322650237, 4.239770028974446, 0.8257007003982866, 2.5613127550303947, 1.125141762295486, 1.0025176618764533, 1.5393103464551932, 1.049050396703918, 1.0182580851509109, 9.572597316384371, 1.128474879639949, 0.9840451885197088, 375.30086766105137, 1.1353197032104823, 5.979198353044964, 1.1287008046219096, 1.2805302592721128, 1.0169632692055313
2.4777564157546106, 1.0470903829734235, 1.0697510974336775, 0.9368063186002908, 1.5577934259678679, 0.9681675432051966, 2.107708503743793, 1.1409748757661549, 0.9772483793563164, 5.59958360630844, 3.6250255851463424, 0.9640968411298805, 2.998104054132322, 0.9490882582692415, 1.0847885463807787, 1.4976236755405636, 1.0448335591104763, 0.8383904048833888, 7.201099649140744, 1.127811252506422, 0.9992360145891688, 25.16345376316304, 1.000716320464698, 3.5393986939510493, 1.0489911930802873, 3.1866553159184514, 0.9091938796411474
5.916182422781416, 1.1675810208607083, 0.7808547410174652, 1.1610205229834325, 5.893770777288246, 1.0040981609900623, 5.105998826349734, 0.8704932360919799, 1.0771589670333002, 1.89689729868142, 2.153016841850223, 1.1913818337148474, 4.478365973634403, 0.8594598735936712, 1.073062751827728, 1.1376876584608056, 1.00227097116832, 0.8902624493120173, 3.959446184755293, 1.1077562868956898, 0.9973314174799033, 156.50534827648727, 1.0011331278512892, 4.945355324528738, 1.192965247510226, 1.2506196434914325, 0.9028702327581255
2.667535340959591, 1.0265566740704384, 0.9741133695103618, 1.1173134471159856, 1.6551159100223012, 0.9755577146293862, 5.720477691785372, 0.8321171220754904, 1.0174984270380316, 5.2853048200480055, 5.847009536145794, 0.8652622985367733, 2.753269784967687, 1.204342855201657, 1.0320407868740873, 1.4150446339044023, 1.052257548305191, 0.8815354705056955, 6.165004069906263, 1.0629483286539094, 0.9898055118887205, 81.44087638260922, 1.157955013801936, 5.0020304299416445, 1.058398638013837, 3.4083068272589827, 0.9551981730461283
3.3796445209771933, 1.3608670550915574, 1.6795269740640897, 1.0704106535509483, 5.8068208796341025, 1.1721388538549993, 5.5191029568095, 0.8737026205636282, 1.1347664672606703, 3.5413679873659607, 6.1702477783616985, 1.015364305344076, 4.172738139773279, 0.9152370117332511, 0.9251737015014713, 1.6065332422961263, 1.1353743170353714, 1.155662334542905, 9.265686323661475, 0.9195945298233059, 0.9334858459287831, 150.55403978544396, 0.9392655184630502, 5.1399300362168425, 1.2137657247117573, 1.999482929024882, 0.8760182017959683
1.6383993897136246, 1.0487550813167785, 1.4059371310630295, 0.854137322779993, 6.556647211146632, 0.7745294759103533, 3.309654225946898, 0.9223576227800319, 1.0312862011197081, 2.761430621088393, 5.024060492047522, 1.0387873865279997, 2.325009500257985, 0.9618357578749139, 1.0851885884454013, 1.330169586349471, 1.0585686143098196, 1.057294132490553, 5.554219796980704, 1.0278526480567012, 0.8465123529005535, 115.95860894593366, 0.9928375420057046, 2.6975240506180844, 1.1377773921131693, 1.3170470505605802, 1.1554791335427854
5.257087241584109, 1.0824183775711909, 0.918325187170575, 1.118507739994799, 1.4979477020579384, 0.7999618819664959, 2.697989459134214, 1.137780549244805, 0.9888850824693599, 4.284663707400953, 7.79657637204979, 1.0074974131476484, 2.6446809161990714, 1.184904987846777, 0.9414326344531243, 1.4616298577550386, 1.0642147527013757, 1.0556936532157246, 3.958376347304029, 0.9171627977187669, 0.788079956879287, 274.5912288033707, 1.0381966541507577, 2.735844735892403, 0.9691413932392814, 5.2885101147250975, 1.0534124122636832
5.890162658945692, 1.0893892510623735, 1.107324703272652, 0.9641081742843381, 3.326573244582095, 0.7524245605839665, 4.894728624509116, 1.1202153174991267, 1.0717756359485653, 4.156495034630382, 4.826405397217835, 1.2060837109411695, 1.4036264103105653, 1.135595944799237, 0.8297227336108, 1.0990970669696534, 1.058625658967152, 1.0290808359425003, 7.728350809761737, 1.1672349727708755, 0.8707292820179108, 313.2343622019556, 0.9801322601293031, 5.968890997946139, 1.150236389833824, 1.2125202852767853, 1.183023773397301
4.460140420761375, 1.351404365318721, 0.7504622322152178, 1.1769681181418876, 5.618374277073819, 1.033203719524903, 5.288660573985269, 1.1110299071789682, 1.0958161518368223, 4.3251488789773065, 6.7714009150667085, 1.178450793631856, 2.9030854620564543, 1.1778710245501414, 1.0815570311979195, 1.5766752088741192, 1.0788838300491426, 0.9242735886152028, 5.474370862586271, 1.1488910734635802, 0.9917800906479993, 167.77256627915136, 1.0584064878778874, 1.4556865303644346, 1.0574553713297876, 3.2625702129340572, 1.2431262098259448
4.657788027228028, 1.2376216262013664, 0.8143180971255165, 1.07004053883216, 3.721058929252446, 0.730710287674449, 4.311477456924447, 0.8207421683449589, 1.095659849486342, 1.4190012728646486, 4.895684132970112, 1.1430539809892575, 3.317273695320101, 1.104193059312771, 0.7938281442628232, 1.5543749395201099, 1.1680895506550442, 1.209373872102025, 8.514179814670204, 1.0985257152460197, 0.8304691478054705, 325.32130056938166, 0.9104466919058247, 5.031544272857147, 1.1293127955854698, 4.289227118259592, 0.9400793673725216
5.021596595065652, 1.0518185259479667, 0.971242076236759, 0.8128096733624645, 5.495260350632673, 0.8974003308351522, 2.959384120351229, 1.2053621684477642, 1.0871313491640031, 2.7065937871866597, 7.63201291147023, 1.1857392457086806, 1.7233620592699501, 1.2533542527520432, 0.803582217686376, 1.6254662005743938, 1.1124209727931746, 0.9331728986102863, 6.098478557517386, 0.9469637595770499, 0.9480168671961913, 344.5002620853648, 1.0082664983531346, 3.7375609327888095, 0.9943252828595663, 1.9296213124109245, 1.1651151971708915
2.1093660055536345, 1.415924066382725, 1.6856722031032891, 0.9993514505691431, 4.1614781623622425, 0.7870671301098728, 2.245152991036089, 1.1281421966041665, 1.0760306806250854, 1.7956879694148922, 2.1952776754153245, 1.1036098488782744, 2.1440980266863, 0.8834289801995138, 0.8135604443065434, 1.0073275841798588, 1.1616336575149997, 1.1980329674097223, 5.158344795385679, 1.108450451638066, 0.7652429799726315, 319.6675517057607, 0.9820421051896243, 5.0763203877221335, 1.0877820207223667, 5.332134364655269, 1.0072411933409384
1.0521683426041335, 1.002167530821484, 1.5472248325475384, 1.0802837417759417, 6.853874664933798, 1.100371906944998, 3.98129251619587, 1.0063501330262963, 1.0030104989190334, 3.606315826179465, 5.0071887238293264, 1.2089478789723624, 1.9973535862359633, 1.0143470313330303, 0.8658406208213997, 1.564240410147951, 1.1643058282207117, 0.882417565616486, 9.646266898873396, 1.148360011723795, 0.7790812636333981, 261.49733593854853, 1.0161416640291137, 5.700289590214246, 0.9636792182249242, 3.7327100741017007, 1.020125694561957
1.618723333179939, 1.0613178416119295, 0.8754420679735213, 0.8017911956724202, 3.220850112056743, 1.0807398159318964, 1.1545063774378446, 0.8233265784117999, 1.0294036274036462, 2.1196877700189107, 6.342672497680272, 0.8363469964269326, 4.104426237992419, 0.9156703147528678, 0.97574506946462, 1.3026199626103627, 1.0173125489637176, 1.1505478015918735, 3.08653142784103, 0.9935089067101457, 0.9940994689499719, 412.0375408761303, 1.0808035655894246, 1.2363956022566032, 1.0679280873056247, 1.5408560289885516, 1.2614093761318812
2.237058615821721, 1.1547891636156435, 1.5766521237231539, 1.1547278080314323, 6.422721846520669, 1.005745933295008, 1.7599491106888796, 1.1947282835280917, 0.9653417137533763, 5.7739648724771495, 7.389736711197148, 0.8962765546791849, 3.6971976653123786, 0.9209165782890949, 1.079580773582958, 1.5162242223970224, 1.138983505705513, 1.1259490150199436, 5.284026401755455, 1.1186496581613306, 0.8611730551527619, 259.22981613234526, 0.9302238584719199, 3.758628599780699, 0.9984535945949529, 4.324034459293212, 1.0889068059538687
4.7811665493989395, 1.2272227562795774, 1.596138840255486, 1.0330178848561309, 2.853977387646755, 0.9419848456897411, 3.306293006246241, 0.8541757749704614, 1.057811813202301, 2.108732273313062, 5.273172196117602, 1.1405152168008126, 1.8800923996018686, 1.2799183232147842, 1.0071707884915364, 1.442122143939294, 1.1385372002960243, 0.9351462640370344, 8.702411126725451, 0.9717782843440347, 0.9277225363139827, 187.07079424731435, 1.023168737022497, 1.2158445092120882, 1.0857119752144058, 1.0736930552506478, 0.9670486247093066
5.853488641572842, 1.2232825043446969, 0.9609906537628989, 1.0520216421635313, 2.8967765359890576, 0.8402821890602237, 1.8985875912207875, 1.0293101750063651, 1.1022872005948874, 5.008463556859112, 2.067680914203736, 0.8795300325107481, 2.7392375263219155, 0.8530823612969815, 0.8424897108241086, 1.2748432022223357, 1.156060806793366, 1.2281541102596845, 8.1179554869702, 1.1068778875328635, 0.9268944606675418, 74.8500509935366, 0.8727253004082645, 3.665085153675712, 0.9891500908194969, 2.791242527000774, 1.0331232416116707
2.7520945518175086, 1.3386495716240552, 0.7746904233265777, 0.8259699476142014, 2.670805001876939, 0.7604720860136087, 5.254030691171142, 1.2163581125380385, 1.0432277557022345, 2.269226421362005, 6.671303382859914, 1.0620155165194571, 3.7592113833375373, 0.8281795231389564, 0.8163191853184177, 1.4320434898445913, 1.0101051691545793, 1.126640584273409, 5.864763712328761, 1.1248073195917259, 0.8115629965703886, 293.1965945458957, 0.980242350585689, 2.1214921765708477, 1.0792073700845575, 4.919538823538698, 1.0957549124263417
3.2451353337548037, 1.0913930389820439, 0.8490082726971879, 0.8417548263865994, 4.575138452807418, 0.757059716444814, 2.372514657287604, 0.9674669407095503, 1.0617581711787536, 5.97653421467202, 1.9989612612643692, 1.0992942609655876, 1.5234901997226955, 1.0870978136258593, 0.9044827343527126, 1.2989576743719022, 1.020590755760313, 1.1097605965033284, 9.865612932054008, 0.9883454875854227, 0.8622556774716829, 35.92001776464002, 0.9747609708283977, 5.317602246739553, 1.1279924374588364, 4.379918868759301, 0.9398727008665269
5.600949635792348, 1.2213714651817225, 1.362568656487057, 1.1072298632433972, 6.730346698466059, 0.90807231263812, 1.253884855546917, 1.0591503471194728, 1.1371361709831505, 2.625940536055997, 3.852676390205354, 1.1458292387994056, 3.8536342101273844, 0.8347991244983592, 1.0599330826308706, 1.5930354188073517, 1.0218366947201611, 0.9596291974166063, 5.0782927170801235, 1.0639050459814194, 0.974817268846625, 161.36763037403213, 0.9215099938711167, 4.9616464545622065, 1.1559661900012457, 4.524998502828337, 1.1079976200458241
2.1686543754944188, 1.058263692581288, 1.722676558033441, 1.0809905316199382, 5.037151899804704, 0.7952841992624815, 4.45180151922011, 1.051567667019437, 1.124907212049616, 5.938136355700948, 2.477097169834393, 1.0864328770187777, 2.1898780536364106, 0.8851414628484099, 1.0693130202700378, 1.534718193163271, 1.1591540332658359, 1.0710378776662943, 9.17349991950336, 0.9140653796284688, 0.9848654324935324, 69.16364904992474, 1.0037577101424948, 3.9879209849880732, 0.9987630864446432, 3.572120417943764, 1.0577962914842232
5.736437918559622, 1.3616476217256688, 0.8157148246020848, 1.0973109010396418, 2.894240430671335, 0.7202601650741767, 1.390711892410553, 1.2597882285436082, 0.9861407253705805, 5.583043837368689, 4.640740149858871, 0.8390626870366642, 1.784988142948742, 1.0448543120772456, 0.8669827212867574, 1.3146858393949703, 1.02357674623505, 0.9942556214110896, 8.171633299624748, 0.9210395794608259, 0.9811539135918226, 90.46407874803975, 0.8985299693062644, 3.492361262376753, 1.0591576186665022, 5.07598831183721, 0.9742226522604975
1.4023490596482011, 1.2676751163195696, 0.840168210748038, 1.204788166067917, 2.121114349863617, 0.9620342853603343, 5.6249959075104154, 1.0976148831250319, 1.021936679903744, 6.070635888317625, 3.031904494233498, 1.200564183898297, 2.7867451313394564, 1.0141503990731815, 1.0009148280120177, 1.24171860292327, 1.0669246553163823, 1.032880952653876, 6.722649052037245, 1.0020095514697898, 0.9183991463319233, 247.36830743443073, 0.8529062698228723, 3.4901014582198897, 1.0063781422654943, 1.0531276603557578, 1.0182939232959975
2.9862526958922984, 1.3720195381160691, 0.7589098398175197, 0.8554601300058997, 2.3707009320181482, 0.9205087664072245, 4.105436219030835, 0.9607272822432744, 0.9898275511913033, 2.2753362555604264, 3.9913957685130157, 1.1532737017100751, 4.9813490214128375, 0.9913148448006588, 0.9529897440081742, 1.3809274708107302, 1.1366364593257658, 0.8992025133196586, 9.590160439143624, 1.1695142049333411, 0.847822065241037, 325.53630404383, 1.0034156243045784, 5.509356511622574, 1.099726212847004, 4.544635189521126, 0.9040407793494308
2.6743500342733144, 1.3095078155315816, 1.731575063791806, 1.071145826583202, 6.563201828392981, 0.8985313492549454, 5.259957611997912, 1.0881415904083165, 1.032232421840154, 1.3504590023120129, 4.10811130107408, 0.8827613578852651, 4.77373709532602, 1.033660301741344, 0.8238356634071888, 1.3650162656492046, 1.0597507580275034, 0.9785151690361084, 8.145203514383857, 0.9227061147390352, 0.8097298406093861, 307.2372000871828, 1.1691847444448176, 4.088685146438435, 0.9665168518098436, 3.246249813676056, 0.90958494718796
4.983947825143854, 1.0767927257987946, 0.7787032325731303, 1.1518266664101486, 5.5763853244824055, 1.1426220263553817, 5.495420606228528, 0.919018776414736, 0.9894120851508631, 1.877345672049418, 5.029848729493934, 0.9273905977693737, 1.8848613425586436, 1.1184123956342165, 0.9652014656319432, 1.2145699985115925, 1.0394107676903954, 1.0074201884890899, 8.50743209555505, 1.1492097805074661, 0.7601581485802471, 404.7897513520593, 0.8420218406536948, 5.097365387351605, 0.9699560155161197, 2.8650683349255743, 0.8864797750079725
2.5150553888942535, 1.372533656585822, 1.573574545926299, 0.9564269423092181, 3.1551974116137456, 1.0121588490307778, 3.9540997974498118, 0.9160152666589881, 0.9708995387752504, 3.884941490553911, 7.632595786931015, 1.0003244043319144, 1.3425886198153831, 1.2198137329798568, 0.992104869379896, 1.1139486746386102, 1.0339888689652303, 0.8971328979438881, 4.697972961594649, 1.011835010042925, 0.8179714158761109, 249.71885570013322, 1.1633934096275396, 2.620275806261209, 1.072646192624407, 3.7708092931224577, 0.9721778677520019
3.7664118226806025, 1.3584618904931027, 1.3660669935465162, 1.018467134630416, 6.464404823775279, 1.1886622733194767, 3.3399795826679854, 0.912461727251764, 1.1004930770807146, 5.0678547674571135, 3.882152183881339, 1.05000268941921, 4.44609800217846, 1.0666500601525113, 0.9234929734665676, 1.0921920175242215, 1.1525033917814884, 1.0000937679299966, 4.601053984368197, 1.0713684747064693, 0.90872188437321, 307.04542036842594, 1.1911235776010116, 4.388067954605849, 0.9827090394222672, 4.648528311436267, 0.9509160469746026
2.4317123556286697, 1.0202635727526608, 0.9437428417203146, 0.8796008907678206, 5.989578472309909, 0.9928322607647477, 2.7160878749383945, 1.1747747579518484, 0.934729533522945, 2.648843302826603, 3.746286823563708, 0.8478850359235368, 1.6813203318420142, 1.1468316468709259, 0.8369185488511264, 1.3145559876362602, 1.1189209842169623, 0.8346965063356334, 6.645318484142581, 0.9783885186984795, 0.8805677766845529, 203.59951060888122, 1.1691640022290024, 1.5012029034125458, 0.9703877564322606, 3.4589827125943886, 1.253271363798566
4.873777852293362, 1.0929262138835054, 1.578269324358112, 0.8790279746991627, 3.155046662075126, 1.031616903371767, 4.616849947849987, 1.155795476069607, 1.016133652116671, 5.840404181305199, 7.387120993862393, 0.8496009173038052, 1.088513697277933, 0.9221878328723324, 0.9064768235564731, 1.1436419045195783, 1.1488013502170706, 0.9362138065340293, 9.541688776576454, 0.9439449673225152, 0.9216202729680191, 227.35929123336678, 0.92278205850949, 3.012605728972428, 1.1335970374926365, 1.7915618292333282, 1.1857702888972121
4.318892210374637, 1.3567064354671, 1.0540736658465313, 1.0405239579568064, 1.5200303113175258, 1.012182586748529, 1.5483344412894526, 1.1775558343072456, 0.9930285000455101, 3.33292668652542, 5.404510179725443, 1.1696918212969956, 1.290046252131084, 0.9080718206709941, 0.8111876383799979, 1.1951604422096398, 1.0496448032124719, 1.200206310306298, 6.6515233336643, 1.04881023679976, 0.9168626368163704, 380.45338107186586, 1.007422796519377, 5.532315376417698, 1.1015755182437807, 4.273559591970383, 0.9788252477809272
1.0910037502810301, 1.1530295635600096, 0.996382176563184, 0.8660586520934146, 3.830316005843839, 1.0429107083342146, 5.690386203337949, 0.9873030752969373, 1.0643833352063625, 3.101205593077205, 3.321280314062439, 1.137979277095941, 1.026231081925341, 1.1021994162328377, 0.917241632051512, 1.3298867737192808, 1.1589152521384636, 0.9972237391153096, 4.502991677409248, 1.1329212616267674, 0.8031979137814106, 154.55042073214963, 1.0254614164318108, 3.7316654336129265, 1.073251833335884, 1.9692209518741741, 0.8766668882429871
4.2028990319257264, 1.4034873826642558, 0.8873174002076266, 1.1915251315508373, 6.7294782427876845, 0.9443798523996959, 4.981652312672149, 1.074230085277146, 0.941974958606069, 2.5809813058853157, 2.329716492708633, 1.1920178758195974, 3.7485465841618026, 0.9907824970178547, 1.0340152881097315, 1.5006990760279515, 1.0031039025689, 0.9094707941207424, 7.614231139579174, 1.0884454432759942, 0.8807830714822917, 21.77246466494112, 1.0308334254038003, 3.04582837205645, 1.0000245486317714, 2.709467282133576, 1.2023054784226093
1.781166081094965, 1.0509262536957737, 0.9618143438026499, 0.9126526668785807, 3.8593805368204395, 0.8078904069277272, 1.6854192838795563, 1.1201318133584575, 1.0312716613402717, 3.1364293774988248, 7.641656465232575, 0.8237611277307827, 2.5288000239090955, 1.1902273692399623, 1.050908157769572, 1.1092992222530067, 1.1127644268687666, 1.1463502325545776, 6.781794012742257, 0.999889836706628, 0.827638411608748, 79.12284023773265, 1.1269244671804524, 5.033021307104644, 1.0712920451084584, 2.034899205412557, 1.2879758263574468
4.913787319920208, 1.1230673759084, 0.7380447340577979, 1.0508999083312254, 5.254650954997209, 0.7618363731445077, 1.7923859455107722, 0.9088940217201438, 0.925655215717286, 1.7000150839328216, 5.939671919531635, 1.1447438638671503, 2.597187874716022, 1.060582558297162, 0.9452253950542198, 1.4897873876141654, 1.1661573410980761, 0.8962600183847735, 9.89242309747412, 0.9998913071271714, 0.9982468079929683, 87.88715971821003, 0.9878395631106054, 2.2983965149213734, 1.1323277229497242, 1.9440017377164414, 1.281815638220578
3.117727691278385, 1.368072163727598, 1.2822276080505, 1.1948110649479096, 6.204139881857732, 1.1462606104789386, 1.5775448217499806, 1.140768753153183, 0.9936109714074253, 2.2269261438733916, 2.5060959439850614, 1.2157247322518445, 2.208797492891263, 0.959433733199662, 0.8004131014740148, 1.4374529425961116, 1.0025717333583213, 1.1195296089019082, 9.782616167373373, 1.154719549375177, 0.9538009170409206, 280.18280871032647, 0.977605134924345, 2.4779730049861772, 1.1532365258741868, 1.4504274881917698, 1.0353893187744116
3.1308583556550316, 1.2374741997395455, 0.7726308900631839, 1.078594851017288, 2.5213248662640724, 1.1490171684200388, 2.0925287818468865, 0.9236771133624327, 1.1006374655621767, 5.587802905928599, 3.1452043166812764, 0.9477638659660883, 3.9873631046650315, 0.9754427029872433, 0.9461515844153175, 1.5147753332422953, 1.0949472120209205, 0.8813227393906045, 5.9335926573606805, 1.019275449816248, 0.9329276186681306, 142.52080000390436, 1.1945561554644393, 5.166957284939373, 0.9841535213026094, 3.8817689042954813, 1.0150099711451026
5.447649969669571, 1.1413578552962622, 1.5058953305287512, 1.192193614484143, 2.101246510342953, 0.889467201532042, 2.664527161514531, 0.8647366757945623, 0.9477427830180536, 4.400214544999622, 2.8338592620729246, 1.0868638628540124, 3.5038646421097974, 0.8221074015403196, 0.8989570960790929, 1.0449974937686315, 1.0530038462874731, 1.0872931901182197, 8.003757604552764, 1.0711423621064284, 0.8552949855741186, 154.03980110990167, 0.9633331673068123, 4.7412248659615885, 1.0130383839225805, 3.0685261326455002, 1.1585101484818803
5.475161916233608, 1.101637182011469, 1.383971120438725, 0.8213936797169272, 3.8261731104345085, 0.923013267965074, 3.161973165937253, 1.1167642661397887, 1.0045029612298504, 5.616124833673601, 4.331555830148618, 0.8271924480023939, 2.3950282725420635, 1.1208489102307166, 0.8367390138785413, 1.2688061300861608, 1.0470526683437826, 0.963021996622302, 9.845302970753018, 1.09069066052528, 0.8561857474959919, 395.8466482244925, 1.0375616574328235, 4.35058905600442, 1.0558569434063994, 3.52073658765069, 1.2445048379975594
5.038432095571618, 1.3067421869671987, 1.5731979596671137, 1.0078344733969955, 6.786290269601817, 0.7929597687410777, 4.927961919972304, 1.2583483968373477, 1.0746636339321105, 4.233015763244199, 5.34043022795475, 1.2006101010718377, 2.499838383397093, 0.9897671016566209, 0.868636873645513, 1.529719142636262, 1.036909906516551, 0.947109359132699, 5.91152933914422, 0.9224490164554326, 0.8208068569942055, 128.55531611646418, 1.0530715028490338, 2.954406904143374, 1.1049053404851599, 4.746218082235838, 1.2054425922373426
1.1655952645531633, 1.3942704114978668, 1.0682162554304808, 0.9849833320965952, 6.733479452348622, 0.7434639202388156, 3.0638461224960163, 0.8341635454769787, 0.9634914931411384, 3.1087304498094044, 2.7151350250714863, 0.812814573170473, 1.1774920865926626, 0.8278217380980626, 0.9526549686818198, 1.223722548054456, 1.1418273427720096, 0.9578979098912122, 9.100221772805458, 1.1418232269737028, 0.8852975353020744, 41.73816568234248, 1.1819424026836, 1.226208720552813, 1.121743398220431, 1.7112968743972323, 1.0483389199255397
4.48179180798382, 1.397951772297523, 1.117941952356125, 0.8098139862600263, 2.306463127547856, 0.903167382627156, 5.021533341109982, 1.0172318472868138, 1.1264923950355457, 4.639036625006056, 5.650362501863238, 1.1164870548988068, 1.3118968043083683, 1.106156894107747, 0.8170929201776519, 1.0590376584286414, 1.1403933910806805, 1.2221834238175822, 9.814671241143767, 0.9378673271414123, 0.7846510942311975, 118.09094510858259, 1.0369540146482374, 1.6055314753816876, 1.0948599639802972, 2.7263662335278234, 1.2197226778945378
1.4940761134209977, 1.0772264490424794, 1.4083758761914635, 0.8987842144148713, 2.8557379010166395, 0.7356838022868766, 5.802917680313243, 0.9562643121790855, 0.9415590876114268, 3.8250631459409306, 2.3750840216832705, 1.1971140500018538, 4.667199614904728, 0.8815111009533612, 1.0072972308780233, 1.3703164633696674, 1.065108679257816, 1.1408629304730615, 7.804640891254177, 1.1149289627580081, 0.9769925783469946, 284.30824245602554, 1.127772104587157, 3.1281332183978967, 1.024556129794378, 1.9313738988117999, 1.2499711816349062
1.7208657042720246, 1.1087225545213066, 0.8558345425340552, 0.9907038212924839, 2.365064769048046, 0.8776007938855245, 5.212469599780987, 1.2568992766390545, 1.0440042543615864, 3.4873355059916165, 6.078724510352037, 1.0539418239564249, 2.7794066554629877, 0.8141571919374528, 0.9485511426244781, 1.2097261122880267, 1.1487803162214238, 1.1342894098612581, 3.3175865799862874, 1.1676212395097092, 0.8958436349886106, 384.5731020500926, 0.9952404477404078, 2.596508453639185, 1.0486406280330345, 3.10781625023363, 1.0512467367284906
3.8952614845587865, 1.0006345717946474, 1.643849446271004, 1.1053329485253516, 3.5607041713473464, 1.1850211038487832, 1.1068076508929234, 0.9698814481783002, 1.014594794757472, 1.6943448159580636, 1.98335762462594, 1.1367228135639467, 2.7141414646267603, 0.8814605276450014, 0.8045434229455585, 1.6266661331060823, 1.0019608027399995, 1.104053566962184, 6.736315765013519, 1.0931509118405316, 0.9306958181355535, 355.9037867649087, 1.0700137663156917, 2.1625032382629246, 1.130461491895094, 2.610711143116797, 1.0231455748363558
4.017984734578337, 1.3064828994366497, 0.8018224098860408, 0.9613977351665128, 4.030365944089277, 0.7127463235438672, 4.164831472997353, 1.0240162880296477, 1.0930909616704514, 5.590567274291687, 2.771368016955381, 1.002077282056961, 4.095642889889937, 1.0667238588442076, 0.8104008125386961, 1.4334943613781204, 1.078154160723877, 0.8459617251206928, 5.938481238614561, 0.9578092384309664, 0.8240587792237664, 37.59393443118914, 1.0709487943931744, 2.8155033260924998, 0.9636387488716038, 4.719202442843228, 0.9807579522682455
2.353157270856264, 1.4131786465117862, 1.0153910784450655, 1.1902930795784323, 6.226949069467355, 0.7465261978521632, 2.168398767587954, 1.101701438923016, 1.1234548938224995, 5.934631306593609, 4.507818449391943, 1.1656197155215327, 4.716458904174768, 0.9540298993189578, 1.063644785024707, 1.490411101765861, 1.0722244031639716, 1.2297180440511473, 6.446711434831549, 1.122300145393734, 0.8772794719689584, 275.00260796291616, 0.9933845601491724, 3.1835894564898046, 1.1680212829212104, 4.1177125653704545, 1.2614892751379903
4.825510631476705, 1.1192430909834887, 1.6679357077499313, 0.859147281405128, 4.8247088803495215, 0.9453065868446772, 5.760410747244012, 1.0824745587988427, 1.0231925069141592, 5.246627297652144, 7.487586456563786, 0.9452595800374675, 3.783252640810346, 0.9993881870742563, 1.0527948026824867, 1.0046074445783866, 1.0490072834123871, 1.129751295460319, 7.506757237401006, 1.1758452398695227, 0.8719753881811789, 102.63749810958303, 1.1592096844224749, 4.7093105093268335, 1.2385734737535272, 2.947595174991945, 0.9346919537861645
5.224174057498542, 1.0156099518206967, 1.4617898904037094, 1.0602031418773683, 1.857674433983838, 1.011495756649984, 3.6146166370497443, 0.9665943235639549, 1.0556057398568899, 5.369946648671224, 5.5074519355755, 1.0592438987595771, 2.309360167398595, 1.076098608349581, 1.0000222787326136, 1.0009097633913873, 1.0707482119076315, 1.1789075744696471, 9.69220982083511, 1.131418346973991, 0.8604783067779138, 85.24497659594284, 0.8692602148180435, 1.4300151320120549, 0.9696144029294254, 4.948343417747996, 0.9422869078845572
2.333430969804344, 1.1291572044350744, 1.149565460617911, 1.104759375259507, 5.262135658475809, 0.7763927140287463, 1.661625793583331, 1.0295550104644344, 0.9567709309915094, 5.059562705796395, 5.7749459237288026, 0.8782102581722968, 4.988622567236651, 1.1040840374804186, 0.979905692892249, 1.3982208386389543, 1.0139110530615323, 1.0264566378198448, 4.441760931104772, 1.1887119565126145, 0.7740594707663202, 105.85988808610712, 1.1201364764785544, 4.414851792992669, 1.1545655524238825, 1.9017630064283133, 1.0242993078615437
3.307701346272855, 1.177916057871228, 1.4343017713287884, 0.8758493545340064, 4.1727073943879835, 0.9312283316363629, 3.033612887744292, 0.931388234356535, 0.9949381538215394, 4.482428746505011, 2.2560874479778743, 1.0163939363237566, 3.7907712612300264, 0.8786833835564919, 1.0816461312489571, 1.4880233044718638, 1.1119808488710587, 1.0645837755912262, 4.078049380001348, 0.9463366736405174, 0.7842674433932586, 56.04803112605117, 1.0667495522997594, 4.182023939014945, 0.9785313316642075, 1.720401068561885, 1.0250071146326627
3.930666708773551, 1.0036075010041665, 1.3146082844459643, 1.0005450217297933, 2.217015332905389, 1.028761499678588, 2.3275262285143374, 1.00347047691604, 1.1338139250559498, 4.148835864585313, 2.202615956534189, 0.9722329741584542, 1.3304636698382013, 0.8937157707647021, 0.8554913851750198, 1.550433842193965, 1.163372476670851, 1.1726780450922167, 7.187498211897195, 0.9404787752522352, 0.9921084654088886, 298.8616155431157, 1.1252642141242242, 3.5923211232658057, 1.2132228961449139, 3.3461402083784044, 0.9595751367748536
3.9731176939525685, 1.0129548145433673, 1.5321643580834827, 0.9539771927902819, 4.264908111524571, 0.71828790476554, 2.303163263961965, 0.884079503722361, 1.0155444628092134, 2.2929856709218863, 3.68763593945658, 0.8739146591232833, 3.760094308328739, 1.1944972983075575, 0.8741391928743253, 1.5875751207167728, 1.0277557914170177, 0.8860484568810842, 9.880365451690448, 1.061696813057106, 0.9709796289664309, 232.8060397337311, 0.8455156628040805, 3.8066791959851765, 0.9572457062691001, 3.824687524772129, 0.9325984732505568
3.762580515341738, 1.2449148337149474, 1.4839198357870367, 1.1025081654069921, 5.47211075570823, 0.7938506687510285, 3.5043997866962977, 0.9493275753729258, 1.0749767189688166, 2.4326260915608984, 1.8694934408430561, 1.0985077108788397, 3.0670795731980522, 1.0046202481114084, 1.005837498316471, 1.3499101358121177, 1.054867277190111, 0.9427071441415557, 4.630542874542606, 1.0379572505035641, 0.9136847169691571, 237.74975207794648, 1.052114324304903, 5.4663138215512435, 1.0457411746803804, 3.8906216143162498, 1.2803444721675898
3.6451911005938085, 1.330730585528685, 1.0101651438323604, 1.162295576693651, 1.4561814233918366, 0.7465361374252476, 3.353254632314157, 1.0072075649507883, 0.9337500376244359, 5.627692522456362, 3.57747736725449, 1.1447037042006418, 1.4608500250162164, 0.8697540604393458, 0.9511965766258454, 1.0642503067046603, 1.0331277101679635, 0.9348689765566627, 4.8993908185096275, 1.0699111721032704, 0.8728755277757875, 151.12974822833826, 1.1775128998230107, 4.314744894001143, 1.0506354631781538, 5.009174265608409, 1.027134506573201
4.087579607485855, 1.2695917421323981, 1.3879258426481091, 0.8365887483315154, 4.363523371607465, 0.8967750708925668, 5.064345991626168, 0.8347355283760001, 0.9583950796999061, 4.878194752200317, 7.75150893285716, 1.1129810128624082, 4.2857990628006055, 0.9279737127677525, 0.981610520721189, 1.0128933317664381, 1.0259292465865084, 1.168089642121746, 5.614290881188932, 1.1040033411209855, 0.9673856703102998, 89.00673719977273, 1.09872900520589, 3.923344973025126, 1.1079695307205812, 2.7210140211263765, 1.100698165388659
1.418054365999243, 1.094820720657872, 0.9875179924313384, 1.17621265520869, 4.285341392726792, 1.0884319109984435, 2.614407485046371, 0.9230412596707613, 1.1037193181773737, 2.436875354433803, 2.350122087525577, 1.0099443753769044, 1.0894140241431116, 1.1735417319654196, 1.084051799117444, 1.3253436761373099, 1.1648492061564513, 0.9824451593839688, 4.869372665626527, 1.1102829923522344, 0.8417371911589816, 55.809807673875255, 0.8917832954816123, 2.7754592843730563, 0.9847096324364284, 5.427624308906985, 1.1192370913214957
3.5028520787684823, 1.1853306107032857, 1.4262591988350573, 1.084011828383706, 5.299741476035115, 0.7155896932722218, 3.870961507543396, 0.9332301564559844, 0.906852654925132, 2.0933565830952325, 1.7153068498677313, 1.1739889712627933, 1.5356907645889826, 1.0921966503437224, 0.863602856826814, 1.5922807258016087, 1.075802297029387, 0.8285936769468683, 5.5040351301360815, 0.9308453428743858, 0.8482862911521145, 361.8482576906458, 1.1029759854750165, 3.4594047186344707, 1.1831296407684977, 1.3238500643062343, 1.165581730606206
1.0562466823244416, 1.0162521632941448, 1.3780502828114878, 0.8016907349400128, 1.6300972991657323, 1.0498216501327684, 1.026713576106125, 0.8265968456654317, 1.0370530530393858, 3.8247350942281466, 3.2495061608684477, 1.2116652721588088, 4.7243594469794115, 0.8118719530336366, 0.9101249319417819, 1.02213153700847, 1.1598714366238352, 0.9299798593968712, 4.666856398521745, 1.0500943397600302, 0.901346487372896, 47.42622145592979, 0.9571803264320602, 3.488803743490209, 1.0194338116826338, 3.088894485777037, 1.0624398321138118
4.704113685616855, 1.1500326109510337, 1.3391277922425573, 1.0491055766777357, 4.48694392788966, 0.7130558223032962, 5.178355739690106, 1.070013988768594, 1.0217822868037882, 3.584064556582441, 2.3231761656234653, 0.9273769250466493, 3.528720826811382, 0.8178193932336912, 1.0417223663444473, 1.5984211723974422, 1.003621925006917, 1.0858728151170631, 6.077334933143062, 0.9674389313269939, 0.7737368880008177, 78.73790262880196, 1.144707111385513, 2.264015861672698, 1.2298355399941812, 2.9343527957896303, 0.9731428054714347
3.343389237727208, 1.078974939270955, 1.5213518816521439, 1.049014008609912, 4.824334499676759, 0.7752986415397736, 2.471699658162415, 1.2205209244871533, 0.9435608449948186, 6.1892183183642375, 2.1714670742688083, 0.839753447816479, 5.048098881190763, 1.2003844077061814, 0.991571700191059, 1.267567346071788, 1.0932474532128162, 0.8818362842409464, 6.538103375338752, 1.1893191135296346, 0.8337018313374303, 183.7335227858044, 1.139627624024906, 5.843424414339818, 1.1171347489554668, 2.0892614960431857, 1.190976178098238
5.807344637443565, 1.0301415922071349, 1.3388043361953375, 0.8989312045326717, 3.119132004456415, 1.0881417608798263, 3.0084437178177255, 1.066308200454082, 1.0407013129940037, 5.0603023001802665, 7.488684429213235, 1.091725677394197, 4.733207815551259, 1.1683206648495725, 1.082029154682212, 1.0929284454963077, 1.0279808043525163, 0.9203521559549562, 7.671180170183283, 1.0421106519598236, 0.9065488355650284, 134.89579193814535, 1.0821270441218445, 2.348689970697195, 1.0807002068912819, 2.517287398731039, 1.075406692235251
2.797128077255447, 1.405306483190485, 0.7313752169002496, 0.8504350786236917, 2.262331141894226, 0.7160774521588029, 4.247270526213031, 1.2276120837929891, 1.020025340437414, 4.913036672304759, 4.513851161294287, 0.8236114218521919, 4.815346494820365, 1.21423483247088, 0.9496285841670064, 1.4388646633123683, 1.087637089924143, 0.8573541648500428, 6.5008810487072255, 0.9142697652919133, 0.8720602850161013, 207.60395871111274, 1.1253537126275088, 3.5770197562064237, 1.0459349883865725, 5.431586171076987, 0.997368833105404
5.286686174707737, 1.0645398607883245, 0.9171121411267463, 0.884777212085339, 5.106649170771406, 1.0634106315547187, 4.6527694956343355, 1.2316167719836533, 1.1226737609837627, 5.6336208577879505, 4.5042434576535255, 1.12468835617138, 2.0407896227920768, 0.8501362746511569, 1.0337429750781388, 1.6263547184889142, 1.121431911290996, 1.1333814041863277, 8.990548849232752, 1.1199154983813462, 0.8243025620826682, 399.8777205147575, 0.9832379303517271, 2.047286475573718, 1.1888984391121882, 3.138360464008003, 1.0420909696749632
5.871000806624016, 1.136570767423367, 1.5687045233441017, 1.1206137342569404, 6.539097570147184, 0.7944185172165926, 1.248234249072203, 0.9673694056952171, 1.0262235105845285, 1.337866610012377, 5.2037496366090155, 1.1969615285416573, 1.0393801890316945, 1.0430439273817713, 0.8745629249103621, 1.4936547589639313, 1.0462737735354362, 1.143641017908092, 4.156986944703395, 1.1532990344688985, 0.8060999984345282, 360.91539691220083, 0.930206690726834, 2.4354886200143717, 1.0019154608759164, 4.088580546087027, 0.8856798164717979
1.5549409025400798, 1.368644588307931, 1.5060254411897218, 0.8654314882920306, 3.113006345873145, 0.8309716919989072, 1.1890501786914534, 1.1880156066419845, 0.978775121806212, 4.243475557696249, 1.8656349851560377, 1.2083754133576041, 4.983143115687671, 1.0790237319452372, 0.9300724567405878, 1.0441056417879842, 1.1407938151264614, 0.9933889769623523, 5.951171455782663, 1.1795240964093026, 0.7709720923413491, 290.0528851658271, 1.0624109048793948, 4.104007835730243, 1.059230562225777, 1.4841475509590725, 1.2819615301003
2.5046505698916164, 1.0822873024258035, 0.8947831710504002, 0.877008673219949, 2.5701403519322534, 0.7485027725294064, 5.516860714603879, 1.0288851421173177, 1.0491977871006646, 4.8741805455230915, 7.694982323638028, 1.0155376336470334, 1.8037240593734962, 0.8300690155115866, 0.7938239548729332, 1.4503972195030745, 1.124047518831485, 0.9927427146477175, 3.499445373989802, 1.0954415146076917, 0.7630611065381178, 88.70273982506227, 1.1049045098512593, 3.7393229235674124, 1.0782928272329966, 4.591136838443668, 1.0755237924034526
4.419809047620674, 1.2014511878612444, 0.799701015400396, 1.1910851636851751, 2.6442928859244943, 0.8557174621250583, 1.3861965806080303, 0.915655540070212, 0.9868639313996005, 2.914632425405599, 7.444821527471813, 1.0618473731319273, 4.023181812194776, 0.8453566790380102, 1.0536750979115648, 1.1249889905917756, 1.0656021557896962, 0.8256624778703984, 8.984874632359617, 0.9390437160995373, 0.9456593147929021, 221.02615587456376, 0.8522222754176919, 3.9156192805201657, 1.1229644719113365, 2.514878695692225, 1.090259249002585
18.4027530292,1825.40908523,15732.8603841
9.06184688775,33.5287298613,100.483124701
20.2002793004,10979.5259835,423757.715182
