$x1,$x2,$x3,$x4,$x5,$x6,$x7,$x8,$x9,$x10,$x11,$x12,$x13,$x14,$x15,$x16,$x17,$x18,$x19,$x20,$x21,$x22,$x23,$x24,$x25,$x26,$x27,$x28,$x29,$x30,>>f1,>>f2
0.6343598460635049, 0.9108403412244035, 0.08589058912389458, 0.7536637908564925, 0.045396432168453904, 0.9573754104514485, 0.27864478938844184, 0.37358383028396747, 0.3861531978275623, 0.34783393374858096, 0.2696795289138474, 0.9141115116944759, 0.19213845202754776, 0.9543205224001949, 0.6922043756516972, 0.5639993356006942, 0.5222132987022713, 0.47179548555052153, 0.1142356792065441, 0.8068906234036254, 0.9157315978242103, 0.7641622342378626, 0.12951526964950466, 0.5195795472511303, 0.8348189203821028, 0.9395790480142603, 0.8058696659829563, 0.5544908280428416, 0.74198390832061, 0.18241784400350147
0.022950186229772962, 0.9585563803621815, 0.28798323438980444, 0.5222407254484794, 0.4413292513083772, 0.8341130691354424, 0.26390762819222746, 0.3676276735733178, 0.3818006637894287, 0.23328610018752216, 0.22628022058670905, 0.26495169506147853, 0.9160942648801169, 0.48463446073334715, 0.04417961263527326, 0.29577029814675027, 0.6429773892971575, 0.4478511145643609, 0.16780379895918784, 0.5455759161457382, 0.7910389681373022, 0.9399552319006934, 0.7724343040779378, 0.6526613839605674, 0.011836767741527643, 0.613460883749991, 0.2003358016447473, 0.547688616879671, 0.845206270849291, 0.26872029922018204
0.4082398837617518, 0.10627673859416908, 0.7972049446494514, 0.5037178399116399, 0.3461765749412693, 0.10115446061640909, 0.6835204262452323, 0.0021753114665620243, 0.861561012528536, 0.0812643936967864, 0.7147035973236748, 0.07330353898746833, 0.35998107641517707, 0.4692624166341104, 0.6447083800727128, 0.6100357224035932, 0.5777410955779742, 0.4226271306493439, 0.9201295615341696, 0.18980903176361597, 0.6113936870478593, 0.4922795421529601, 0.878528831928865, 0.4983099216972834, 0.13208293598703835, 0.6033857259266455, 0.7399101006780111, 0.5094193342534059, 0.42287801022902416, 0.2880594364168799
0.43973163580182095, 0.2535512478408567, 0.8439044277575665, 0.16907701189045932, 0.6737239352814605, 0.018634189273011414, 0.4054093306512361, 0.08361181717394961, 0.16215976368969665, 0.8858169598937115, 0.2357503925752371, 0.6072378405480209, 0.20956730561832349, 0.13655528504825043, 0.51594544081284, 0.9070940834753983, 0.2861491808006946, 0.3064028573571377, 0.6837264824911445, 0.8113186282169588, 0.01854018889065523, 0.9463735056973425, 0.8776632171814859, 0.0597151790147562, 0.7056909977019331, 0.6442353717452721, 0.9121940970489885, 0.15761533292472585, 0.011733902359432835, 0.048000382017468146
0.8275858678718947, 0.0378398170699632, 0.6285861787010508, 0.7356264314917283, 0.6275801572342042, 0.6601620924639506, 0.4021586368347345, 0.0061120289785205895, 0.5264431580756409, 0.8774847944151146, 0.31853754489562036, 0.20358078711063765, 0.7041580418799805, 0.291198687078147, 0.8383103495354672, 0.2658131081541073, 0.46408407170443833, 0.601257031478066, 0.42377609906304703, 0.46596380037485585, 0.18963537798080787, 0.48476850261082605, 0.9960960591564547, 0.2143408617434821, 0.8503853656048853, 0.3811280244575107, 0.9094556161582065, 0.1251216720491406, 0.39974890343304614, 0.8067340961886816
0.5679973002723481, 0.266006788696177, 0.3583715402939671, 0.9353998049419577, 0.5797964297074165, 0.2720132952496557, 0.2645575780446444, 0.49682034557410937, 0.6993238118468278, 0.05882184010586644, 0.683827161028872, 0.008432111001893894, 0.6216698259178831, 0.000968149556460518, 0.7193011232360729, 0.5960587973354435, 0.13118920683057023, 0.27424653516288977, 0.8592079107490819, 0.7261367076617703, 0.5912567938639567, 0.6461654538657118, 0.31436286073528896, 0.39283951380336235, 0.7295219279803374, 0.7226573429106503, 0.8760065717340076, 0.9443636413533543, 0.7758905848956448, 0.7808025715455577
0.8715245541642053, 0.022775939927545008, 0.9591077352339394, 0.47363110031806077, 0.41568811378298465, 0.32967938321340917, 0.6375125328500811, 0.07497357217891187, 0.667224417292342, 0.5969882455070815, 0.054626652477048454, 0.4728225787149779, 0.49084396415991915, 0.5052096420857112, 0.9706813292646675, 0.8298655898526752, 0.8315471007642548, 0.285875292023659, 0.4735710448493218, 0.19266744726131857, 0.9947527440457266, 0.3299223643485121, 0.8600476883633286, 0.15746521185813533, 0.46581727795037253, 0.6561857545274927, 0.5609737934341947, 0.5813166409528222, 0.7652898371724514, 0.2108891204827268
0.43248382690422826, 0.2628035003338317, 0.22390434194949582, 0.2947134454893192, 0.7569867740603866, 0.7689253316384549, 0.5574553771830068, 0.37249277937614134, 0.9619099268840624, 0.13645522867791582, 0.7864854884552819, 0.6252093797954645, 0.17458604367199337, 0.13439210067948748, 0.5224835723688953, 0.8948731304125571, 0.5366102627532363, 0.9253527142347301, 0.6578733256293582, 0.06890719677414503, 0.30794295906511027, 0.4735812688186548, 0.394134765149177, 0.7589579123111928, 0.5243843975952944, 0.24224618761986616, 0.40120520224285516, 0.6723174788734513, 0.722043400372277, 0.5932774780650075
0.7409271207725109, 0.18915700040360617, 0.8427530339337642, 0.9797853324388391, 0.561262526350307, 0.9847134864814562, 0.05393228284617613, 0.6717300487935229, 0.5804860102314658, 0.1631722424053077, 0.6924473779708549, 0.8709653310350197, 0.8396686159868089, 0.8813093599566785, 0.5666683301483191, 0.02279609554889883, 0.546462539052886, 0.009136623783635889, 0.5913560174532768, 0.7730585964692064, 0.2514331162110127, 0.09639627086077429, 0.6639682434122403, 0.582536874508639, 0.7557212575546715, 0.3101999955511695, 0.6519823726570586, 0.6109878120293052, 0.47775768776765526, 0.0024641757206396164
0.8568275645300358, 0.9660859869066578, 0.07451301938341848, 0.3772836516949988, 0.4622112213805405, 0.438893029230068, 0.818150038825831, 0.6747914076774032, 0.5168832374929223, 0.7280980814662792, 0.051514722182165795, 0.33021681542967474, 0.5962895200308301, 0.3549992469832097, 0.7348101054241546, 0.5256931001979466, 0.6188959664089929, 0.3383503953662135, 0.34846680503385885, 0.1539088372035341, 0.7180435085115086, 0.2541109625384971, 0.016688450029365587, 0.5262091086428206, 0.7408664389080285, 0.8428382780412482, 0.9720853636554093, 0.3280270542202457, 0.927437920578883, 0.5355096712664659
0.6511522146475309, 0.8072022511206379, 0.09090641947347178, 0.3005819949037878, 0.23769355157280803, 0.9126608474148263, 0.3744031646021305, 0.5164196739416322, 0.06718558282559128, 0.3861899974476698, 0.9663590339380669, 0.15745008011829031, 0.3858213520763075, 0.6579641100473592, 0.7420804711815716, 0.08639982119961676, 0.41803307679610957, 0.2548679125637401, 0.29843858691093006, 0.6820270506682611, 0.5912442719474829, 0.5948618448710572, 0.8376100238540954, 0.21151273256938818, 0.023989315095030328, 0.8211251014750051, 0.4127821299517249, 0.2879194832759021, 0.08380595827330417, 0.8536811844736052
0.5483817825712582, 0.30310974431924664, 0.7889279480059949, 0.9784972331941162, 0.018009748487126442, 0.9259947707049598, 0.809439358010617, 0.9731774369536442, 0.06896564632695479, 0.9529597954479602, 0.867925194020414, 0.15414966504727268, 0.111677731727022, 0.6445109205147896, 0.38710889066028553, 0.7744595171872523, 0.8282350093582174, 0.9080335793190794, 0.9452741345502187, 0.08497698485970051, 0.5172941847805635, 0.5880203900015809, 0.38836550469492814, 0.22626945402934062, 0.07109243461936943, 0.2594973059762028, 0.17305255108215212, 0.8648394210117124, 0.9917590684294648, 0.6743441558635337
0.7615020540327072, 0.9907441559035828, 0.06973516366539856, 0.10933496998077152, 0.28101147380843905, 0.4251057913115449, 0.29709687535880713, 0.5422598407699304, 0.928127793802193, 0.2517692883718122, 0.5053779245547352, 0.15450261598345627, 0.17983810270424838, 0.5320305394129731, 0.3427690037108274, 0.4318817788149294, 0.6905178346892572, 0.9723107903558533, 0.6858664153248026, 0.2888719955218505, 0.3880358273568274, 0.11190984620798161, 0.9368831839370724, 0.9746559211627682, 0.48031891825955697, 0.46329577400518307, 0.9035068690212896, 0.5516096852934088, 0.740726384376975, 0.696131985634309
0.3692424390601289, 0.8887749801937666, 0.27378424221421493, 0.73629644168862, 0.9611491783118407, 0.45946592182562906, 0.041723574257118146, 0.7576172401164719, 0.4455136776556875, 0.0821473494822832, 0.9577602968152349, 0.7225520079698244, 0.4510932087865619, 0.7342824000770998, 0.16335552854516888, 0.8727506466028407, 0.05588483268083955, 0.8750224134189662, 0.8532395114125593, 0.25477117029522456, 0.664757068990398, 0.48643799980375835, 0.9731389700073034, 0.3736413427135442, 0.7908917442638034, 0.3047233966952154, 0.05938922082375542, 0.15887436956177758, 0.9568219925148753, 0.28487026740653254
0.18023961089131646, 0.040466191722775546, 0.11752740490369873, 0.07948154320416467, 0.6966519516457339, 0.06212277835840607, 0.18023078680132976, 0.07445210140206837, 0.05556265100312785, 0.5676875996657239, 0.6130486150670322, 0.7109531577191316, 0.848373009568888, 0.9917706112723359, 0.4226986203366324, 0.7954766865805836, 0.0973867587067262, 0.15522895226202138, 0.29111836666267765, 0.9098416228725648, 0.00895631029233368, 0.6351646416086272, 0.3461614386286067, 0.6957008210826472, 0.2275326906637033, 0.9408008466160506, 0.040246335114044185, 0.34708804830700457, 0.6676345842506015, 0.5037168568780869
0.2278324261930662, 0.24777546066391554, 0.04952034359824953, 0.04745095807210831, 0.8601728624062946, 0.7593871056101902, 0.9986619538420937, 0.9299557033723355, 0.8932786274302362, 0.5030048420263747, 0.3149369878701329, 0.8170605035423871, 0.16192063670333234, 0.4602817198433867, 0.5339320617851051, 0.6143754007737401, 0.5807604526672041, 0.13449762107352248, 0.4161399327997415, 0.8151628146702323, 0.983961048858428, 0.5612194374319499, 0.8033497570192178, 0.4430491926855994, 0.9087629039568245, 0.9279654848155745, 0.7306377091730755, 0.3463262492729432, 0.4259105394420378, 0.5015663731162369
0.5707280694389997, 0.7495225396515898, 0.3969999722939127, 0.3508489872659747, 0.08277155702214589, 0.390266711026219, 0.1208825160032222, 0.0274680626225543, 0.5025186759003072, 0.2425357847944597, 0.281834521122865, 0.12010321053888706, 0.9200669106437865, 0.4362261681934093, 0.16175675121807642, 0.6138520356026064, 0.8750020151135831, 0.8895749883772053, 0.5199354680914405, 0.9676074958660487, 0.7524854297141388, 0.6534258211990133, 0.4798711467736696, 0.2878356757791357, 0.043481295832950684, 0.7326645641241932, 0.25254806985613787, 0.14439211303953714, 0.1771601618309523, 0.3381885339752211
0.5246550785665484, 0.42169448152968103, 0.5914766418111578, 0.2955457217786841, 0.18584978060432478, 0.6041326465128529, 0.5965873848996736, 0.09507580780950753, 0.852495001858713, 0.7417669058407531, 0.278147134029331, 0.49309575299261965, 0.2885351930497444, 0.2542718466647901, 0.2774661250476025, 0.6196730044020426, 0.9175008601845639, 0.6781015098782075, 0.40399904373160933, 0.21989924887788237, 0.9899208615358557, 0.4215794831534383, 0.37213100888478434, 0.6275786621905467, 0.374260876651615, 0.8760671265118786, 0.4750970539014221, 0.16885425319723646, 0.22544366254410075, 0.988461924007938
0.6524369915364783, 0.6609108229392882, 0.7297061459367741, 0.6933916089775166, 0.7902745923194768, 0.023801889831301604, 0.9567057800486242, 0.13611640989333496, 0.7441095644533138, 0.36238873963869944, 0.4751115365038483, 0.5595549557430826, 0.7435342660775793, 0.8715595984875231, 0.24556090566667532, 0.6882633295461807, 0.6482347823542988, 0.3444893066351916, 0.9036855931526783, 0.9224951454370813, 0.05379077524985587, 0.7843795154070307, 0.9405461171796112, 0.15614186942815722, 0.35081617341176685, 0.8301526760137614, 0.2501803874961882, 0.6360539607955124, 0.536979649625188, 0.1467444253527308
0.12191476912678101, 0.07406870635446472, 0.5014472664150659, 0.4076862061767027, 0.14920976625192772, 0.4109437475202725, 0.07370299559329463, 0.9225189557371067, 0.09409512337902526, 0.5671247317461774, 0.5087484365720985, 0.2159032049834051, 0.4575635937842446, 0.6580075054746262, 0.6940108638609278, 0.9612369433714596, 0.10423857293090177, 0.22688918392600532, 0.09623400888862133, 0.14271403729946985, 0.6266193603803051, 0.5936966833461699, 0.7363278785342775, 0.7711115240175734, 0.20339374623251427, 0.4118771652418125, 0.2593941250495825, 0.16609167512971046, 0.4942478743950819, 0.15183882704452278
0.5271430275919932, 0.31404587008138485, 0.9457679435644704, 0.9725229143686401, 0.6517932651420577, 0.3630350603129495, 0.11795415489294814, 0.9762321695715768, 0.6769456404184075, 0.2048836548806494, 0.9349758850856914, 0.7844514146663105, 0.050616145724092454, 0.5677973198826813, 0.4919503576124441, 0.8777706831457593, 0.8445375391292601, 0.9960009683542828, 0.7530472752584515, 0.5085782509838525, 0.03918779171360243, 0.9094141116293395, 0.6166911673597975, 0.9725688249383827, 0.48031585999680526, 0.6190129449006276, 0.3947144330029132, 0.5550313038962063, 0.3472051784618624, 0.5348727533341239
0.786943484191437, 0.957915164760428, 0.8366727087290498, 0.8987464684179473, 0.5532945449409608, 0.3480251435198968, 0.6338121034200395, 0.8809712089250492, 0.39927107016271457, 0.47548111232404344, 0.2726483792350538, 0.8495718287842926, 0.07124350586988804, 0.23897001759893632, 0.30239842176118614, 0.6910648608771734, 0.8895110142717131, 0.3850447854672785, 0.54265976377393, 0.30405956703479475, 0.09826156990203416, 0.4880459647187346, 0.48626227052946847, 0.7417973931930756, 0.42639450602557205, 0.27788730696485353, 0.20297474009885852, 0.9533798932280735, 0.4110481507832553, 0.7547339912303234
0.6563117059687223, 0.8425978322280605, 0.4983026146015813, 0.49543699552263787, 0.32803296531507764, 0.7200065645288818, 0.05888810322659577, 0.05060007288282653, 0.7300926751462644, 0.5071437306812538, 0.37430970750342196, 0.45447948631683077, 0.4631360752482153, 0.550041220609652, 0.2748779773850881, 0.03629567052177407, 0.42772719734827924, 0.8607542472229704, 0.5223881347609697, 0.3283174146619754, 0.889947287720235, 0.7342576520358579, 0.22351320032698097, 0.3631115424870348, 0.3099649215260083, 0.34104507924088256, 0.23426257625114266, 0.2431930708196891, 0.7914455842262589, 0.860435627741684
0.5755125762666127, 0.4152447556082971, 0.22710654293824628, 0.3443325544132807, 0.4044783967232296, 0.7622023427445714, 0.03373883320346771, 0.1688516982849988, 0.32056684318864426, 0.011029589843833176, 0.7946625081447556, 0.9774667468150507, 0.029896259814791604, 0.25389042364933445, 0.2656404367201073, 0.32972595825128737, 0.8716038162903376, 0.7634266757945876, 0.09014947035318832, 0.12259982711914419, 0.27891476966945183, 0.36808249282239747, 0.047609097795971556, 0.9879931500411907, 0.12569910766152081, 0.022494596056248595, 0.6011287014001211, 0.501596887813086, 0.1708120072563296, 0.8776231626950991
0.7497224396482799, 0.6132479773415886, 0.12147393221358394, 0.6211186233996033, 0.4681166426662018, 0.31366148744977174, 0.06495932177317665, 0.3259019364535791, 0.3333792715552546, 0.1635453023630521, 0.12026259564371033, 0.2564120297058956, 0.7045746939259259, 0.16791532708366996, 0.6186136255283627, 0.7561764798366097, 0.48209188633846545, 0.4145685751587308, 0.4912960548665637, 0.759096963828471, 0.7060942565894711, 0.9517675387684087, 0.7248238363604734, 0.4010956092551937, 0.21640422223830613, 0.0451542072432467, 0.2922909726527294, 0.6384130525390729, 0.06818474079310533, 0.3453646047912905
0.9578656703418322, 0.8532989231738998, 0.7333042282047093, 0.5607053764855339, 0.8071514581810233, 0.39500489262589233, 0.7973824744349997, 0.20783211924851852, 0.4486339727280143, 0.2933687341739466, 0.4837950082347101, 0.26924370504513206, 0.6386711893872697, 0.9628905180031738, 0.41800212075701004, 0.4239604112749795, 0.3544425465704937, 0.5210835775440986, 0.762047408041934, 0.5560914445628207, 0.8503019376117821, 0.34283062218138494, 0.7807427393403675, 0.7851279471382961, 0.5663288787543299, 0.6087831935541776, 0.22406169635035544, 0.4682096276498334, 0.8434579687650325, 0.03260281992832181
0.4631897062542425, 0.6124283164132793, 0.08922299721027493, 0.8180539793567391, 0.7898367319103168, 0.48407942402298965, 0.5154186469245357, 0.7356536600575394, 0.2883220555498678, 0.9912801288628974, 0.8637853666032766, 0.5466060776753378, 0.8856107561986135, 0.305518933359165, 0.23903752565416436, 0.20461458778392327, 0.18958412319402207, 0.4885249877641725, 0.47004174560474066, 0.542822174907186, 0.057295896871364715, 0.08969825944766396, 0.6329324586211077, 0.9017609440636946, 0.12526548689898753, 0.009172265004133817, 0.5737099095549874, 0.14999527043819427, 0.582266011378196, 0.010165674627074295
0.8568528192815394, 0.08007488744814961, 0.6340534998655334, 0.8458905209972944, 0.23844654307551905, 0.029879938947944162, 0.9842314095968326, 0.48305385886748065, 0.6143727981107704, 0.9320509446344114, 0.44105016182317147, 0.017226365425601964, 0.789089690695066, 0.8368609156872748, 0.009274558803980648, 0.6478992126155705, 0.4512444439168859, 0.6230110836189163, 0.8322870446733326, 0.38811612102724413, 0.13043188112308912, 0.5629292881511272, 0.6712236268367482, 0.09738767849273766, 0.6512885421741093, 0.2531093498531857, 0.18873310974299962, 0.3906910633776396, 0.8249062379451294, 0.3112980197828522
0.22479949276222644, 0.27616664587498574, 0.9924380230632492, 0.3005472909342263, 0.8167965272777622, 0.23166224161424598, 0.2061832152752242, 0.12818893648613383, 0.3937605620195622, 0.4158368332600172, 0.14826654813817053, 0.5396653128888338, 0.696400381774906, 0.3258562604802526, 0.7175963654315068, 0.5525362173637969, 0.4191826126035493, 0.5370896845504172, 0.9954683384097179, 0.271080739834449, 0.6565827990405476, 0.7860350694884299, 0.6349347327399275, 0.801900088540855, 0.5312568095135375, 0.5833126346315181, 0.3142535198325729, 0.037882095263799376, 0.987545381145595, 0.3298707788234433
0.33512992901778216, 0.7083771403044672, 0.05685262103583899, 0.8026769606896426, 0.6986210431117105, 0.18924863655188495, 0.5750846207490656, 0.5872617003388086, 0.03857385559653492, 0.6437680619342806, 0.38070513399073613, 0.48102117456588145, 0.8190142596046361, 0.37375012375519445, 0.8028134351571755, 0.6327246812656906, 0.6134444603089749, 0.3300100234235298, 0.44175495795137587, 0.26260099779512847, 0.06851648179302205, 0.5678986231228601, 0.03404157647964512, 0.2923636314772956, 0.9278197537678959, 0.8957637456975504, 0.04580147319326666, 0.9992292771671127, 0.16246898700649093, 0.6926785838187715
0.16683417308161497, 0.8522698058730731, 0.7678019066856739, 0.621016184889078, 0.02060011810839124, 0.07452845755281456, 0.7793831978675367, 0.5708042569855111, 0.5749277037271294, 0.1904761337708446, 0.35585667035205126, 0.45172980285072273, 0.3846631873993479, 0.3077215897569219, 0.8493323085986157, 0.020603112597389672, 0.35603499131607597, 0.4730031106368199, 0.9007759428876205, 0.9406420216897178, 0.7363620509797434, 0.6832147336140572, 0.15827739578228228, 0.4159498821652866, 0.33904557890768383, 0.24723583518042258, 0.10403689490723178, 0.6876081770901905, 0.20642421509806785, 0.05647987186288661
0.8019416951364124, 0.9614860062482227, 0.9443033391093558, 0.46400846507396787, 0.42057385209197606, 0.8931417647215916, 0.2623807675037859, 0.4268916048178105, 0.2725555850413779, 0.1861651158240103, 0.16614428037378615, 0.6142183017389471, 0.06577198814492147, 0.049922975752518806, 0.7599797389223332, 0.2536497208317918, 0.9641808115988824, 0.5183238337989174, 0.17712684856840755, 0.3633785296388866, 0.4592527283826353, 0.877808155716628, 0.035926678775116905, 0.22153614593393, 0.059438787046545705, 0.08141400897826345, 0.8076906741604918, 0.46558538545877215, 0.7533858194899948, 0.6947607280878446
0.6913240351646683, 0.6013803008253374, 0.8085759304090903, 0.965740055026369, 0.8141981463723666, 0.5239084825334458, 0.5304075135915973, 0.8605039012301331, 0.7091062989857212, 0.5057184248427032, 0.953014102043174, 0.33474814674578335, 0.1734313143239985, 0.9634161857303681, 0.7071868451608776, 0.02026312900439109, 0.40441446325089125, 0.054760767667328736, 0.8065313614626529, 0.17842084710806805, 0.008077593031762698, 0.4635838944900609, 0.985596108134844, 0.8964099950850436, 0.8893703817239472, 0.5568245094268763, 0.8800478527394149, 0.4251924960968928, 0.639030199700146, 0.4313838972771843
0.29757212936053334, 0.778387295135126, 0.35555824046234874, 0.11914036885509383, 0.09622957081840133, 0.5492543801327371, 0.24593305246972041, 0.19042040716500597, 0.285832793812269, 0.5422808108000795, 0.938899943282965, 0.5540316424531215, 0.1460901335401037, 0.04114196353273469, 0.4220474979306956, 0.6159545999531806, 0.9341510562332108, 0.2308138207421767, 0.4438676976822744, 0.10977969787703634, 0.28464134176541256, 0.929377662802395, 0.12401691953006688, 0.9289411472280504, 0.2926293612830332, 0.10939135888981744, 0.7608549439352758, 0.7400772527827929, 0.08076688326985026, 0.08915774405495203
0.11992629783158204, 0.09686364909660272, 0.6565226022246712, 0.15267384605467993, 0.6117684205753974, 0.03723317192020981, 0.8497552019862835, 0.8607960735208835, 0.2341018150912234, 0.7856079582340559, 0.019545100395038983, 0.6197569474288365, 0.5868049995097877, 0.03214133445803247, 0.5725631436994414, 0.4563927194916034, 0.19125370296220223, 0.6373028086283165, 0.39676784778581886, 0.6007389265606001, 0.9533346603088931, 0.50353540355014, 0.16390475879594968, 0.14549564452471886, 0.5415527481707693, 0.4254897292978512, 0.20863643850681624, 0.068674082092129, 0.6747302517613569, 0.7336714454771489
0.42405587982394966, 0.5734959309453773, 0.06012321973542434, 0.7539535831828417, 0.2738497231244237, 0.024698220203158816, 0.38828856034094195, 0.7801464424657314, 0.10413523491455379, 0.6329550175657899, 0.3490674998915865, 0.8545819209665939, 0.4239019387718381, 0.7214097606205389, 0.30149143505106024, 0.9044244363978615, 0.14689959278525022, 0.09710455627513481, 0.5791347495854884, 0.4745629981105983, 0.727045930389898, 0.2869714311377306, 0.029248730690102254, 0.6297091856135203, 0.8679894519600974, 0.8942226296190254, 0.631916828390334, 0.6371762434401472, 0.8066526070813134, 0.1918363399658466
0.9973003248767908, 0.24649335581503062, 0.1731125235919394, 0.6424038832552825, 0.39805952277268464, 0.23356025587464135, 0.933290589134728, 0.3024993919457848, 0.6864189175689495, 0.7072139276284951, 0.4867399168847065, 0.6767383852014668, 0.1583157860008767, 0.37754888704090983, 0.6315124379160248, 0.8318764222957615, 0.4390080961900439, 0.449706958651349, 0.23031287487565444, 0.9929926364853583, 0.6416740792020275, 0.03697553918627361, 0.009084729818810255, 0.9874783278278243, 0.9345153546806162, 0.3527310702022236, 0.15236469867440572, 0.8594245370608709, 0.8140368096692118, 0.6929814133421529
0.24710633811032734, 0.6137875641149063, 0.5831317576747804, 0.09912929503976997, 0.5027806034468849, 0.07581980206060013, 0.946442993912164, 0.7665760313898802, 0.027551674771177925, 0.7989772311950223, 0.9327311224654747, 0.13421616735151742, 0.8115174918053344, 0.3420032660839034, 0.9101160175666885, 0.343260369251876, 0.5930567821551092, 0.9768328679707048, 0.001480499239010169, 0.3026643796771916, 0.9365287223550335, 0.42052586164252836, 0.6007472094289421, 0.8810781095583438, 0.30491029824292126, 0.04907300268640036, 0.1697075260453922, 0.8401637461132725, 0.16690463096255936, 0.6744729880187069
0.5300502002745276, 0.9279642149299071, 0.3969226036024036, 0.3416135161504641, 0.4316915042537166, 0.9821069240881831, 0.4305980361088272, 0.6040570236147214, 0.1743604224485189, 0.7751335795215232, 0.751396465683299, 0.70924412157909, 0.9105450675447732, 0.48723793810457416, 0.8159130419980198, 0.4018380307170324, 0.8328778656568112, 0.5760749787734333, 0.7801175649345911, 0.9173502573330578, 0.8362337687358764, 0.8360924211456783, 0.8300214267341486, 0.07204264665463478, 0.2593664246052244, 0.23898950300112565, 0.6461090100763732, 0.7304770413362112, 0.6368616546591621, 0.07238796275188553
0.2754083435472636, 0.5271600318402491, 0.08262710069963053, 0.12289220129973721, 0.17553480506510577, 0.5267269218704512, 0.6546805435492459, 0.2808615643850406, 0.8626595262609286, 0.5489840251253002, 0.3199471890392507, 0.7959278662148643, 0.07963925365237301, 0.18603773041591765, 0.3319604323669111, 0.6034240833979871, 0.29830336581614436, 0.7029322547923758, 0.9177810241844655, 0.1697048069238456, 0.22942071087866478, 0.2525096104732317, 0.7717183371342163, 0.6663161118685929, 0.6100915130681018, 0.24605387940412504, 0.44739782796997773, 0.43391318788835587, 0.38492536391600474, 0.5794879177503431
0.10175365083205523, 0.3680859208870132, 0.26814560981088686, 0.04716351269227825, 0.3952104812809637, 0.6168656830902698, 0.8243269234464329, 0.18546208127208952, 0.47565874293521426, 0.9105847401608156, 0.700830492006245, 0.5520543685520141, 0.5768191669451327, 0.8934636903707093, 0.7086239614641165, 0.6195998241631835, 0.23203765957251965, 0.5463010406721056, 0.22533633409052012, 0.9155429632935917, 0.8793851729918557, 0.14083902927834924, 0.0022489660080338147, 0.033081412565188706, 0.27533689120667604, 0.7279745225152193, 0.01360403970229529, 0.08316394845917707, 0.7726699264981083, 0.23769197962984567
0.580732356414119, 0.18091235787999982, 0.48365567727906655, 0.9650636209179292, 0.9329235646269395, 0.8656188515141334, 0.6728514668469873, 0.5346971626370384, 0.7996485765012978, 0.04725907549055397, 0.2943666325529416, 0.8767259570680602, 0.4733867413058488, 0.28748413834261466, 0.21327700554588513, 0.43350062678961254, 0.7760730801229136, 0.5682708021784086, 0.1273343080072321, 0.17160748300024742, 0.543014122407854, 0.9065753799879622, 0.16995429425866604, 0.08775988291385273, 0.7674449635940495, 0.09389630973982321, 0.09205521877080769, 0.5895491319711474, 0.5029201980575518, 0.21957919849984375
0.6042366547984525, 0.5903590207549627, 0.8031519230346835, 0.4821635084636974, 0.8183765454479296, 0.09263363217165377, 0.10376289516661452, 0.07089591639995407, 0.7268001507741143, 0.629248528744562, 0.3814984790308772, 0.4646664565107722, 0.6662321252484782, 0.5197100875925639, 0.7352685082427609, 0.7132856699497823, 0.9666090066701785, 0.8345583670117641, 0.10223213245816287, 0.6034396238886012, 0.6187276646921026, 0.9852048961733516, 0.6052197770229896, 0.09730037370085676, 0.7452767077571539, 0.821407662077533, 0.35325339958163404, 0.04766119856829876, 0.5270068348858075, 0.31731144992331817
0.7077640239228825, 0.24340926530151263, 0.7279948501217662, 0.7819806302981596, 0.9723205584806431, 0.8923781904109006, 0.2245637479385223, 0.7987549584739722, 0.07679424218352393, 0.06352131154659701, 0.5827754256191962, 0.06986447159496223, 0.8300959072686396, 0.38373307658184586, 0.4335562976391881, 0.34148631819630726, 0.7069232411667659, 0.30734756978965283, 0.5986197810030769, 0.7236876309669499, 0.34888250981388236, 0.4148164254837414, 0.14729952770024213, 0.5686511568786435, 0.85891330007686, 0.11934940722049447, 0.7692106439661365, 0.5313909472355818, 0.1992819939529079, 0.3639782943237847
0.01886744391847328, 0.2459124554780452, 0.6797662053118357, 0.41919498568668123, 0.3291877918953444, 0.05463575868163684, 0.7507274171433608, 0.17750167125046212, 0.6727092470079188, 0.2752600066656279, 0.6104368751181957, 0.1210412330864038, 0.9937686918716643, 0.09696948246150672, 0.18466917030596686, 0.7550652504681292, 0.13815809122060685, 0.29967453879767514, 0.8644585688678053, 0.24443219414643091, 0.19476147387298237, 0.20224854162094275, 0.6213108530778351, 0.47269138110844455, 0.020840143538799705, 0.18105754980533606, 0.4651691397784018, 0.6662851120346509, 0.09179554638919485, 0.4672999434086964
0.9630758092595122, 0.9866731811770368, 0.704612896817393, 0.013646792743539526, 0.8685895794212268, 0.2054152358056056, 0.3401068968115425, 0.6035585703810483, 0.8477825303682313, 0.8684737615176442, 0.004252224238280977, 0.4284889004966712, 0.7749782650823362, 0.5238679717247847, 0.4207321867143272, 0.8148797468977016, 0.016824814668758847, 0.6431928126435863, 0.06722197257629159, 0.5252484427575224, 0.23527897961432087, 0.6898765914719844, 0.8855002732547077, 0.36971400251122855, 0.2556798941989886, 0.11470910242704613, 0.4887137855360312, 0.7722589679575603, 0.6294409417652332, 0.4178866857129966
0.009704173092134116, 0.647648985698354, 0.3004734754545382, 0.279005718847549, 0.9526048320346419, 0.3849908089590638, 0.46092942448798657, 0.6494555042321037, 0.4494733755422522, 0.8459315495416581, 0.7418538891885428, 0.7922949391009847, 0.40735951977743834, 0.20131060644293408, 0.7039593961384865, 0.8598579574070926, 0.955137984222142, 0.5467247856417354, 0.010601522465356283, 0.4971737282408144, 0.1902725785451086, 0.7443586041835176, 0.5469960116325155, 0.7740716970217421, 0.6746138730086612, 0.6701894284444171, 0.35811078563386256, 0.33792462614687246, 0.6300559544983989, 0.7450599714252362
0.7953825601367384, 0.41664644703532117, 0.7083740116164037, 0.28893325275518134, 0.8914490224871191, 0.5208075608493123, 0.32188050740789953, 0.6750314924576309, 0.9176670311421937, 0.6656059147562879, 0.6321194053792863, 0.5073437054588076, 0.9743774425484636, 0.417747747471762, 0.6533898938944734, 0.3909878040818138, 0.24880260160582246, 0.9414975866169069, 0.5704971424972274, 0.19875792608021414, 0.3963840853429069, 0.21919803689415984, 0.10912737720855481, 0.878939606936552, 0.5113814773173414, 0.23429178862625588, 0.7028278699403343, 0.15978156547021416, 0.26812798270037397, 0.10946968008339708
0.8337182039160868, 0.5805901398592663, 0.39429282740289207, 0.9658903073571175, 0.5138325504398402, 0.30231919078733827, 0.039571568808179136, 0.7241981034610241, 0.722889433234604, 0.926604551645915, 0.9369094110124494, 0.3010004156553725, 0.17685018712803757, 0.9314427537453857, 0.33696608337100054, 0.4958469065833925, 0.6165865840045195, 0.1660753024203213, 0.42670341030851666, 0.2024408927582706, 0.2717872634491407, 0.9650310951411658, 0.8765635169788144, 0.45394150950085665, 0.6592562315563328, 0.9040803506836603, 0.20183602291548186, 0.7898117653142542, 0.9826864245478583, 0.15451615155024034
0.14633021622626008, 0.9699892234205612, 0.663193601073388, 0.2853419752026275, 0.4136001661732508, 0.8070724075583708, 0.19872497014868118, 0.2234042034417374, 0.8755738029391393, 0.9203853227544939, 0.6637750935784996, 0.5530358150655309, 0.13070144673630846, 0.5045203079236139, 0.9635902820881543, 0.7505210787909657, 0.35881518863158557, 0.38846575886203816, 0.903907378820565, 0.32585931855842176, 0.479659776628082, 0.6593521606370467, 0.28716690565910197, 0.15903033265613065, 0.2329786263723309, 0.30389493329498896, 0.9810512906015922, 0.8358725262984658, 0.8155849864872902, 0.7615165987085005
0.3505422086867205, 0.5733212664506374, 0.12006608651030903, 0.08012323869305193, 0.9859473360717517, 0.8934631102874739, 0.7169305275677342, 0.0508811498181565, 0.8478161029422734, 0.9879652221948781, 0.82566413533534, 0.062425978281493655, 0.24262021947759893, 0.07110318425256024, 0.4469027299907574, 0.6864017292761428, 0.6763685813568164, 0.26859688991655994, 0.45351018668801213, 0.40529415757067866, 0.025609560426565703, 0.26914693133942846, 0.27504011243584103, 0.4151107913730431, 0.016331198769379607, 0.15854526802205227, 0.327865656632662, 0.352605932376163, 0.35439495403110555, 0.9000486655138366
0.9176626901495962, 0.9000318657285217, 0.5371822546101869, 0.8005134821944961, 0.7695657617456683, 0.28831532735655185, 0.6345501730073253, 0.45476350619970063, 0.02209761047858383, 0.7404214187591766, 0.4518486759728093, 0.49949823751192135, 0.564490123814588, 0.14253701269447583, 0.03606896503389767, 0.24134132251951668, 0.8747701855614957, 0.04840603037967217, 0.49816459986653305, 0.23164472214976806, 0.21025903673055335, 0.6690758580563306, 0.8374861305067894, 0.8518294559589712, 0.1152551141602346, 0.3840927791416566, 0.6210333533964032, 0.33270420424183345, 0.4466856410124904, 0.08249180842171511
0.903270052682124, 0.955334208287552, 0.7818771593114838, 0.45330441836480995, 0.41156600288018996, 0.8173393000493776, 0.036590480841255046, 0.9890040322934994, 0.38255490695948413, 0.20283765651378416, 0.22286920297479484, 0.7473444041024667, 0.5753282644872906, 0.2421779911916785, 0.5638186198809424, 0.7102935091510117, 0.9751955095259098, 0.2680703221493469, 0.11403384401931316, 0.020137976271811797, 0.6396792247226124, 0.6761823345697645, 0.10587511343108014, 0.2633554780197622, 0.3231573710768689, 0.5503794199351146, 0.04014645286648022, 0.48441644934328076, 0.9954940026472536, 0.4735775544103549
0.5048106171700874, 0.2950857305458119, 0.6230815329633571, 0.1923410688463273, 0.32914578207533707, 0.10479085725636805, 0.38490334683971184, 0.015975336769348147, 0.9737805231305293, 0.5613945563561075, 0.7438935322310177, 0.5131207976897181, 0.825929605708036, 0.4305430229301018, 0.12043221402573845, 0.17501679123895342, 0.5342594464051843, 0.25448615545499353, 0.10887789959610517, 0.7667095982052526, 0.6794283058627356, 0.7201569605508041, 0.8933863207333589, 0.9987744659492702, 0.8794326015228283, 0.19852228111137826, 0.9786568495338561, 0.3536220024796308, 0.2966707940635819, 0.9004343329899894
0.2823305302193746, 0.058297184397237634, 0.777425586425135, 0.23438142960309927, 0.5635107526583096, 0.20459525544006263, 0.7620532531075755, 0.2555947496705806, 0.5760924796199595, 0.37704026687674574, 0.11449177944851585, 0.6472920103230025, 0.585947404856237, 0.847680976110117, 0.33768977256115773, 0.8150998353544794, 0.9122408970569278, 0.027383944755499323, 0.012616934574676386, 0.9094071134418119, 0.9392446379274262, 0.9321420585014613, 0.2954115005767691, 0.3108064418756593, 0.9627042123637939, 0.29185367571065945, 0.4620431231022094, 0.26213856254199985, 0.14162060322530268, 0.3650760479454449
0.3684320231674325, 0.42101981715648285, 0.769975630513908, 0.8935908132220892, 0.7531388231302901, 0.6519087108368485, 0.03606505291061446, 0.15213684538666694, 0.2576347242721877, 0.22684631926495447, 0.19722833054204114, 0.06928599861762474, 0.32531432773709656, 0.6767915546262422, 0.37415356505678476, 0.7193988592023522, 0.3729006115355892, 0.7545130096724935, 0.13522137677167556, 0.2401203665881435, 0.6762527320274957, 0.37726439347690166, 0.627950215403648, 0.41680860512805895, 0.4356003459384261, 0.41955854759604994, 0.01040336302985001, 0.3498645006295721, 0.4967678333083958, 0.20997502765238785
0.9537684306837165, 0.5767241315114605, 0.16452417811193298, 0.1722705155602302, 0.03629016196442847, 0.9864495283282625, 0.6486397338647333, 0.7487070261395271, 0.9864545359339033, 0.04363033749724554, 0.3630255716723916, 0.49030941276111417, 0.36766969176035047, 0.5803427720039017, 0.1048444725513259, 0.11260993692712518, 0.7151849062080027, 0.43363655073114105, 0.7261557592583087, 0.5919621724655323, 0.44048732562486514, 0.8246174605963896, 0.36644720167159806, 0.9449768645739587, 0.28133906067779957, 0.3338806574065065, 0.9839841289790197, 0.19114479364970516, 0.9366591102358163, 0.8888713278236796
0.24438856987175894, 0.9230085530845528, 0.47708391126244376, 0.6424982719708499, 0.43484262458643097, 0.35999391856955887, 0.4194426049832367, 0.76625778060807, 0.8628500164409487, 0.5683722905540001, 0.8502233267388736, 0.5069608092512926, 0.7489206653174331, 0.6795852231386768, 0.5809932049741728, 0.40671294476734754, 0.7506153740936524, 0.5209518132610539, 0.5007101881441031, 0.14382046425842165, 0.7612458043111533, 0.01930316949066102, 0.803591472805165, 0.9648296614891974, 0.34309171149933015, 0.9573973649151047, 0.8938632263018333, 0.5771137656607418, 0.19238326784610393, 0.30976188623883505
0.0862774487101775, 0.9965231684047552, 0.03933133956819579, 0.08030397809771195, 0.8632932485725783, 0.7379973850875008, 0.09900184574545356, 0.5893552912281647, 0.6732880226666811, 0.32783715079183917, 0.8169200054624152, 0.8690520902872324, 0.026946032817419585, 0.7311966710160156, 0.34813451941692963, 0.33807014552573655, 0.5736127064037382, 0.9613587359456864, 0.3847735582200398, 0.8418079744245588, 0.22770305622717002, 0.3914854496144463, 0.302244010151848, 0.9786719602859022, 0.2079729249610538, 0.8061549535685597, 0.9471918623111076, 0.8667126889644888, 0.2492386092911626, 0.7296617470266872
0.9367128449381513, 0.46809671866462577, 0.7824045698930946, 0.4029502762163216, 0.10735854759617136, 0.7879566728843925, 0.7855842935086639, 0.6263430712038632, 0.061515920392152146, 0.46792717158930064, 0.053675265261132754, 0.3984210984408416, 0.004068529028458112, 0.3669803507552052, 0.05298347396093073, 0.5581060820500229, 0.5948335556119405, 0.31106511107030843, 0.26027670822151117, 0.9724772582688969, 0.926853401568344, 0.7902375139692177, 0.5519859778355413, 0.2554927244191214, 0.28231874960793635, 0.00791217541165301, 0.38885561937124824, 0.9783655049094901, 0.616119961238435, 0.3488214985808795
0.4086353007669751, 0.024251786469484227, 0.44266039414317415, 0.896425804206915, 0.6839226830648942, 0.4296190192212038, 0.08627408059978714, 0.7717216374555156, 0.9125719997358457, 0.1388482667880535, 0.6099879655733575, 0.059038140766902836, 0.4380912552639683, 0.0321513482039113, 0.9017910621131646, 0.6407838485213411, 0.4084320331357919, 0.6577824504066905, 0.5390563066254379, 0.6579920223465429, 0.30501067356664036, 0.4220610296699564, 0.48827865522743175, 0.5669289605949639, 0.7030739991972665, 0.8536015787356883, 0.8156540895104587, 0.14273077050026806, 0.5847405650103624, 0.34585019057426003
0.5943930747238441, 0.5938102744853848, 0.35145829191845646, 0.148452704536858, 0.17772406092761295, 0.9958780087745207, 0.41720830760906946, 0.21251128667364916, 0.4440088653053602, 0.13687440266577877, 0.843992315270355, 0.9554958285606239, 0.42469422334537654, 0.33606626300698483, 0.4311435629614486, 0.34295787836677305, 0.06460891015652381, 0.5444905366673919, 0.06265130023069942, 0.15752073536028155, 0.7233560587184221, 0.8839615833287776, 0.9676573806125105, 0.32794402070297957, 0.6297913067445257, 0.9664479813165353, 0.17191173599969, 0.8562375009921582, 0.5810275716892466, 0.8812920932557361
0.3299956950502425, 0.14835333367958303, 0.36570790605961745, 0.6074321901043251, 0.8619059646151119, 0.6896721966930324, 0.032382597018107195, 0.03497222014790957, 0.7559569131779711, 0.47868692222947284, 0.23559579637821815, 0.284527012827847, 0.28525020654335986, 0.5283842956825363, 0.4222009921385026, 0.04075487914903275, 0.512735852227911, 0.4507187361561351, 0.9442362148153073, 0.2504473695828945, 0.6421723969594678, 0.9930603378684474, 0.07753017107410021, 0.251645309677885, 0.6099081060084279, 0.12585614537560863, 0.8086843776704473, 0.09081649931230928, 0.4172177904860789, 0.49056661345437624
0.020955277743278544, 0.865185806894899, 0.15951914553634006, 0.23455452839250424, 0.23505303023626323, 0.6667508946316224, 0.5970163672662859, 0.3003153205703969, 0.44091981792272483, 0.7443160803814509, 0.0763412864128018, 0.48698042493949123, 0.9849407407136023, 0.11551895414431768, 0.8786979280032425, 0.29505249890432705, 0.6668278414201915, 0.11770663974578799, 0.5599911079151557, 0.9979255051967914, 0.04714589735840247, 0.8940318892720844, 0.8905887960623555, 0.9814535262206671, 0.26775686121501685, 0.21590098917400746, 0.43925401594750146, 0.12194417782259448, 0.714072178281846, 0.4112754217790664
0.011126169522380436, 0.933042123205128, 0.9075932208294692, 0.10375008391196339, 0.34322981600855484, 0.5873337552631462, 0.5488550560385814, 0.37690715674946196, 0.1458395948474266, 0.20171856514420894, 0.6151101767454498, 0.34820612985495536, 0.1019033026051428, 0.20204706996790112, 0.0730518062552028, 0.38739497093737285, 0.10231718830458725, 0.18398040437664487, 0.3759016927743638, 0.6095537583840278, 0.6699525762767861, 0.24707592179345994, 0.057208445223292936, 0.8333266499147558, 0.8372682420254227, 0.1698684788139223, 0.4956853546654517, 0.2005064875548822, 0.522622335476071, 0.7545008567050346
0.938734924750612, 0.737068679366708, 0.38588799038290356, 0.1213846054329174, 0.9002179575421245, 0.401302374947897, 0.5449586920099279, 0.4303432478267969, 0.48051386879641633, 0.26052262759747125, 0.5998119575554378, 0.6361840436596901, 0.9129585995011029, 0.04831248651222453, 0.16433995983719163, 0.6904323795395935, 0.2671257322474033, 0.6442924369794769, 0.7107248403930773, 0.6355544111394178, 0.3924895423654664, 0.27929447790904416, 0.6136330037183875, 0.853268919800113, 0.5393567368905794, 0.14583701634948576, 0.6471300816747232, 0.7884676454827169, 0.2883158274070421, 0.02151093151960115
0.15375874389947686, 0.5984989156326465, 0.6702710694374033, 0.748092555744796, 0.653450774447294, 0.5409559541389212, 0.5316420700434925, 0.6610768458052421, 0.45837794110620145, 0.23757411601337353, 0.7677764499423597, 0.6831330691430826, 0.26707706413914856, 0.6901570464086535, 0.24682828501353848, 0.5890943754278918, 0.29891223884379503, 0.3890775402880997, 0.4347204028678424, 0.3234798654003177, 0.758811847573735, 0.875749604317903, 0.6467384050060933, 0.08316143873926907, 0.4291634733004718, 0.6451187370482281, 0.6620496258832672, 0.9712476231425904, 0.053208856207105026, 0.6287883968730856
0.12123227881875642, 0.32217658180040876, 0.3497132145977174, 0.4125924994606731, 0.1951997872513931, 0.5518186467338353, 0.6903997212464383, 0.4358039550566699, 0.9681880083464031, 0.48081527194315143, 0.1988021884200506, 0.863419727731219, 0.32604065997248943, 0.5901115475657491, 0.67549887542069, 0.354309741544379, 0.27276902465460895, 0.15919185878563202, 0.4421157532231842, 0.7709086757149538, 0.5237192442278871, 0.47090016762413733, 0.6637102892530163, 0.5686527211156898, 0.17692043550515457, 0.3003516334760624, 0.7409759752171652, 0.6244452214407265, 0.4504389519417993, 0.4911429461290735
0.1803053543108184, 0.20909788161492382, 0.9166294155906611, 0.21747796164186106, 0.14052214115728823, 0.5042227696687765, 0.33525713707194227, 0.5334226871203823, 0.7475386971618123, 0.7502533881328356, 0.655714589221743, 0.7261834859973414, 0.35529202094707757, 0.651648504981735, 0.39096621307951884, 0.29315242548929554, 0.24206148742344957, 0.2517696999273815, 0.8258675388583785, 0.7810694053936353, 0.9618874561707623, 0.5540237366407056, 0.07179862519294022, 0.4499664482936899, 0.8986358125256046, 0.7300783463874504, 0.26941800363068824, 0.09261636794368011, 0.9545425845122735, 0.18338568920674903
0.41654030057532765, 0.2330927325670079, 0.9045417082018834, 0.917137161139566, 0.8566843816111975, 0.8706590346401798, 0.7660972778012191, 0.2049428084749909, 0.8727211489601233, 0.6675928810099934, 0.24649549017361683, 0.8495026712651893, 0.8526944516496414, 0.2867402220501849, 0.9151217730265107, 0.3170662799413695, 0.17911299640031786, 0.013810977108371425, 0.5850446842337591, 0.4196306511620873, 0.5554180330607577, 0.362640169581505, 0.5258229074080873, 0.09181391774028869, 0.19230883196557602, 0.05093831594524867, 0.04266356388299597, 0.25711406340869014, 0.5447712977061947, 0.8752121511222507
0.4011540805404269, 0.9461444883205954, 0.23169175908805895, 0.917036366201804, 0.2825693105566184, 0.14844772519008131, 0.14452122773920306, 0.25520948111635944, 0.693892654147995, 0.6947549707080511, 0.025207729756288155, 0.3573649350044057, 0.12984687164852082, 0.20119300154080644, 0.6126170232635103, 0.6743858239927977, 0.35799151107700555, 0.3769927823381165, 0.6920792587979067, 0.7039456681843017, 0.9366734057886069, 0.8933733747895823, 0.6504138527645901, 0.596151207539395, 0.5431678289361881, 0.14749877160633762, 0.8623817705973441, 0.022835326873967277, 0.7967893841115454, 0.5752562963872483
0.7554229471268026, 0.4340850232924345, 0.015834858846083377, 0.3109507530661909, 0.10716755842955494, 0.2241691260665205, 0.18542288301439613, 0.2832147332403777, 0.12190234995824234, 0.47937435259092576, 0.0706180863243957, 0.9433421836796492, 0.446167984916752, 0.3425427586054961, 0.20026179484812967, 0.8455757794257494, 0.09204034056681898, 0.803799040031772, 0.21858149033861118, 0.12496095076460689, 0.9298201088365562, 0.975137847343686, 0.47313714384038885, 0.26173169722407186, 0.014356689649729804, 0.06932634143608407, 0.3070111779579816, 0.7869734620054573, 0.37125919095398074, 0.45537164025739485
0.8345481366840756, 0.3402404847459629, 0.4618889960279383, 0.32548840480814234, 0.31915702776409205, 0.7207557535536572, 0.9145008019446124, 0.8396059776212016, 0.012369542324600524, 0.8152832552585337, 0.3153498460456654, 0.1436139767451251, 0.36107403999370324, 0.02593738876823759, 0.32621013739918625, 0.3612208185723882, 0.4305725498821429, 0.1866197158382883, 0.32838821416834074, 0.5393293651988373, 0.6180064718787809, 0.7225456726984074, 0.10064444630522507, 0.45459683061829337, 0.6417301650064884, 0.4388007430474842, 0.39715898666698257, 0.9179011644197267, 0.42682276261905416, 0.04422315583799186
0.22611121113177768, 0.06105024337226317, 0.1517380371485486, 0.8405778242745581, 0.9668383248150209, 0.5524708413618957, 0.24065935121523907, 0.7775965494392889, 0.5764058739480475, 0.31520684755727824, 0.17480719642143672, 0.8824545916412323, 0.4161603989329308, 0.04400478394692253, 0.9985900785280918, 0.03680283063559897, 0.4094382065621299, 0.39047994133395736, 0.27930351999326786, 0.6854084133229156, 0.6945699345090636, 0.7837811068606363, 0.2491759654684953, 0.1368576141421316, 0.5103105320187448, 0.8197669750747849, 0.18784223786337328, 0.7553879497079353, 0.8482953025833954, 0.44991191674992725
0.6712610636967044, 0.14009983549320304, 0.3232647298614746, 0.8857929600974345, 0.2049094858866387, 0.5897629855227255, 0.612814676878789, 0.5985883108949606, 0.1269643542620248, 0.9991181759596527, 0.20950866333613916, 0.48722340347406734, 0.10788203314176203, 0.121584899332282, 0.830104556647456, 0.9289109865084043, 0.43296158370283133, 0.5399434047377296, 0.46908078738352543, 0.06605272150358155, 0.37085509605527633, 0.2591846206836228, 0.7367715898661298, 0.5042531134965029, 0.1147367514132378, 0.5347616325951454, 0.8605693219257989, 0.1330289945516021, 0.4954244411312775, 0.9688449139025755
0.7480493708180616, 0.4751891233186447, 0.10564345754257842, 0.9184921302203222, 0.03999272416656252, 0.9739989450513328, 0.3163774779825125, 0.7049184790601637, 0.8530860358021766, 0.10726115555628823, 0.6517419818783118, 0.40611347816828247, 0.28039493872480015, 0.17149966839318975, 0.16573318109235657, 0.7918862511277339, 0.7815419694654435, 0.029491869584331698, 0.9245983769681293, 0.28736161580207364, 0.7884159773303568, 0.09469685064624633, 0.3915732527933742, 0.7360566321555416, 0.5766832917042646, 0.4669650319658316, 0.04567317290404471, 0.5537923996046075, 0.6469874423993929, 0.9813596588905932
0.23374581058531652, 0.2693144321597952, 0.9030307695408734, 0.1341948812676519, 0.1366284716077807, 0.2720117651780075, 0.1683121327495264, 0.6222788499761067, 0.5352784222681948, 0.6979566628703645, 0.42001166388436995, 0.8949399827184614, 0.944085031891895, 0.9113929910255328, 0.030364705392681546, 0.8547576587401233, 0.9914325280056662, 0.7190806429001811, 0.9946252262102944, 0.02131781363894336, 0.7542638535124822, 0.9110059873605915, 0.21017155414074595, 0.25249984810639126, 0.23977505289829537, 0.34666226540859235, 0.14421903413942672, 0.5506616035978962, 0.14088965848583856, 0.6357484259328348
0.2298632050894811, 0.09995720227369431, 0.010261648589194206, 0.7182993689377367, 0.6197554001939504, 0.8079302861042164, 0.32400844022447095, 0.8531980771509802, 0.879971171405424, 0.08943005983188856, 0.9795665396956484, 0.5132765767453488, 0.371630965262843, 0.17071691177786086, 0.5576452264152034, 0.8012152249404589, 0.7161284712627445, 0.5043069940653567, 0.38035077109118187, 0.5567142538505792, 0.24898146395070575, 0.86241453402388, 0.15324757374424924, 0.23815960233818345, 0.0029707605037837537, 0.3716562908552513, 0.41189456540850333, 0.961999274889473, 0.6677939685596553, 0.9827643007064447
0.9504053092846098, 0.8464853772412376, 0.5004650194641632, 0.2786524373969883, 0.03736894158779025, 0.16313540911541324, 0.5575648143607971, 0.014538659316360003, 0.9575697390519905, 0.4629464537587332, 0.8233544114047229, 0.07177383288562045, 0.06835510549402035, 0.21433969431748623, 0.8787154516232653, 0.8441879785781966, 0.6804041526970772, 0.8573995977396723, 0.5564221734621649, 0.5927389035758042, 0.6275625987104894, 0.3500949385124267, 0.5390958405008885, 0.270745222075224, 0.6726760311442144, 0.11619687484803631, 0.6209807365796501, 0.30621157657492504, 0.8098235929050931, 0.6686663308685373
0.20992733550236053, 0.1425117552926186, 0.6925226650323032, 0.10144598842503083, 0.9986665681454439, 0.951589861611583, 0.30150384351084547, 0.48360614840569993, 0.3028507293429825, 0.8103553965354923, 0.10278191441066575, 0.7212562411995824, 0.40459346353725756, 0.8930258119028481, 0.645328768088717, 0.8373546424474098, 0.7489670279356205, 0.4083365458717326, 0.5878674264409365, 0.6781946544821718, 0.8590157943602557, 0.024014466021362035, 0.4445511903970083, 0.5931930062212131, 0.5560493339752139, 0.0341620627450413, 0.5128449425857895, 0.8628932066161765, 0.4925740814054006, 0.9878639106444872
0.0538372492070639, 0.532098417112281, 0.692841438677876, 0.7211199548747081, 0.8739853917290397, 0.5872428580419249, 0.8937024720822572, 0.33079171997925083, 0.8913543173253758, 0.7772932631744381, 0.9104918469006308, 0.2483409952924066, 0.7661412214363875, 0.6296586063027074, 0.038390931950918805, 0.494235067879917, 0.9381546945018839, 0.5425417700282037, 0.5362388497642956, 0.7932649776410281, 0.35393137775979233, 0.0442329195279062, 0.959367932874358, 0.2256671844876097, 0.33671900405755784, 0.7954729099466019, 0.7628954228985513, 0.25496817674579886, 0.4416630114340454, 0.13523689339248102
0.7241506843027303, 0.19399477656979036, 0.26135001858897233, 0.1358319866333466, 0.6138387479237587, 0.718715411041675, 0.8286548665626794, 0.20883970909728156, 0.5035000429954991, 0.568863516451686, 0.6459489747907221, 0.1643740203149533, 0.5413894183854215, 0.8798117128077928, 0.3522905546808418, 0.02899046498815916, 0.681045617483527, 0.7302237705183148, 0.1001190230594472, 0.25851245021921443, 0.4738751656242468, 0.556838387032566, 0.04166717605089598, 0.43977759636662583, 0.3815734001652521, 0.44407876708477056, 0.9157726920638404, 0.4111790503570283, 0.9539325987214248, 0.6720129994630164
0.02149459073712956, 0.8909805206382416, 0.3872817378254604, 0.3662024037099919, 0.4633532772165998, 0.5949460120016788, 0.9919995105316012, 0.3929177503942157, 0.8427553238383612, 0.4184073758472886, 0.9041269106890318, 0.4074725198332303, 0.7348121293723467, 0.4533366212273181, 0.11781904187298564, 0.11933874667115851, 0.40262707259987485, 0.3853623374077775, 0.011401344922918999, 0.49542607195063193, 0.056863927286883054, 0.36263126703102844, 0.31769705916994717, 0.48305824487311044, 0.29433315710646035, 0.9865151422176255, 0.9832301767528532, 0.46772446973544746, 0.29344962203680514, 0.957688630251897
0.7797503799708597, 0.05625490314616366, 0.9602744412654962, 0.8550898921858647, 0.8292017407376258, 0.608195054485169, 0.44646223907498606, 0.33102940809418935, 0.23190287445129765, 0.7060195927313718, 0.5945005806304575, 0.0814960345563226, 0.508451851565457, 0.041690174404688585, 0.8335572318292324, 0.16150036901220277, 0.31249988995548994, 0.35087140787834836, 0.5350523072690377, 0.7749926787756506, 0.6598978433578094, 0.331579477982335, 0.3386945131536955, 0.7545078514689538, 0.46861958406792736, 0.17468639586934898, 0.3811692155896761, 0.3975560592264773, 0.4101324418376616, 0.35434189399953264
0.7201168659369117, 0.9521350320491367, 0.2668965098272852, 0.6326950687892482, 0.03930211770253744, 0.17340843428793684, 0.19474662386166408, 0.08502662884355161, 0.45563736490606266, 0.7015035938354343, 0.6169885926363836, 0.48212569737725663, 0.0727469043330059, 0.4528117620435105, 0.022401370832220713, 0.9468128358552061, 0.8157272986581731, 0.9120154845324787, 0.273830459838332, 0.1350616502505022, 0.0990661048426047, 0.5104426486388554, 0.3163216004224101, 0.12884715685752535, 0.13775910656454016, 0.45196466443623695, 0.584187881358287, 0.8353759781395619, 0.4183513859741296, 0.6951096276660363
0.8797311792004825, 0.4610149199836334, 0.939209661224257, 0.7524035268743284, 0.09427193578815818, 0.6676537676817103, 0.5389673904820967, 0.5545756719803369, 0.8840238250435031, 0.4274006310216999, 0.12630919211107405, 0.3890557420791487, 0.7985270543324658, 0.45747649430186366, 0.08676806387824776, 0.10592644150902486, 0.5656031381860739, 0.08023799558106826, 0.23100329660632068, 0.23317525764921088, 0.022568613341356403, 0.8405465201012959, 0.4342923611446382, 0.0029109966383408237, 0.7327090596368333, 0.9638019353290298, 0.7179223352564965, 0.02927443873670954, 0.6117598444434158, 0.8406311409654794
0.23870927865410152, 0.6716855506638784, 0.7260413828469087, 0.1846771639812691, 0.5193276712934695, 0.5420576156479452, 0.11818001368939202, 0.6694940023057857, 0.9026513682780374, 0.5266821629982906, 0.823500516183354, 0.8289675729751148, 0.6381357762179996, 0.1306602413139355, 0.017078517959341455, 0.5688945675801975, 0.2532076384700884, 0.7353586267636577, 0.3223666378692359, 0.28143429230404005, 0.03495113425595586, 0.7646145433638527, 0.9810421122407079, 0.7288906281842993, 0.9031775448187704, 0.24313119354795565, 0.48597586796711245, 0.6266629012498218, 0.05664942094469905, 0.18313233234267634
0.36614830898895456, 0.37494555643172645, 0.8868161939639925, 0.44161765572336376, 0.21957951724290792, 0.6453686842218158, 0.42443864246719454, 0.7710485045112321, 0.4445643372394339, 0.779351282272168, 0.14845123488945489, 0.05529606851745095, 0.0035116347245217616, 0.30223673574401955, 0.36653337268949393, 0.9727296162541399, 0.06428689577119984, 0.5727782464854484, 0.7326494328281791, 0.28555526687983757, 0.7156136930419259, 0.10328191039520052, 0.7154661295156338, 0.12339141416481725, 0.8621862524123627, 0.9610210243977031, 0.8293274501633058, 0.3627949002416112, 0.9904901892947698, 0.31630980371218964
0.3336234825431008, 0.6506435638432407, 0.5970411016987134, 0.5717446881360871, 0.34918029761621916, 0.2823000817966679, 0.2869793049492514, 0.3132846333079434, 0.21606161023013837, 0.3511743510132782, 0.8956084921077455, 0.12814183685708758, 0.0657986949113133, 0.5796525700130946, 0.9868700533639886, 0.2530423048465381, 0.4240026278027663, 0.9935155675374786, 0.14172021655140787, 0.27672548460494917, 0.8413924630364448, 0.5379976427618314, 0.6707398708696527, 0.8939919188018144, 0.5294704678522498, 0.9995763868479939, 0.4273279229227901, 0.4808472042116638, 0.9882107191837204, 0.0011025390532050094
0.8172435289917612, 0.2980958952380176, 0.9580801254362574, 0.1267672673755652, 0.9039903850595903, 0.06288868348572596, 0.6675679231057261, 0.35731087953830987, 0.9279661795097597, 0.2264561073431135, 0.34023154008175904, 0.44487767170514103, 0.7588667013928768, 0.16408097396192045, 0.9727697035865812, 0.8736024837734271, 0.38150651643793476, 0.5217739271328595, 0.37243137396221415, 0.6581453676530288, 0.07880040567431856, 0.669266143992626, 0.007359627401566704, 0.9617372222873487, 0.5515339169680387, 0.27799934998020837, 0.439209724145983, 0.7030737303129502, 0.3859316334763736, 0.2002481555361355
0.2513060538669475, 0.49192996592122096, 0.26336140461140745, 0.7184706675586098, 0.3656515239100039, 0.9744000529382839, 0.9758712778438511, 0.9454515825675186, 0.6402436546632551, 0.37478020343697604, 0.620659857531838, 0.2827019943981033, 0.17757835430176205, 0.06752256461303474, 0.770283854507047, 0.8765743305514649, 0.8695385636595827, 0.9773546459667152, 0.20246370988342788, 0.05968973444796544, 0.06029288076058337, 0.6796767818231493, 0.8633576106269452, 0.08920016058955471, 0.2844421130925229, 0.25128168448956967, 0.3562124428124641, 0.51765766435478, 0.4680067010257414, 0.3600695469048273
0.7399461349752553, 0.8082655919411047, 0.5077842865502412, 0.26713159244783347, 0.9983232671983414, 0.38370328746165183, 0.5931167332198197, 0.4820656100516978, 0.7399426975829284, 0.08573414393936274, 0.40630322620724635, 0.8286376156546381, 0.33143756983167083, 0.4400389514452422, 0.12259234861636059, 0.4957090314939804, 0.34348488311949343, 0.559547982119697, 0.8916708599412579, 0.9147936494213769, 0.164219629584606, 0.17198161663287026, 0.5871950423534705, 0.8091628789050054, 0.9487136296751579, 0.986659044506235, 0.1749925088866765, 0.7928536437006682, 0.5216786450983344, 0.49156432701342434
0.000605370352098,0.521262178352,0.997666834421
2.17281767294,3.86450699238,6.13769482983
