$x1,$x2,$x3,$x4,$x5,$x6,$x7,$x8,$x9,$x10,$x11,$x12,$x13,$x14,$x15,$x16,$x17,$x18,$x19,$x20,$x21,$x22,$x23,$x24,$x25,$x26,$x27,$x28,$x29,$x30,>>f1,>>f2
0.4456773766695675, 0.35441264260708716, 0.5787642733905132, 0.9662480008323805, 0.6202668656686103, 0.9120488422847084, 0.3872722935439893, 0.5138787082943328, 0.9710596631719584, 0.13022077477063077, 0.33650578401286246, 0.3247134650501853, 0.3983836666485133, 0.5457500075396577, 0.7559023459624591, 0.8647801781321172, 0.6724964331240886, 0.621726886171501, 0.6191299245662942, 0.3205743033629833, 0.7357417808116912, 0.8393615492574682, 0.15282186049559976, 0.7553655479158379, 0.2782449731705645, 0.6444421700013195, 0.1283679629272535, 0.13253377186178328, 0.8541373222460753, 0.13774199032045242
0.2905115891108666, 0.30406898422495177, 0.20015329563612483, 0.5417293342471327, 0.9438890438300701, 0.4458983443411466, 0.38479785162966107, 0.7659698248997516, 0.6747991516129286, 0.644396319623327, 0.6913370137233762, 0.6650389458128181, 0.1779938004054591, 0.7200284408215215, 0.5136442983290471, 0.6471471956889538, 0.9566098733017755, 0.8403999810292951, 0.16508363806177073, 0.18889441542195906, 0.8698455169640028, 0.7003232465927822, 0.716286004755813, 0.9859940812990033, 0.13789890526313486, 0.2051342359598496, 0.48968807043158447, 0.30142082406507664, 0.946764815529774, 0.6671977104262288
0.10454805697430714, 0.18891609538558496, 0.3695181889197081, 0.5024385815036164, 0.3473796374088992, 0.5919421167192783, 0.4361947985256641, 0.09381758845179011, 0.9951822838851043, 0.4681398835312134, 0.032900988472323034, 0.5931257529077163, 0.5515240932482813, 0.50493662061757, 0.016435772936512993, 0.7961887158072266, 0.9668015272761076, 0.5681833727981788, 0.961712345514399, 0.2820559754626135, 0.13507587194984294, 0.586471682882455, 0.9723678487502746, 0.3321565578718273, 0.2616435262409068, 0.7731971322273133, 0.9760703155009192, 0.16205134247019792, 0.045949674152765185, 0.7640696392381681
0.3756753645775419, 0.06301260241463269, 0.7932462505261727, 0.9471780692408953, 0.7671786048067781, 0.7248669365600272, 0.77726123600931, 0.9799104353114265, 0.9604070959868299, 0.42050410651188774, 0.9774862038346208, 0.16599823008601622, 0.1985071898333305, 0.913906642156735, 0.8636946933772903, 0.6868987920565117, 0.4024410906264544, 0.7336713576449393, 0.7032052851857257, 0.3316104456395772, 0.09771643351702708, 0.5955187222306748, 0.2994971102911952, 0.7157322510481338, 0.8231527904985902, 0.2945011313198316, 0.887405358093933, 0.6049856314649116, 0.8668407805574623, 0.2278017828415071
0.7959162948279279, 0.7558712927355514, 0.10169647595745779, 0.31772812414789586, 0.34397556998607026, 0.9027884005693543, 0.6835665205245443, 0.048162629205176555, 0.7330939926741828, 0.6791410894214288, 0.0945007792216862, 0.20348121596508184, 0.40932985400058053, 0.2209563349857957, 0.5723541510164937, 0.30272204652756285, 0.35941759495871994, 0.1874948836645326, 0.6297042409766677, 0.5304209519457458, 0.6477314536917327, 0.9724771455433843, 0.5473900311124913, 0.8707364709537577, 0.9499836437208692, 0.0791843679770301, 0.054401672575634, 0.20613564060819445, 0.8185813824489573, 0.31870476606797604
0.9227365628040287, 0.5998163654394197, 0.6122116827256281, 0.49341290153134343, 0.1661878409778741, 0.01836057943476377, 0.6626039799194439, 0.9999958035212189, 0.5348523791145368, 0.6091271726576373, 0.40452614104999496, 0.6229045613649792, 0.40644639054195786, 0.6003457102361797, 0.24038454938635656, 0.9167657477853651, 0.30569426243904096, 0.9511066373657461, 0.2716229200658087, 0.3567950956175613, 0.26446529218648485, 0.018152332947914407, 0.9346438234498874, 0.7836905205676922, 0.7708347451660614, 0.011412018569449178, 0.6207475461334019, 0.9516924881609953, 0.3393034742931661, 0.9571349828152408
0.032666774592209014, 0.17268957375780059, 0.17293056017692698, 0.3930008719043553, 0.7894872324149645, 0.5785430670467273, 0.5374441831862307, 0.01346545200325655, 0.7724931154900667, 0.6146155574543776, 0.4766936913047134, 0.945527758258764, 0.697284798842502, 0.7137885848303989, 0.1979478195795522, 0.42768530018581563, 0.4919207505795836, 0.18448623538356268, 0.5744403114899296, 0.3935931913288381, 0.07268112507330793, 0.7854002901691333, 0.4907047078678848, 0.04705509198041258, 0.45032091217931824, 0.4504983934570922, 0.8178117738155726, 0.7226483485615792, 0.20097566439145376, 0.8346945003904525
0.5662986632402408, 0.7170321347337693, 0.7651085159401849, 0.24655321877627712, 0.04093279936735306, 0.9829721809646498, 0.7309381028246549, 0.9655157836693194, 0.03208904010502156, 0.6785619023671157, 0.6259345605081978, 0.3648231662924988, 0.18172987388208328, 0.54814781850583, 0.2901197560937254, 0.8026641125726003, 0.9240919048840498, 0.6518580486087651, 0.20591076576016143, 0.6126183170035894, 0.669657744777774, 0.9105136298345239, 0.5338694288822127, 0.5358991932676818, 0.7068965931131996, 0.5731934053823855, 0.547853810334009, 0.09643793731314076, 0.24204648042222832, 0.07398448093461318
0.5160943364064497, 0.23724085549084906, 0.4420798010812913, 0.7837961306148886, 0.030484542632585043, 0.4414017072207437, 0.049116842968070396, 0.22168461579340337, 0.8013847078406351, 0.13627587619126758, 0.22866327227688543, 0.924869229788981, 0.06937384765063692, 0.9674203949943289, 0.8482884330300597, 0.822073408647557, 0.9186364993913609, 0.2704769050703898, 0.26195592561382286, 0.6326970443793029, 0.9551919189646261, 0.5344190070589241, 0.842810533912253, 0.4130912029088759, 0.7075642935228779, 0.6279196377292883, 0.8281283386271117, 0.3111248417855278, 0.07807910517403849, 0.8922684002793173
0.149372802176167, 0.5288219323628297, 0.5329271457324136, 0.9408727189725996, 0.39300125746151293, 0.835449371200932, 0.3827553941704658, 0.6995007415938126, 0.7396740583074912, 0.42404339510660494, 0.3679354843007092, 0.023352126615583724, 0.2853174835441282, 0.6934420304128132, 0.9046647281681499, 0.621227584000213, 0.6518103858740363, 0.47942094531634993, 0.36472063585248105, 0.6936454298399967, 0.3807038004840685, 0.45333971907904413, 0.6321187582554273, 0.7373065044201592, 0.08366795959876772, 0.8715303981299903, 0.4420028173208116, 0.7276403359793597, 0.06459009074143385, 0.23446883339360391
0.5094845605350113, 0.1519364062558326, 0.8813340420519788, 0.7478932947957838, 0.6500199567488801, 0.5628032767341428, 0.715363294153897, 0.23254134459060016, 0.972927752654598, 0.3976614806755203, 0.6096734508901662, 0.16830867293842533, 0.012741490357455976, 0.21660981739830198, 0.08700353294262142, 0.27270083185246496, 0.6271253068810256, 0.45746432491753164, 0.7786440429119693, 0.3072413541639174, 0.9388406071836587, 0.19446573875302142, 0.7213787958451026, 0.08753716291352409, 0.17846533444434232, 0.6746460416327805, 0.23523295792346466, 0.8702025136197806, 0.3301469559468121, 0.18840009176552341
0.8280045916139467, 0.10404865856601808, 0.44868770776332545, 0.42818186088326315, 0.7121802138385596, 0.09724795404919218, 0.9648925345229188, 0.14717327151056414, 0.9063344171183991, 0.6128702640159992, 0.9804112978015654, 0.6990422365478549, 0.9035162480496215, 0.06682673455574539, 0.8434526559381254, 0.3501178655643541, 0.05857752001312522, 0.2763147653088285, 0.7148781418232683, 0.9532707175218162, 0.1302258950187296, 0.4736213689500922, 0.04704046610238988, 0.09096927718248549, 0.8819581325259587, 0.1874881411326067, 0.0520393406686539, 0.22618832135567069, 0.6396269105700824, 0.9064955114834925
0.7858112071026186, 0.3733316896357384, 0.48370684918907536, 0.06191936807293508, 0.7104034937087763, 0.5555492485131814, 0.36056267411914944, 0.8678367005613695, 0.2144813162452719, 0.3733496763775158, 0.5669513867831515, 0.7417342481906836, 0.8951780086785083, 0.48969041059394125, 0.8870557603692402, 0.17897938077735343, 0.3429625179467264, 0.42915002949628767, 0.37207962991295396, 0.1809895641441065, 0.9338233127505075, 0.13428497809911977, 0.8143989194894229, 0.5651255840050075, 0.16544668712900545, 0.5792395263372412, 0.10223358069371924, 0.07469995330486645, 0.22449302896274248, 0.5757873582205192
0.12735470583688058, 0.8872709512353167, 0.7617679935704875, 0.5633262520297175, 0.05253056994774008, 0.6329453171399109, 0.36953357617168203, 0.904602349500223, 0.15270142320491098, 0.7661788411764691, 0.2091225319342046, 0.44169829845995034, 0.6414500491796921, 0.0791309704260742, 0.9229567707306747, 0.165509295024591, 0.6538457226249881, 0.8932543372468564, 0.8809012857409007, 0.07600706926533962, 0.10035778483799218, 0.45364945690607994, 0.8734835443960571, 0.5948687360778174, 0.9247513390281341, 0.2736525938018719, 0.08222683592013147, 0.5026697446887245, 0.7982601090633156, 0.04769979082718512
0.23583613882903165, 0.5017269931055737, 0.3150840483081252, 0.5591810830042734, 0.5991439287394229, 0.775716773961359, 0.8195994264605002, 0.2046579101952536, 0.33699511003155025, 0.03031631348690378, 0.2421966276374018, 0.5176388369276242, 0.23007383743898513, 0.4681146744455644, 0.7969469790510241, 0.1399525761377205, 0.5574746609196869, 0.46927900256426003, 0.7379953927080831, 0.7651025632742432, 0.009877104880978593, 0.45092736681459467, 0.3476113297632253, 0.10148099482964279, 0.5026211271761539, 0.669672518331872, 0.12162068766304501, 0.5078498758408074, 0.804860212410908, 0.37924900302539033
0.4177148348952259, 0.5551657260287951, 0.2186126166205422, 0.3507895852148257, 0.28908995212862587, 0.15961200263834852, 0.6427017606082717, 0.8678022375528689, 0.13348647103024125, 0.6771554632620421, 0.1459142696253415, 0.913971965382309, 0.9614555486566154, 0.004699379804196768, 0.7924121202115768, 0.22044994708969778, 0.6250650151926649, 0.27883909327679657, 0.5787584704664827, 0.5908004059257432, 0.4481031514834012, 0.27707216607228835, 0.5327120832197084, 0.2776466045030158, 0.825950575540328, 0.03844824670842528, 0.266629038707797, 0.02661517652544143, 0.25705372603555854, 0.4256237567398279
0.035974023321603044, 0.6936498861459226, 0.32000928738989065, 0.7262749375969518, 0.42832699546327035, 0.5408145752398654, 0.569576042799119, 0.9508337872015657, 0.46765215844589636, 0.5729757926630886, 0.4718463240170885, 0.2868579798580726, 0.07626430106795246, 0.9221595444310718, 0.32709003923742286, 0.4006543235388875, 0.5605861680521779, 0.5026861231203927, 0.5283722980509532, 0.36262384010988746, 0.2711958733511638, 0.9705834914332858, 0.43589197557736326, 0.677786152695532, 0.9425155909827229, 0.46312333706803843, 0.9313428431651115, 0.5995809239405681, 0.09933267742409324, 0.3122525952012326
0.6573666754399854, 0.6500987926129849, 0.5845095829000329, 0.844545437663757, 0.08135736044619968, 0.7188073247351009, 0.869933358809827, 0.003698766632601047, 0.24502146338363573, 0.41460744476316413, 0.7443988932189896, 0.4011572154763805, 0.3444455230790777, 0.5788089943679476, 0.14428428020312867, 0.3124671062465546, 0.03174166276671775, 0.762666775008043, 0.43279782615941265, 0.29868154093408816, 0.20411262618586767, 0.44363137294670774, 0.8159236760116511, 0.10058296394083843, 0.08482317016875451, 0.22727232156778532, 0.2463485255465021, 0.9154370950411705, 0.5010266816273774, 0.5478498525917409
0.9230395981954986, 0.39653231129702393, 0.15219101258115986, 0.9890507266543876, 0.4095175089484393, 0.11242273608946562, 0.4306030086051704, 0.46314967751348657, 0.6589386080767217, 0.6386983411196917, 0.5298687298240522, 0.22447006040914086, 0.6145756483790366, 0.6005357927950125, 0.683716929814797, 0.2030424690156083, 0.8226602318329534, 0.38559284268293315, 0.9132155172838526, 0.21669215764395677, 0.9400725547114129, 0.5901640361268007, 0.9354559444632019, 0.8786740366288798, 0.08165346791617345, 0.28036471229093596, 0.928935823921544, 0.6652680700789463, 0.7289411375946395, 0.4987734873232498
0.6818853291988088, 0.3118206451378591, 0.7818126819353652, 0.693950872810298, 0.08231440473375584, 0.17174040923120548, 0.6988301752687877, 0.7434763534995595, 0.8257560512877543, 0.9109307751176611, 0.7789078983941231, 0.5717511428341615, 0.35391731851939523, 0.8578206781044894, 0.43893041279650924, 0.012443311224811682, 0.3144454337991034, 0.061514272091366284, 0.43447249565085555, 0.4933606653419552, 0.6588594362762697, 0.31720969847005553, 0.7083888649032751, 0.7279995215454498, 0.1562052414776931, 0.8445779894508396, 0.3228076677537868, 0.8719608697595875, 0.7792219271265457, 0.531815215575433
0.6178507525547596, 0.9151871385992699, 0.850150335732444, 0.018548173014967473, 0.023247797882068544, 0.9635254246226836, 0.2334600799931449, 0.0734432616675964, 0.9816746122802817, 0.1832144307997613, 0.4313309269459449, 0.2027694126749675, 0.9469184427627676, 0.5287890231493129, 0.2382213990731471, 0.8926087783804968, 0.6004937884338909, 0.24038941622948717, 0.19496344470159077, 0.4010511197000265, 0.523805526651484, 0.4978465556812358, 0.44994999617860876, 0.10617656115112761, 0.954545996534441, 0.9077934841936253, 0.5199180661976112, 0.03708215468694409, 0.016279815140794462, 0.35132556236608825
0.489235303768667, 0.6362988444764289, 0.04949258718279381, 0.44495439526989466, 0.515714118996765, 0.37537493689463697, 0.8206367669649148, 0.6185380543095815, 0.9024601559471074, 0.9632590123336704, 0.9727751135748097, 0.366057841223025, 0.6171819822998064, 0.3501429433054265, 0.16968707580876896, 0.5649152869227428, 0.41548827629993756, 0.3389755014509105, 0.03501526677529265, 0.902725363512491, 0.5884521956780956, 0.7653819527186464, 0.499792737298557, 0.4064717459327625, 0.13493203591123903, 0.9947340916936289, 0.6726893628283037, 0.1509168565336948, 0.1006203285200491, 0.7875893707967458
0.29028207773413783, 0.730870975290428, 0.7540481461067835, 0.6390301309234802, 0.9091780041441078, 0.9184497760361396, 0.3785289418286849, 0.6805451726444182, 0.37271877677370246, 0.3416833371509692, 0.5609480197680196, 0.26392439669072787, 0.46458876243958636, 0.3822220396593312, 0.29462099217520454, 0.4368252465924448, 0.26918761021567306, 0.1304521198846802, 0.6547005293432804, 0.6432245377805336, 0.043692155415497314, 0.3405342791399446, 0.09011151600768053, 0.20028398543711967, 0.8433864143397103, 0.566415873110844, 0.5949998157530195, 0.06832934574286798, 0.9716056444100236, 0.8807628640733405
0.26982719821602474, 0.6828015932926282, 0.6465585735440385, 0.015151783960647425, 0.5525376250553848, 0.2593399704889151, 0.40606303684316525, 0.5876888013415583, 0.8849382101392274, 0.9742742724138643, 0.6370387957425903, 0.094660893169909, 0.211175336624148, 0.8857028479126682, 0.6418604674155859, 0.5873739248990124, 0.32378610260815843, 0.32589875513095634, 0.10716842468665211, 0.17744248907222138, 0.8670034742692675, 0.3605820503393604, 0.19055449063567909, 0.5037187030286439, 0.6358895066902764, 0.8042435727545415, 0.7398837425066126, 0.9569045675105922, 0.16501207384337768, 0.6638762121554939
0.9584262801158739, 0.6884772887506859, 0.39508857221523097, 0.35767478910399053, 0.6495585582464083, 0.013562265358382453, 0.8609347176625084, 0.22942489120786602, 0.6686379921461929, 0.8565509833190479, 0.047830825036516034, 0.394841149735622, 0.29238242513646284, 0.5046706226206562, 0.1295417832703898, 0.7600442761907698, 0.1673698977214093, 0.3491288271433536, 0.7493677260755569, 0.5046619594484228, 0.012875129265635832, 0.875918958748518, 0.3253728392077042, 0.24846807749399846, 0.4494862964321129, 0.13292462930688553, 0.5620944600717298, 0.9758306394041012, 0.6135981719469679, 0.003469348877670253
0.8950432803064454, 0.8245949676248712, 0.2188729950009346, 0.8112422975607847, 0.35982194419962144, 0.41094059767395175, 0.14448951404496224, 0.08714722989183721, 0.927000404893765, 0.7919572586914815, 0.7664227990105503, 0.11749991909667556, 0.3852454543863677, 0.6293055332595686, 0.8678072974629827, 0.32865969063544154, 0.9233172338995113, 0.20223810646761298, 0.3405250221181799, 0.505142472975787, 0.7791631432588185, 0.6713592287133104, 0.9687979608173655, 0.5556654242926556, 0.13461768979432598, 0.8808904159007106, 0.7790748682930485, 0.607046149549649, 0.29142827328536847, 0.6547786035063503
0.03726826709703046, 0.6749666091272225, 0.820134633595405, 0.7589686174612663, 0.5973456321617745, 0.919377167676825, 0.9791609375675491, 0.6985114353336541, 0.12006382318073949, 0.8341048513800783, 0.7480199661234436, 0.8557526008819328, 0.23774411164862475, 0.009632044788345118, 0.8905811691205939, 0.421571769256909, 0.12033391218192058, 0.9536979121087464, 0.7158987971058868, 0.9288634513253811, 0.18236746888196864, 0.41504533565947077, 0.8279259470930777, 0.07770619169006943, 0.36293954017636254, 0.5783905897749169, 0.670058890000306, 0.1590703960311579, 0.6186611782194761, 0.9428802813971123
0.06413399888468885, 0.05625516208258319, 0.8902175032678593, 0.9059358271694514, 0.2053789131349012, 0.5125378548951399, 0.1510409754650187, 0.1349260462529306, 0.9265961372689364, 0.1309993477926653, 0.5076668127239824, 0.9418120779576914, 0.10904456105965721, 0.9958794180275768, 0.8647289567697403, 0.02745140804489976, 0.12275344351518358, 0.9135125795628177, 0.16099117396121532, 0.305337858363783, 0.24792144485678147, 0.08015872690649695, 0.5660001638255956, 0.4756502378589229, 0.13407437849744774, 0.7097178138290947, 0.9134676622338467, 0.2321590373082576, 0.5107323687058704, 0.7621776167349779
0.4542929018035422, 0.0073872356172955955, 0.4545321886957414, 0.5253174813467466, 0.2748018256426862, 0.9686142085643696, 0.24803998627801727, 0.04753797876750687, 0.011758305072699482, 0.9794966279604675, 0.030986741317793, 0.8547376427895701, 0.074606376268476, 0.5893726349237367, 0.674843830510203, 0.05738499247854467, 0.3751416738589307, 0.8210747324916848, 0.5840429258115254, 0.9180399976584215, 0.8553987217334068, 0.5420904510793991, 0.49340037086406574, 0.436271831376122, 0.6970466373900331, 0.37548215715235234, 0.40826996571873486, 0.43223330034712826, 0.44705281378498696, 0.43966877938386695
0.972013402274016, 0.5955524190574939, 0.017624958341106445, 0.2610454552340987, 0.7137517211234357, 0.42181086224448394, 0.3129937302413638, 0.6470191923396306, 0.8681763629757894, 0.42002134279613856, 0.1893035277528755, 0.3961810742769596, 0.24491551602976303, 0.8807010517362388, 0.5975786255804612, 0.034341061839338605, 0.6916879965401509, 0.5650060319732203, 0.5464646003994152, 0.11850295831805291, 0.6312234442980034, 0.5604839022921614, 0.6513055990589858, 0.5795401480561235, 0.5880412607521633, 0.2748530169964849, 0.13789859966182416, 0.5764872031330723, 0.407825891321261, 0.1569563741587554
0.3035358265740762, 0.4328705305304609, 0.4064501929640568, 0.5104676012449323, 0.2111713317588213, 0.6882869031560069, 0.7034120831376127, 0.1461859576456237, 0.21739529546307124, 0.3679977732798352, 0.37323416705535095, 0.047768032652401704, 0.6701551681010275, 0.8506714209955099, 0.7210064314384671, 0.0902207550450479, 0.36176701024611246, 0.2994227357985051, 0.5440172013143482, 0.1893460567821189, 0.2843560171351275, 0.4595315045832834, 0.6395743018027543, 0.3787134422864017, 0.6348420487700125, 0.9588776395454971, 0.020515785085849392, 0.733319898335231, 0.5636552005516227, 0.558135171533839
0.7687423236315255, 0.34471012178371196, 0.9174791297114565, 0.013738336492486014, 0.11923231645651822, 0.46176742873666254, 0.12603597559245272, 0.2977482798513118, 0.3874804454356441, 0.6075750169614588, 0.5895603756238224, 0.06850923072766457, 0.2508939286853096, 0.014214641194820077, 0.5517509390403661, 0.3009397589581122, 0.0683943276442569, 0.8941363956079406, 0.5712508374972651, 0.46976162667506083, 0.12338622376347341, 0.18200664645090514, 0.535031643011962, 0.26501084932596286, 0.7402090374935195, 0.8365802522118282, 0.2725151782235192, 0.15166066231712538, 0.6355201874022776, 0.31437074328289194
0.1828911454531984, 0.4180083530647074, 0.8742221468797158, 0.1396217968611938, 0.7075294563978173, 0.08783483919077073, 0.35715552303966314, 0.5486690967483614, 0.3245929542971966, 0.7520704287758629, 0.14905078548470452, 0.17023266332289178, 0.8274655395213812, 0.8049578593307989, 0.8763391056885693, 0.1068616909721054, 0.20563080740820805, 0.603756446601742, 0.812576224509096, 0.9451175358207518, 0.47546982250987013, 0.42384555441382166, 0.6370059857716441, 0.7236498318021369, 0.0215907183651457, 0.47846785392912183, 0.8371246235123848, 0.5679108674591274, 0.24458533824587925, 0.2704054365614118
0.4723700346331544, 0.27395141154789426, 0.24016165388241528, 0.8558879062888293, 0.4618910191394866, 0.6759889086644687, 0.6363078203901726, 0.29143685736619485, 0.5140894531647745, 0.17692640938099957, 0.3631799007795271, 0.9607468191597358, 0.6992053249698752, 0.8064757351540895, 0.10985070478461079, 0.5946230158593098, 0.3115599928833649, 0.2239348287586418, 0.5246931721430244, 0.8595808722598798, 0.08701749727581287, 0.6112861047507184, 0.4453288382745447, 0.055617603382852376, 0.09643560718104072, 0.2760971053274274, 0.5739507541870768, 0.1249947307057041, 0.43127504494757873, 0.7245002375393731
0.1281430350972521, 0.7758924223995041, 0.7116933121644964, 0.16648072080292975, 0.21176461154275195, 0.6985573622661062, 0.9603400856800001, 0.7129705230001313, 0.26126609882883034, 0.5128509777620647, 0.6561389523650145, 0.45522934781234303, 0.09443698602329997, 0.4922188751932809, 0.30035808235422623, 0.2813266108204203, 0.9153267600711794, 0.8348166586298473, 0.16614081236425005, 0.7977543461021661, 0.9581535725423844, 0.71416687984168, 0.45799673657755624, 0.6483536848888823, 0.3011895313459211, 0.10961978091610092, 0.029917281545140617, 0.00337662188579968, 0.46720318271017947, 0.9027361673474796
0.07212556250739455, 0.23267369258633674, 0.400953638330235, 0.047628715877440886, 0.5796449992465694, 0.41277207019746764, 0.753596751451788, 0.4430078998700092, 0.6579219908437857, 0.8974917161531466, 0.1513991122632502, 0.9788790144523167, 0.4179918651915737, 0.6881386250740587, 0.5600020245341021, 0.5466287760998289, 0.031158996943890016, 0.5206997688641162, 0.2532390703931271, 0.28138129871820317, 0.12025488484206659, 0.3138798672458992, 0.9123742691795627, 0.05632059599094208, 0.2722494758100368, 0.7814636956405555, 0.9762689469894893, 0.5005981201919065, 0.10161882143446832, 0.016199342807451167
0.35340277907437867, 0.40207288652939865, 0.6947957909484821, 0.3392856602172809, 0.47118525486213925, 0.08131965486381165, 0.0591121136957643, 0.12206544595554836, 0.04912670711221423, 0.6457485397859377, 0.6522495580453048, 0.33587986613977805, 0.5547045379723863, 0.8098557821041196, 0.36446806150831956, 0.9481897514996334, 0.9818636846183988, 0.2700565448617397, 0.866972146770247, 0.0821439995847606, 0.9131605836335691, 0.508620715888085, 0.5926224795954271, 0.1352877500519093, 0.9007238833605422, 0.47810616655627636, 0.5069373769486527, 0.7163181664336824, 0.902390437261992, 0.07725131667473317
0.42065930342434843, 0.11974471696340827, 0.07611706780965288, 0.9817329096419064, 0.24835114565741145, 0.48060823260789154, 0.9840767181309079, 0.31335402044869076, 0.5267236860974698, 0.4686605011418591, 0.11926793932384527, 0.1353375099744668, 0.31881592353600696, 0.5379895465833683, 0.568018188383649, 0.19296122190127862, 0.0574423325288097, 0.8047000325800882, 0.5208164683999256, 0.4900111754650418, 0.7402129600516094, 0.44386189718269675, 0.612060182982336, 0.7672820739029336, 0.17159803176829336, 0.554959001135703, 0.4794472468616342, 0.36882256795929846, 0.31485598014623495, 0.7546681283154028
0.6724062079455684, 0.4244191640282734, 0.23621129401848862, 0.862813042928599, 0.19242416518067917, 0.8691528708626974, 0.4273920908100519, 0.05591053996692241, 0.42078593581031587, 0.28144900466371703, 0.16571915308858265, 0.2517516531113577, 0.3305352815465489, 0.6350338618526369, 0.6647436212282773, 0.14074723865698757, 0.0819694234474071, 0.8529963402819177, 0.13913796454846317, 0.5426195846902655, 0.2582261201925241, 0.7557712176607937, 0.09983237255929478, 0.8309758247213704, 0.5853120808701245, 0.6628517329240552, 0.8140489876356732, 0.6715878744825131, 0.009977454244608497, 0.5375155678581011
0.5208941533392285, 0.482992304792062, 0.19840716664205138, 0.1549877137565604, 0.6345891740628948, 0.27337236471360593, 0.6878511668557681, 0.3816671219777764, 0.16709985538813932, 0.46604606287527595, 0.142765578321282, 0.25857894746029075, 0.5992793454380342, 0.34627355981176566, 0.8137809159246768, 0.5632245630940683, 0.601365628680512, 0.8911823263894593, 0.49325029420256317, 0.058355211471726065, 0.4459353086239489, 0.5285771891495054, 0.7628531651798363, 0.6950449343373317, 0.01186366009031381, 0.3115673639622336, 0.7087524091627646, 0.7111378655679719, 0.5633725811449338, 0.2997828562967302
0.15526976028996387, 0.7655905555124877, 0.5494936053267991, 0.8729498312184727, 0.9903036101959486, 0.17366077215501075, 0.690402423313832, 0.0032846553144326718, 0.8564697025251546, 0.45780539631092443, 0.7936982519618436, 0.6536773232957335, 0.7722525582129713, 0.47613419374483035, 0.7106429448702567, 0.9141604821361952, 0.1530741803004403, 0.6338170397270843, 0.09461076839273941, 0.27884755905086034, 0.1023088550873098, 0.7597321783312662, 0.10028324365172347, 0.7721026353183327, 0.6307716659616079, 0.48693378599833315, 0.08774415299801752, 0.5339601519638553, 0.9314443030969365, 0.6781174637314773
0.2077338450767252, 0.6627694145890214, 0.9661049740484526, 0.16675349003887285, 0.045478677663080225, 0.5423932958407801, 0.9003455689824272, 0.3319859293791434, 0.015969048440815148, 0.9202667732065746, 0.7926522898842937, 0.16869018188022444, 0.23596669695767192, 0.8012385289167755, 0.4509743779430334, 0.16892224973882075, 0.1368202059445185, 0.7194340596651114, 0.9980795562535472, 0.5952228351952035, 0.9630065385745616, 0.4360710338579712, 0.033224064333329584, 0.8224217407099468, 0.1327364335734995, 0.16062866365085482, 0.9421656401609126, 0.04752940437226316, 0.8713323084413213, 0.6144322599999671
0.1982148998781582, 0.4344901292002652, 0.6609759262716248, 0.8978957511490979, 0.12632124721345117, 0.27423981175087797, 0.27883866426012394, 0.7572196681032923, 0.116722966208197, 0.12395927628724657, 0.13229328488264203, 0.4101025779573536, 0.14286972153438737, 0.7204733419401108, 0.848203828660367, 0.5970317909026878, 0.5888915093309584, 0.9358414085993381, 0.46034853092968664, 0.16369242111684068, 0.35454381596402174, 0.030401890693728673, 0.006297851509950325, 0.40719549901191787, 0.0406476358332063, 0.3152720035393638, 0.11868225762969786, 0.03073801918549879, 0.24272242957515555, 0.30418120256555203
0.6851129222226071, 0.8646053949047927, 0.6971226770505135, 0.21091130498254107, 0.7170089578180692, 0.47095535018951484, 0.8273269839838533, 0.6618026855369701, 0.24702156254266794, 0.6127130043104874, 0.3956948776821472, 0.3666226687683828, 0.938641189160059, 0.3949954035170239, 0.898459024130068, 0.4539387149458767, 0.14685061749804817, 0.5564638741909219, 0.7769269430461173, 0.9616712465788174, 0.48606477092414646, 0.07496759545725595, 0.8562932452494846, 0.5953002988498756, 0.6584136564663192, 0.8832931988133735, 0.7889119699701658, 0.8158391994812253, 0.6990903066060947, 0.04425814491011437
0.5807534709960894, 0.4246724157604601, 0.22486004112737568, 0.7748889092349142, 0.3283123792568098, 0.008209137724170645, 0.43081589529749, 0.07234841830370009, 0.3722923934406809, 0.32501791889985454, 0.7099841900049556, 0.22561612981190005, 0.33108280140882596, 0.3918069356115311, 0.7895346284500967, 0.19410312292544996, 0.7130888524085912, 0.7334063789819447, 0.04508834618202473, 0.043391390572997235, 0.9200735337516533, 0.29025615726106657, 0.9237626963269843, 0.5458782628577633, 0.6929785243275787, 0.7283777481694477, 0.477172988517347, 0.09900034428390747, 0.3752078102608962, 0.9722411885748051
0.6212463842002168, 0.5111556470221403, 0.3748629769607048, 0.5418983340337431, 0.8349990934981518, 0.7290079380894428, 0.8923054575042954, 0.378178083667854, 0.4634042654438284, 0.23481198050186924, 0.17411921003328978, 0.5710425721550177, 0.795268857963932, 0.86367820071562, 0.6544961089865405, 0.30681231194802183, 0.5260252359148946, 0.6358446219521084, 0.27551517661983393, 0.02219818969494236, 0.5708138868156373, 0.7288853461835098, 0.6562366131373192, 0.2958432595857652, 0.1499841631330826, 0.25976396558075265, 0.8251626932831391, 0.20641019132161886, 0.8384421037894437, 0.45915575350637894
0.3315081578122825, 0.011313045134600297, 0.37761224201698373, 0.36839279336067554, 0.7515583266522968, 0.8709354853568485, 0.34197460084973463, 0.13420722083643655, 0.5721397139461188, 0.8539132987258765, 0.49018141990480446, 0.08055200999775691, 0.8879392258767692, 0.28205023693306897, 0.39323172370435067, 0.29504743666174005, 0.7821402276319654, 0.4319873412856029, 0.7284281560640665, 0.14817974031816117, 0.895632227087271, 0.7280611405564011, 0.07779470499145935, 0.8807145773821354, 0.37849177787342125, 0.7762584788717228, 0.7139681511601079, 0.2588492013384478, 0.9562625160957806, 0.45124773456891654
0.48478492436238585, 0.13209054404143028, 0.7510380712976831, 0.41268129116753527, 0.09197414792521574, 0.29080966526157914, 0.10527968122391318, 0.3086218314201111, 0.2535768015488491, 0.0186370205394375, 0.8095791115956403, 0.40990698689531546, 0.23075879482488482, 0.739191689183873, 0.7801775552755846, 0.9756710173121124, 0.9363029267134138, 0.008750760764157928, 0.4476865834703192, 0.2651482789481774, 0.6971867307527705, 0.23100035002102393, 0.8211904912274068, 0.10840366325669881, 0.591752109821932, 0.1348705520051402, 0.5240403235526161, 0.9541691666609364, 0.26073701505105584, 0.26772041537724334
0.3379140836475739, 0.9933149039550718, 0.4644068005719787, 0.12447028395721971, 0.2291578517787648, 0.3302532249355816, 0.1941211973462812, 0.6151953030693564, 0.6211358702959178, 0.8047478915965288, 0.5741794798505581, 0.0011103962591755279, 0.1589212541231123, 0.6392841456487494, 0.2169373115566371, 0.8489518287123357, 0.15426937417828168, 0.09431416226855294, 0.1741406653063674, 0.2111755680612879, 0.8072055005944015, 0.6090285775569497, 0.23670085791777318, 0.28644695547997046, 0.7641089929687797, 0.5807260400891936, 0.9202160994335065, 0.6907501899319014, 0.07582998263794427, 0.18950511404651105
0.8242481990509651, 0.6990280697892398, 0.8929186937542355, 0.36403664776685596, 0.6336263818560378, 0.3754707251914563, 0.22325849022494548, 0.15727632191286345, 0.4278357640326931, 0.8622931413803989, 0.655412250979326, 0.3182522045755757, 0.4991091454232459, 0.7705043823920321, 0.5489046458364096, 0.719508864612689, 0.41098991234824966, 0.1820506992546994, 0.03926135290998667, 0.0490464545188799, 0.9624028923056873, 0.23958369779173694, 0.6834598655195906, 0.7561329269724532, 0.5858687554837371, 0.516951846283854, 0.16987567748043453, 0.41786025634256274, 0.9685234263839119, 0.24776258826181918
0.72609526237526, 0.8352171111853522, 0.5963269293450082, 0.8289813958082575, 0.10652464355700653, 0.30117197915810856, 0.9473416803806111, 0.08284071338798504, 0.849447257274193, 0.27992454426515345, 0.02462763810117874, 0.057181911190141266, 0.6400732096185514, 0.8282568219237326, 0.282456580634841, 0.7338302414696285, 0.5998657919074702, 0.6110444250017442, 0.06941691843871589, 0.9226253181159357, 0.7684570503620265, 0.7950016374338693, 0.2503364539137086, 0.2135766943097428, 0.9940799761613294, 0.07810644704567449, 0.567497926580584, 0.7514250445793965, 0.7222515945485117, 0.25175933821955865
0.8799184675913541, 0.7523989826543764, 0.5968275226481967, 0.3758435395327505, 0.49098942982477434, 0.8319160182644465, 0.9687143621156759, 0.5137748373018887, 0.4062610580234912, 0.7968542133141452, 0.3614162696672827, 0.1435169313809298, 0.3210299875451913, 0.9463244517534719, 0.6591016201637556, 0.6441241883555954, 0.6360048031590528, 0.8933309189513745, 0.6467932347744264, 0.8394008939022003, 0.2759592353840099, 0.3481198898301776, 0.16867572489198512, 0.03373308057494806, 0.9469444368908231, 0.8795587873768209, 0.6312632572879885, 0.628559980671713, 0.8460507522491905, 0.44919117733029357
0.6880307603276821, 0.902226177717999, 0.7528170937451772, 0.0585190883791048, 0.6196729048156492, 0.6647256936623478, 0.9039720267361637, 0.38712279451194187, 0.4051190538810254, 0.7618174814478377, 0.566191636628554, 0.8272249991846876, 0.7989105608423278, 0.8447563194900646, 0.8762825402919755, 0.7250604174391816, 0.7910258823518862, 0.6519366437412579, 0.09273812684039096, 0.03545570509755103, 0.1400291349891728, 0.04738944125382705, 0.17448977932827692, 0.26110656849153147, 0.025566065265346216, 0.8867309824235797, 0.7331282504902119, 0.8226014058692726, 0.8975688337858813, 0.5148508936383219
0.3268220074829731, 0.6727287256292299, 0.25387850063635, 0.9883429003160266, 0.7828930271175281, 0.17178122060412593, 0.9828690350687767, 0.31687304739523636, 0.598589796456183, 0.5837064881466939, 0.87951966324082, 0.829217856158512, 0.04566155059771959, 0.027037958490513714, 0.6886279610410043, 0.3051977816865822, 0.9568724860376903, 0.2673391996992428, 0.7758169487923234, 0.6343599865199129, 0.09359763951134392, 0.4196446752763764, 0.8864545504277327, 0.18526835037570732, 0.10367610092486723, 0.6250825182606216, 0.1382961283748827, 0.9147374242657567, 0.8892917434193406, 0.2242175147543325
0.10490913567210458, 0.6147023891122527, 0.4178008279187473, 0.4279855018331732, 0.23356720379876506, 0.6631979370777012, 0.47455357089331196, 0.3524221433696264, 0.7974264032478839, 0.8164132559512174, 0.1372994526930167, 0.35249864365378536, 0.11330827547535216, 0.47498391862981815, 0.41832193675953333, 0.9815073670074493, 0.1610911827713074, 0.7243989790959113, 0.3188042580981232, 0.15948766891327093, 0.35700284779262237, 0.18625277597723144, 0.4646179132425077, 0.06014970793800545, 0.9452783961533652, 0.36380115981088545, 0.49759915299510105, 0.4189131089887188, 0.37954503231088366, 0.5862024923143192
0.6147992701781535, 0.7537069722099612, 0.7561455563688206, 0.849643666773248, 0.5025477143957876, 0.6980616966842936, 0.3943760814953794, 0.6991018506475893, 0.11494603778177581, 0.9483244390784052, 0.9484872676164455, 0.9768573844433599, 0.5005704503070597, 0.365945332571766, 0.4155946335238109, 0.5530599239927381, 0.07986416431933263, 0.3690017415603071, 0.7636555804367312, 0.6397988090978651, 0.5059469845180905, 0.789414054544571, 0.8924351026800201, 0.026303663136672872, 0.29590142599277724, 0.01235732842777848, 0.05520431343072352, 0.5424823162739882, 0.05918123336359615, 0.6316991053740151
0.4273513414259448, 0.3285866723689215, 0.30329659719446445, 0.8035164005261393, 0.6481084746813222, 0.9220157601077129, 0.183684949741036, 0.2882525817442312, 0.711848309510889, 0.18147526973099892, 0.0191408072171525, 0.891882127296931, 0.8791012728426713, 0.21838620041917156, 0.9366766490227245, 0.24630527079038256, 0.6703538013193492, 0.2468542947728336, 0.8198026949170306, 0.9974548220544805, 0.32825885077212014, 0.4336070499323853, 0.7654540713954759, 0.9331125838950151, 0.9483786981532674, 0.5850265382813081, 0.5941910437356717, 0.8024282027845385, 0.04015927946225628, 0.40178966952187034
0.1777847983066655, 0.44559572248853097, 0.5602279858066743, 0.18130951293392195, 0.5166876677750647, 0.32660844694966684, 0.42209943764964586, 0.4896793270475568, 0.08378118519320776, 0.2213876539475691, 0.05288855784747615, 0.4156871243656757, 0.4476031339466675, 0.4051981442800586, 0.7850173874729923, 0.07709685087898122, 0.6581060357028813, 0.9199111467413477, 0.20369976243372012, 0.3022569858929396, 0.5564063035503415, 0.0660005664463802, 0.7873695581049941, 0.18711114016081476, 0.27809754188701663, 0.7540122016836257, 0.8817519204478553, 0.632793274085121, 0.860181484799295, 0.33502541470902736
0.6589862564475527, 0.8682886715188988, 0.10223235450372592, 0.055434945415311576, 0.5029627160719091, 0.1077753329711657, 0.7284325859324094, 0.5046450131965301, 0.8951929799921278, 0.23639223497524064, 0.6993138284853164, 0.6228345333046167, 0.1344459189578231, 0.9902939419757937, 0.19290009309228795, 0.4263637430907635, 0.5361488678253548, 0.516036337796942, 0.6124849130458039, 0.7779948859703539, 0.6262266259408157, 0.5335624340482341, 0.2975301553994376, 0.010420097384184701, 0.16566325768109946, 0.2702634973070188, 0.21907468153501197, 0.3330373868118982, 0.8741917574531296, 0.5596430878948496
0.716866129223153, 0.5818612194874161, 0.3573676167115465, 0.22404807970555096, 0.8260185852282335, 0.4811120421223517, 0.9388392725272875, 0.6036455394961365, 0.19707005899390906, 0.36205183016803444, 0.5702236899723266, 0.8003099068796592, 0.9443643384473767, 0.5561777859588048, 0.6978154194043741, 0.9434348860052284, 0.13962228258705878, 0.4163235108414791, 0.90047313490362, 0.43655152807631936, 0.47474845087380757, 0.5673383538688468, 0.530747523964106, 0.23373089378540557, 0.7274378112995173, 0.4250887268224538, 0.1371122179085743, 0.47097121743514925, 0.967329529339317, 0.023152420280930897
0.8676538123440539, 0.24411601397055238, 0.5652947428202795, 0.3151105267322788, 0.6805771108259964, 0.4243538876986417, 0.4410351492930321, 0.7020370293997292, 0.5730597948436139, 0.2491875843378054, 0.14705677207929968, 0.7059998149775688, 0.5221455883491141, 0.3389411979449207, 0.6593800646851481, 0.31033605579606904, 0.003192747342806279, 0.9315744598270495, 0.901543063144424, 0.47304995162669905, 0.06941089739766881, 0.6449429566922619, 0.4497293725403303, 0.8255878287805629, 0.1335631660940637, 0.3994864458164611, 0.35984228492184334, 0.09311488010413782, 0.7674675095101291, 0.1153942682246667
0.5359971796364575, 0.598008803098931, 0.8098743707543448, 0.8147298448082053, 0.7214806557441912, 0.174950142639137, 0.68716827316523, 0.7396698128344961, 0.1042911354850159, 0.8134002846638502, 0.2219282412467991, 0.8163448199659967, 0.21350701420157991, 0.9039222106128606, 0.49479177365434235, 0.92862080195318, 0.41665252082735804, 0.22239067537443968, 0.7247061192129151, 0.06053845258981183, 0.1426283632489984, 0.19684329726824534, 0.17125211990169387, 0.8492696487820136, 0.3463528682404323, 0.9556139660655516, 0.7954546780951921, 0.2269760170933287, 0.125633771215946, 0.9114018845962916
0.7274918120562684, 0.3041814216523846, 0.9429082169297329, 0.1548057817694094, 0.4697472784861345, 0.5249560336680182, 0.9803998983281837, 0.5541110634290926, 0.003090043681654775, 0.7220520788449272, 0.0138975166054911, 0.8470995366093824, 0.23932546469409377, 0.8413230166865009, 0.2659946678844548, 0.6161379897430557, 0.563382335041801, 0.21702702692530984, 0.6417097681837972, 0.19141863352394894, 0.16856581864350306, 0.8674525469179717, 0.7433579055903385, 0.8410637974550127, 0.6863613195086735, 0.9900134738861642, 0.9234876279353643, 0.21587839431384104, 0.42712110971645467, 0.060332195687249346
0.9146331372442931, 0.5562360410412868, 0.3208940357647979, 0.9905917058739429, 0.6337739572416641, 0.6731100104999008, 0.3763014629219332, 0.311454493895602, 0.1338904307089711, 0.30834067322090586, 0.23919016819031025, 0.5574918929422087, 0.18992967101714864, 0.2857790752522009, 0.005240608057452745, 0.08868262259939508, 0.995928476572318, 0.13116231568117687, 0.560070224283482, 0.9243965719611317, 0.915375529497366, 0.4952546104512293, 0.47275862994519613, 0.9376599868776364, 0.7320388477714398, 0.29438755329464583, 0.2557470483094971, 0.9387610360418949, 0.10198108832454722, 0.5383437845192939
0.713862701269346, 0.6910739340490968, 0.11333436148990139, 0.8061981329313566, 0.7066804589806568, 0.4134614642074713, 0.25427269662323626, 0.39737878875276145, 0.5299245046709766, 0.2686990605702496, 0.323117306760064, 0.5961266653047602, 0.0936912291874703, 0.9079225225890113, 0.606937290994913, 0.24707228660546132, 0.0197794519749106, 0.9029711547539842, 0.7755738032911589, 0.4181273503720301, 0.5667511024851163, 0.6222357053379985, 0.008196516249832864, 0.32398495203326083, 0.15937051861885265, 0.4039458690207426, 0.21334546777013608, 0.18130553534297744, 0.7060228226677755, 0.9044617227129567
0.05590169758674868, 0.1146655195680032, 0.9150412254170127, 0.39041088004964863, 0.021824975977126182, 0.25683783959575734, 0.4319143354247018, 0.09089191195559398, 0.6424925854530967, 0.6258565999345935, 0.6949773013949453, 0.9941771097185494, 0.046178981444659595, 0.1993695310883835, 0.8383398317307507, 0.037640435922778215, 0.37383391650563813, 0.07595414201332407, 0.5685783146185296, 0.16012845991474067, 0.15444043955117492, 0.5475889169786134, 0.32404057087095883, 0.576751763142232, 0.5076208154572818, 0.6290217972008036, 0.3807959569993423, 0.35378534857650357, 0.9560217254903441, 0.04882902588701221
0.6848967778373809, 0.1288995682283669, 0.20613914905403152, 0.7219394479052657, 0.6650627384177815, 0.4417393944566512, 0.37099875817810646, 0.09006952345651009, 0.572767107093245, 0.01804422122676419, 0.2757541916320676, 0.4303959417636263, 0.7879861285021952, 0.38435718121728324, 0.3028780672571576, 0.25642723053516114, 0.851163450341387, 0.738789656182222, 0.8377637293756844, 0.3646513883594612, 0.2538440429317814, 0.30587100554793467, 0.6564955973303861, 0.9869022521065436, 0.8772475571362135, 0.8676265836473107, 0.10600702385024519, 0.40871563082815765, 0.7519283992638696, 0.4814050978359088
0.15482790411130354, 0.014878040618440669, 0.14519979579087927, 0.930536113631676, 0.40768372722175517, 0.07901677999764034, 0.10010566036252022, 0.951305592145816, 0.7993205043670717, 0.833839982703796, 0.9278833658964082, 0.25729695985095513, 0.056160923341696756, 0.3002815484483863, 0.5944249575606304, 0.6829668686250306, 0.3049044369712506, 0.9302511789530254, 0.43916748693060503, 0.8193601007119521, 0.653829522001259, 0.2403042601261841, 0.6697380390585166, 0.38745956820256, 0.4242014333543882, 0.20263173016612634, 0.998802062380309, 0.8612138281967813, 0.8850991002261843, 0.48532245812415364
0.8476147734792612, 0.3028086046957782, 0.4675099311070082, 0.18167292270480573, 0.38621773683268634, 0.5262086727368473, 0.638016506170478, 0.4173750748358155, 0.4890853362604558, 0.9460890030186102, 0.8038311951216873, 0.5236199616482012, 0.6868969497564915, 0.8452842354481048, 0.9221674629462498, 0.04265630193468617, 0.6764230314673787, 0.03834525606474537, 0.38555194579236085, 0.22894870636793085, 0.5456803416912079, 0.17218278837632395, 0.07323985277706846, 0.1415569214008402, 0.5810270648498401, 0.5513336315820981, 0.991870953928311, 0.47623891747816793, 0.6128379914212382, 0.3216219787102522
0.773093709453007, 0.4693345643403224, 0.9706753896249313, 0.4657502145416098, 0.1651530838942129, 0.7190517545361772, 0.7562040967010378, 0.12734409827308613, 0.017755761623966415, 0.11390952532418419, 0.373262589890191, 0.950328309078913, 0.9346344053846388, 0.8571770855990144, 0.6718245007955166, 0.6517776560226105, 0.49547874127007563, 0.6154985513676389, 0.5933604648126117, 0.5416104173813507, 0.001869348551289951, 0.2946508667896305, 0.002695632523229463, 0.07038023044461372, 0.20652645739572295, 0.024894896509011888, 0.026012180164654786, 0.4088411213794232, 0.5126518231175768, 0.6886637436625898
0.864347543239117, 0.6078143954200418, 0.4119356705706636, 0.794891660164884, 0.8907089372489556, 0.19950980347112945, 0.22501608213409297, 0.8134207708529982, 0.3816010095979119, 0.2715332341579073, 0.8923392552786686, 0.8974715018892714, 0.9518445834431787, 0.6658385100452426, 0.3215653761680799, 0.36295879224656824, 0.30455120042778017, 0.5347204877609663, 0.3220625987077643, 0.7237675417747857, 0.2620648539292497, 0.5619942797658593, 0.07271634603768884, 0.6333375946312033, 0.8479558812719782, 0.9704700847048795, 0.5658615196700293, 0.5762057035450177, 0.9357979001717283, 0.5129156385266644
0.3415922333798945, 0.8629695832969018, 0.5262197007482473, 0.31753415386818784, 0.8759189710174677, 0.6248729677176008, 0.6410282563055608, 0.8714155899565823, 0.09861126803633846, 0.7531873082937346, 0.0792274902857274, 0.3096668442283377, 0.7354445329020859, 0.6434462921407031, 0.6065253819595314, 0.10574338228427071, 0.34826975830036855, 0.37508160167566595, 0.6174354617175323, 0.06483177774782833, 0.6862642706446668, 0.30039812625080864, 0.35727732818388114, 0.7895381990612749, 0.861366163917847, 0.30303091350498335, 0.8541949803075166, 0.4509048879272578, 0.31250699060045006, 0.9028885194529422
0.7092585020706186, 0.787049980725745, 0.12889176661303803, 0.561745171543976, 0.44080883435073037, 0.19449138562217527, 0.9566811413261803, 0.39912415197345774, 0.5880328822935739, 0.7530939888515534, 0.08022289775144054, 0.7275182692433751, 0.4905933075018727, 0.32659543396294155, 0.6763249474748697, 0.09405147914949041, 0.5635755782193864, 0.0758002596353029, 0.03176125947876185, 0.4314616368712716, 0.9979977706385225, 0.3078031922280845, 0.12915568332033123, 0.39529451238995006, 0.8662493763327888, 0.6232110637953642, 0.9191052349549897, 0.18093914813366896, 0.934381551616575, 0.5436016508750778
0.07314675190861186, 0.16236785350046534, 0.7955891077767915, 0.6214792665536177, 0.6607826279506487, 0.8278431570933047, 0.19933703674406722, 0.12230153930428245, 0.7943939142772172, 0.44719986428750247, 0.5302634826643925, 0.9850703193584852, 0.44455856075887834, 0.3945796111859877, 0.29041785323278313, 0.4668219080698255, 0.5837556879371654, 0.17853294226685312, 0.6948859834857494, 0.6719075575062812, 0.8867282714169402, 0.6068927341425724, 0.7814541653555684, 0.3434012500016289, 0.8082129133312569, 0.09747944546588716, 0.43451484937713647, 0.13716854246036614, 0.8169422814479298, 0.548404336489634
0.6352791207176929, 0.07710523524296031, 0.5815906866749239, 0.8171349217123395, 0.7929983664104884, 0.3265769074752327, 0.45331176686527686, 0.9367886710636207, 0.7065421390590976, 0.3110395659588968, 0.2228438873659918, 0.34447502397437946, 0.2452006219187738, 0.7679548848632325, 0.9629837812923325, 0.3384621824605277, 0.3683765158855482, 0.53353532802293, 0.703510248085511, 0.6987186621123525, 0.32564765873087675, 0.8972456760597771, 0.0801612822063974, 0.1528058534044412, 0.10148948440288619, 0.38680269004255396, 0.7411586162200879, 0.2629347880903524, 0.5137062511213915, 0.2633069260321792
0.8155283030095019, 0.4156151702591676, 0.5141746803884457, 0.40381470960287413, 0.45701324476564464, 0.6520514622209278, 0.42141456516439957, 0.5983091741566783, 0.5870160212382124, 0.6296876976499746, 0.4900985379782957, 0.8267148798558884, 0.9649861516172757, 0.10188609685188232, 0.9316844297762511, 0.906628726687723, 0.4245945832987327, 0.7029718754714744, 0.010163668692738104, 0.7153120354676923, 0.3374655429981904, 0.3887482279654456, 0.2688170169211803, 0.889614394269087, 0.4048683038743781, 0.7535585286242246, 0.877323006449111, 0.8095856713127136, 0.576605305838787, 0.9948430790587179
0.06896491604611632, 0.3553482664093114, 0.2657407432660167, 0.6087469978954522, 0.4063606056785789, 0.812014120119093, 0.23077851840319152, 0.7365684124010177, 0.43755932554010357, 0.5938663162978635, 0.9273355560933846, 0.6439442374899157, 0.038428734299603806, 0.02288581946541013, 0.2675562908225785, 0.2908016730554961, 0.17725720918994314, 0.8484493888970736, 0.24171700150766062, 0.1271229033691681, 0.4457053526786827, 0.26831445180977076, 0.9742480117614923, 0.8296375908318478, 0.47855942882178104, 0.5457981098516355, 0.71707615725705, 0.09899410890347815, 0.6020618560903409, 0.5859453687863823
0.6555762848757638, 0.24382630616542544, 0.7790521546759818, 0.5249151538590039, 0.835908603404594, 0.7802168476772817, 0.6137502152473747, 0.979323550173227, 0.5187628136009955, 0.36212539423351464, 0.31591184953488116, 0.15078157614863463, 0.23965238686726953, 0.44483223007992445, 0.3327315987997649, 0.5633930785113768, 0.22760290777056968, 0.22695765998157846, 0.1324311609568375, 0.07330920497953486, 0.2711416637248638, 0.1305522091840745, 0.22451739144778493, 0.8115964811437473, 0.5584867772508773, 0.5459125966234997, 0.34080725237106735, 0.24826452025594015, 0.6033372219368964, 0.3448114174696194
0.5281690488047577, 0.9069407044596106, 0.9483566922012467, 0.3859370444269985, 0.3700960359734795, 0.18061654879549238, 0.8490677209084184, 0.2340395830122478, 0.41389878255480905, 0.823335381310354, 0.4795991320196472, 0.14890102906026592, 0.5835078730884309, 0.4022183288622184, 0.42233071665284194, 0.8800193843958636, 0.7394961823297427, 0.9313307097707294, 0.10763578727761891, 0.1756624741925068, 0.8836513399509528, 0.9860018770460356, 0.6054572614080943, 0.8049581904285872, 0.8103182082764671, 0.5265853070959793, 0.42942378211343235, 0.9629854015055272, 0.6962774511663729, 0.07242203313805684
0.15215440249217382, 0.19258518648686362, 0.4617805305771544, 0.036872740160084794, 0.39072559045303723, 0.8230029367181528, 0.9556512878568905, 0.8031037891177567, 0.2933488712453727, 0.12294819626966269, 0.4731362566410965, 0.49270953267806306, 0.45429037845610665, 0.2821757228418911, 0.6581732945942862, 0.12255630775147819, 0.8164989049968276, 0.1645151587738064, 0.9631038959356263, 0.3839227740452865, 0.21581301613741344, 0.4786961501447917, 0.3705571339746595, 0.5290903049794347, 0.9522447395804031, 0.9988986289272569, 0.16559964100611757, 0.8266905581778023, 0.7282636094885253, 0.5839050439676806
0.507786226553309, 0.06100092390347689, 0.3273361146966447, 0.05753094150108795, 0.9118773856007156, 0.6397760967435575, 0.7338199430206618, 0.811642473347799, 0.6068408905768459, 0.10134191261350012, 0.6890067422950517, 0.9498260773074076, 0.856833861401751, 0.444393493917734, 0.7988273577050498, 0.2924505367652771, 0.6018608170949109, 0.8471505676132093, 0.3885777461419896, 0.04815103030761714, 0.3716173222476322, 0.05249522227259518, 0.8084728791089685, 0.020579604016806474, 0.4509008848342182, 0.025608141637997628, 0.6011660419362425, 0.25933361338293526, 0.9381465397467856, 0.8886458536250433
0.3309683060403227, 0.1737342860420682, 0.9407335167212812, 0.8647408563822127, 0.7185780032772514, 0.368490591677083, 0.4426840961074072, 0.466593518466891, 0.5608536214264414, 0.11041775588991598, 0.05143889460637674, 0.8306148812082745, 0.5077014705835443, 0.8771216430372627, 0.36697457419992063, 0.4263847156480983, 0.002349376353925736, 0.12625557651371377, 0.7898891818704962, 0.009501479505006016, 0.5340057825676238, 0.9302531249837918, 0.014428122373977947, 0.6645207859909578, 0.2778667146725553, 0.46040612740825937, 0.248639940113479, 0.7597777110366469, 0.3355854140515703, 0.5250899884024205
0.30787754034808645, 0.8228974290675578, 0.005972855319689274, 0.18290291535409253, 0.7784652166898275, 0.2560464091929705, 0.3533293480564115, 0.5579745149643642, 0.48364820332262726, 0.21218559798215975, 0.23328775667353885, 0.4651209162810864, 0.4940759962593504, 0.8462296987009994, 0.15117481445489822, 0.11692783614105473, 0.2845605799456261, 0.8291604086946552, 0.6880174688526981, 0.9201742886344558, 0.14245443383386913, 0.2560500327330164, 0.3894322347052458, 0.6864362132087909, 0.35168260833215914, 0.6871213093241835, 0.891635064505645, 0.6753947328834087, 0.11863838277700689, 0.5774820204665011
0.7430802057165339, 0.4884541144824751, 0.6036993452957924, 0.9059103099621766, 0.7872896953745054, 0.6175879410869367, 0.8708001445058531, 0.2997271894549167, 0.23472764680937208, 0.3478105572225014, 0.674572258573231, 0.3662284444328687, 0.12213744743481825, 0.9493514055716026, 0.9441850124662207, 0.7224699718844536, 0.8842376264895033, 0.29160928008529086, 0.8038180825950115, 0.6123738486532934, 0.28325311125682895, 0.8254190588395821, 0.9166314214441929, 0.060228075711533435, 0.42014481535745174, 0.36743924786121185, 0.5626265035173597, 0.7382668089004965, 0.9803800936997146, 0.04696920486386169
0.7971029354700564, 0.45956735651204517, 0.725888777138374, 0.21054466008267037, 0.7416536163734601, 0.4633931293836181, 0.2002877351641933, 0.5572171324564855, 0.6523095681235809, 0.7075312406825949, 0.6774805518411677, 0.28571247486088536, 0.2811745829233617, 0.6392534912065051, 0.9966894010090287, 0.16341762631090195, 0.18275804359478587, 0.8786044683184905, 0.7736875914921203, 0.38295589111517936, 0.8212233617145369, 0.5441552993643676, 0.07158403255390644, 0.6557012147836707, 0.5958630626393934, 0.8892615523687478, 0.6214004846548425, 0.5945951757039312, 0.9081740590592149, 0.4478235180235114
0.6115422496737174, 0.8730211368202273, 0.6616216431753056, 0.9611850074128837, 0.13350834920033805, 0.8574018143725262, 0.813814496625004, 0.23860352039254895, 0.9411729109697238, 0.05983198307625204, 0.9380533012838419, 0.8612276606891318, 0.18594446261057473, 0.6347041926730592, 0.4216306993332143, 0.11453858480299306, 0.2021198738766733, 0.34854527904179056, 0.7446198235165015, 0.05133522658812106, 0.11296998291443949, 0.0676941346176213, 0.5775251818044326, 0.03153264494899832, 0.9264612354760935, 0.33834218224189105, 0.5392110293062561, 0.36685984786376113, 0.40737752518322656, 0.5810455570634746
0.44714628883631136, 0.1982361261206268, 0.6477077043981015, 0.21305050705359518, 0.524584895892511, 0.3988166045871674, 0.35610244375302236, 0.11623143141549008, 0.7399241669800799, 0.2022812866565168, 0.3389339954082081, 0.44298405249770334, 0.8129312084250337, 0.3745110082227142, 0.17798199594944342, 0.13992873819608598, 0.5241077027061265, 0.349636520511996, 0.1211192607590783, 0.19436821028368, 0.6319499759293803, 0.22478048439816845, 0.734024461074774, 0.5257954772197252, 0.9526330240280371, 0.29596397086088666, 0.05776386265751099, 0.09125556156673997, 0.0004975626741189343, 0.7948275303000306
0.27888955059932297, 0.954775089360297, 0.3321753925454449, 0.3828477394660411, 0.9398271710350962, 0.4881761708878426, 0.8128196292052773, 0.2853702568502122, 0.18170653031321837, 0.9344953240648256, 0.6432834715270773, 0.920309167028756, 0.46310849554500566, 0.9574766112927187, 0.9753537964311705, 0.4246229857693079, 0.24898305616788452, 0.9280407816063331, 0.2283354163209773, 0.5432266639827836, 0.8293850625952774, 0.0308683428371902, 0.7582602181220397, 0.3674248513024435, 0.39497667266428604, 0.5931870311348036, 0.7756919979619209, 0.16034273396618748, 0.36458015754095885, 0.7646501307604536
0.8076707633057166, 0.7850718817472309, 0.4953993280831607, 0.2863582441239684, 0.12952021110243273, 0.3901133768919669, 0.5623932737794219, 0.3555070273425792, 0.15566485413674624, 0.7646610037595333, 0.9981749007205732, 0.5012602877516401, 0.18356532952362326, 0.416987029670258, 0.763057421565253, 0.4302422826757629, 0.5511654129194097, 0.975027481442659, 0.7639552139474396, 0.9907071371559197, 0.24455172903582956, 0.4085111519435083, 0.2907025060160352, 0.6370469313767868, 0.2538649223712808, 0.14771412572677645, 0.39849611270766494, 0.024502623316426275, 0.6141642240328573, 0.27704399927812295
0.06979265972519144, 0.5003523056356726, 0.3249195143019703, 0.5755867169198461, 0.49188872713224874, 0.7595400874332222, 0.9459985796826261, 0.9264148745007155, 0.957888391448043, 0.7868799596775514, 0.45317541190940136, 0.56675795562894, 0.02349068924702047, 0.7698752445426221, 0.5140658983980514, 0.21253592927805165, 0.07646910356474446, 0.6205239890047285, 0.3094378622476295, 0.1100690105748382, 0.07700038557594091, 0.21584663823309302, 0.4076412164093802, 0.4729960014799398, 0.12172016684367515, 0.22186069822263044, 0.07728301512175606, 0.724202797960631, 0.21954093776284467, 0.7385941427626272
0.5971167056117456, 0.3427281560802191, 0.5300573101536322, 0.3854476684111715, 0.8372186142871433, 0.9332884572643437, 0.34644008996910614, 0.6034375014676585, 0.41260969267121594, 0.053072586411093914, 0.08358701997491369, 0.16135035465960157, 0.3420784405015047, 0.5011119769841809, 0.8344026543490968, 0.1761618484036669, 0.0033446571307108597, 0.001759855884572059, 0.9361888261911087, 0.37533318215238065, 0.5013553657629363, 0.030727119505864042, 0.7563460403907072, 0.3332531633132899, 0.2947884950719223, 0.7719703462738139, 0.7773418798358577, 0.8304891454797989, 0.1672628231501092, 0.6142216426771682
0.5109364802507911, 0.8844474113542276, 0.06606163489481198, 0.14658861926539657, 0.2511911398914216, 0.5521511322841828, 0.8902784940474835, 0.09424621028890945, 0.25790283660453295, 0.49074044651103044, 0.26644554996989855, 0.16907743168410527, 0.5907514668618729, 0.19727405891466765, 0.7589031675425565, 0.46241744238677496, 0.9164853113628247, 0.4948413941576876, 0.1803257629060112, 0.44163110270659967, 0.5579093539792789, 0.4570295523400789, 0.15748790198307516, 0.3046104792470814, 0.914675680221572, 0.04613313376598649, 0.5520885241991493, 0.9305242820626421, 0.9436796358484097, 0.75401143860275
0.4256121355839251, 0.5958134055392873, 0.8262242786890426, 0.9792459762652396, 0.14277406103300794, 0.4501965503278559, 0.7175554429196623, 0.493260411188003, 0.9536049393362959, 0.19952025006181429, 0.5670486408740595, 0.644316589474213, 0.8030793485847793, 0.2486948804505682, 0.44783639453877777, 0.3695352266720473, 0.7265579748977766, 0.08153428618817748, 0.8708886146977846, 0.16765254881468095, 0.5763018194416215, 0.7754627501033046, 0.5740551012944374, 0.8593526514408822, 0.3834088487324898, 0.5704411251191333, 0.49113915816930953, 0.6774360380203399, 0.03927389095542322, 0.8978652726200012
0.2201246706903347, 0.939289806951082, 0.6575687626930332, 0.2272055213607801, 0.025321563249964485, 0.3152688279969663, 0.7114190893465211, 0.17132894504873397, 0.610846415289899, 0.17041068906495227, 0.46597892092704785, 0.09571858636625163, 0.9300220246561077, 0.8020836900263102, 0.11688287715572954, 0.16788439667805333, 0.17032765932296912, 0.2891617235534599, 0.12176490864879741, 0.818873656041337, 0.7528158667442614, 0.5966813929711727, 0.03487525997570462, 0.22417358927772102, 0.740200061504998, 0.7641420272278302, 0.8403753607379604, 0.31170848029820886, 0.9167920740147656, 0.5899227875315712
0.11662998137628988, 0.13876535340745744, 0.25414972511066325, 0.2544915283946556, 0.9954736703533819, 0.028004615017825585, 0.7005195490423852, 0.20379151000358242, 0.9960272516640744, 0.9151925096498258, 0.7972643270952547, 0.03001350931662894, 0.05837703419053153, 0.21396469129786033, 0.21727815505307657, 0.22546901511148543, 0.824749083541043, 0.9029564220271088, 0.5699979229483985, 0.27329231255061515, 0.47662503670040657, 0.937977256865093, 0.234834444268457, 0.017696228684872417, 0.4868787910293967, 0.5562398418651596, 0.004953308255940092, 0.008372855237509746, 0.7342814676394712, 0.5832578513712378
0.43093555547746787, 0.2922107200787125, 0.4585234425366882, 0.3318492693464937, 0.7873828785586534, 0.05335446709749758, 0.8713686503120524, 0.5491529517814763, 0.6835717903460167, 0.1675279144981039, 0.42013361990619047, 0.9207776056275927, 0.4585289465995792, 0.4548774441346499, 0.06559450389946431, 0.46456503594706944, 0.25826846635786893, 0.5939650245561051, 0.8412484556362981, 0.7630575018347872, 0.4539906918773753, 0.9424029324484482, 0.09488155878885307, 0.5089579655788731, 0.8744584026846343, 0.03428355719350129, 0.2248266393268622, 0.2520508136966799, 0.5302954768853402, 0.2319810108807696
0.6152027082823829, 0.2931538331505992, 0.07386110263853485, 0.40215320163352575, 0.10243948478297205, 0.587613997478486, 0.36987788508960207, 0.0818038069950019, 0.22483984692951797, 0.2623544416143686, 0.5227011910464464, 0.8910743196339647, 0.32870820591623495, 0.972609214439432, 0.9589687400437252, 0.33645100286611584, 0.22419701886614973, 0.28564033177286186, 0.5498173948654898, 0.7528502014781057, 0.17797651278420135, 0.9772811142364235, 0.7499184252432859, 0.013693038157250426, 0.6192064167430428, 0.13572240380344358, 0.9543170284169761, 0.3022464133865461, 0.9002542137904139, 0.41087532563477003
0.2032360585258549, 0.642332676070911, 0.5598801736797927, 0.7849147508821082, 0.16758930551690376, 0.2400324625242548, 0.024845677385778142, 0.5395640739407589, 0.3021441476318303, 0.5800043110159051, 0.9380430867816099, 0.38824202870944746, 0.12895319128295568, 0.34397032431009333, 0.9681147601000354, 0.3778050434952558, 0.13107261925337754, 0.8880399983827783, 0.13855021189622396, 0.2799522573155998, 0.8859349399078031, 0.3068691388332493, 0.3835667770344763, 0.43460832215233625, 0.42307450033403204, 0.260990044019881, 0.2288488512504786, 0.8796279664627976, 0.7690153195392099, 0.5649138294148931
0.2248283259600149, 0.3091412216138717, 0.37906954428135575, 0.806880660083331, 0.47508449019194077, 0.9261999668901567, 0.18239913313781364, 0.20009373520655738, 0.39136175614424373, 0.0177814565344947, 0.35055091011381756, 0.5199851280982614, 0.18313483009018539, 0.755150504873781, 0.9251526396566545, 0.32805427370999396, 0.060809672345199184, 0.5132415476657168, 0.3664991071101228, 0.9654903368948534, 0.5715477423184435, 0.7830419992523028, 0.7449068238231534, 0.22109130066453553, 0.22265422864007645, 0.4379008336770127, 0.2060941267985994, 0.38696627318275734, 0.530347943517061, 0.40744978474559357
0.4796152971685821, 0.44627771143699346, 0.08027098827750401, 0.871647711637328, 0.4813114671280475, 0.8570833877946128, 0.8609264000721875, 0.05617088207555587, 0.9949683102153866, 0.504775211078243, 0.21365826456915826, 0.9041234332810097, 0.494944802703553, 0.4928152504739387, 0.34521537940198344, 0.6642819730824644, 0.2008808042766912, 0.6821175370535003, 0.7172646510703424, 0.1967268483817125, 0.6667905241440183, 0.589758358444421, 0.669329345948575, 0.400008261323473, 0.3165987869360305, 0.9390436913189103, 0.6167814372054177, 0.9408833104454352, 0.6832722041705419, 0.6187125134306546
0.000870161320507,0.464705418822,0.999289040456
2.2192286131,3.8955678972,6.34800003712
