$x1,$x2,$x3,$x4,$x5,$x6,$x7,$x8,$x9,$x10,$x11,$x12,$x13,$x14,$x15,$x16,$x17,$x18,$x19,$x20,$x21,$x22,$x23,$x24,$x25,$x26,$x27,$x28,$x29,$x30,>>f1,>>f2
0.14685294332032073, 0.037633480839056155, 0.6692419931558347, 0.0856705997609638, 0.833421518221621, 0.09370658524945219, 0.2377999577637968, 0.5331925900511698, 0.33937551461516713, 0.7126986261872629, 0.8184487272500368, 0.5989432951648331, 0.012584427597321146, 0.7848404538379122, 0.48594398589730536, 0.6141205329227819, 0.8589465466159455, 0.0483331068703855, 0.23089195546708463, 0.27662913034613734, 0.9424090604049629, 0.7103398216828631, 0.8262076460095109, 0.8764599376565354, 0.1269741483496334, 0.1215386170254461, 0.10652495633950265, 0.6951076142546913, 0.7660842431555199, 0.9411655099714338
0.93802165161095, 0.036180992925405775, 0.6009649438077226, 0.2415901593605556, 0.8936507959079419, 0.3208511638182229, 0.18686837005317936, 0.07306477117843646, 0.7943133095891203, 0.5144586625855171, 0.9381037071877952, 0.9007104953360466, 0.5778916015985035, 0.8462646921705287, 0.8798664613739478, 0.09715513680678445, 0.9173397344944437, 0.7570310703352952, 0.046566769216674464, 0.6887547774289068, 0.5416777208946116, 0.46877304956961396, 0.6586027323334624, 0.4440388950409937, 0.11691121426465545, 0.41440395052980705, 0.9907252680698813, 0.6456170948899639, 0.4404091792594641, 0.7932668837060886
0.24676300523835515, 0.15670370199802364, 0.23546585001080256, 0.49613840423134725, 0.8884715536495542, 0.1691109074935968, 0.47564367764831805, 0.2891688730331723, 0.4654397810691093, 0.01719412954511179, 0.6899601236588773, 0.9470250795904233, 0.5403700838816878, 0.6632687932920537, 0.4733779637334654, 0.062313930770785286, 0.7866351191896873, 0.8428313557466067, 0.7916054155669082, 0.12786042223894445, 0.7161945366007583, 0.3385998472748337, 0.13633669730422138, 0.1990256242576116, 0.5581539884188059, 0.28696534608402013, 0.13615690744809927, 0.3908128812091445, 0.4591348852059054, 0.5454440920613699
0.1656701435098089, 0.29848978060760745, 0.08773412686672444, 0.8263609622381355, 0.07394392765166569, 0.9623047159997158, 0.3765898121318685, 0.5404646920347149, 0.8511371681531206, 0.271608470296676, 0.435073805192696, 0.6186721258344644, 0.11866519461775993, 0.3503344738092622, 0.8168168132939652, 0.7771622955701687, 0.6890593014241716, 0.7170694722220313, 0.07582455705904212, 0.5253041802067544, 0.9434682844598977, 0.4475194302546228, 0.7761016478799416, 0.7446478600776203, 0.19613468854291694, 0.27620404997766723, 0.11363992899162989, 0.010107077672718678, 0.11252709029366992, 0.8824039106330844
0.5770379368721026, 0.7681534237955048, 0.22973059073418356, 0.9369708661766102, 0.7199502794892015, 0.18114757443744933, 0.5960068641438491, 0.964619406633798, 0.5230129249170544, 0.24196776657008945, 0.17874149320250066, 0.9154367935178821, 0.23925491367178442, 0.44398057943196856, 0.19988738596090727, 0.07132239267599216, 0.48507590469620765, 0.9577017348279775, 0.02878380986324136, 0.23201938781607956, 0.8193947585107757, 0.15306189405777393, 0.22654690423988677, 0.6442295155776806, 0.1561306384688126, 0.15562667700179122, 0.7471077781024029, 0.10816342294162429, 0.8569262366413185, 0.4798019083135443
0.8587817435894914, 0.4827948774878831, 0.8534481163570424, 0.6303373002539249, 0.3888155146876551, 0.41056569603596393, 0.1311701666788193, 0.47255246015537944, 0.11705338496655282, 0.439249095664871, 0.697881995505317, 0.05857669849300562, 0.3226321494378248, 0.8074842411959285, 0.39318260276526296, 0.0601866915545034, 0.14429160333484292, 0.3515718517952736, 0.7347460272042844, 0.15815399845293998, 0.6027915345103536, 0.3249963274083485, 0.4348824696318444, 0.5118662637164586, 0.4180520816134099, 0.07210947757216768, 0.4880666839986527, 0.45538375808877984, 0.28473851223416724, 0.5978421937977351
0.9358574448792586, 0.41729240531858536, 0.6327834408611333, 0.5029661152539265, 0.3313133453889653, 0.7810831456479808, 0.5395258198956884, 0.5270659674401036, 0.8281484606816103, 0.20405586610924298, 0.2080760006622434, 0.8424210154242869, 0.2614864850724772, 0.7857455668275147, 0.9612898261935254, 0.3277007588551307, 0.7198252645749923, 0.17137382360723152, 0.08148567346356639, 0.4363768413084066, 0.963340796249865, 0.4827157111986954, 0.8192864285858724, 0.8982649207841525, 0.3753132899781011, 0.11278875872597105, 0.12121184584868994, 0.9140219301888913, 0.19724866853737155, 0.14702503846687087
0.8321808399558746, 0.4195381425803485, 0.4428484197808289, 0.1513793969697309, 0.03156481447107995, 0.8443944747316563, 0.36193563447398946, 0.9820884715585833, 0.4160520689976722, 0.8395894348125369, 0.28306914412427664, 0.6327847267957658, 0.1283152888231901, 0.06855384593068614, 0.4059698190648625, 0.8705033399444959, 0.25582280790838796, 0.875925996336075, 0.2378136509158283, 0.6548663646018883, 0.853278173643381, 0.90813330255173, 0.227469277035677, 0.2115656917411578, 0.8558168699357029, 0.8386207273836973, 0.29604147767295563, 0.5083176231250087, 0.19156989484959608, 0.9709191734485848
0.09739736987248271, 0.4290604343402492, 0.986656469053426, 0.7502960510232413, 0.7736113508982684, 0.17770914469097165, 0.49413366038215434, 0.044740209643582274, 0.696147140326759, 0.014457483003034288, 0.38671422277361767, 0.989242752285534, 0.01502834798567243, 0.7339667977694629, 0.8345525634958105, 0.9039746271219561, 0.10340607412910141, 0.6067916818756933, 0.9920861800657338, 0.31613663683451443, 0.15225686713371323, 0.8688882999452111, 0.7022690430442, 0.5619012750375454, 0.8847381851486443, 0.9205708722250487, 0.3452169098685355, 0.0519354767187562, 0.705372538433497, 0.23562379718103543
0.33445600558609134, 0.200775918714035, 0.9954452382774179, 0.35208832190114125, 0.10501088117407031, 0.9830766914847692, 0.7103937404193157, 0.25552239857362624, 0.5464987979028129, 0.44014478324624073, 0.04198167603198344, 0.3107493491863055, 0.13995362505181452, 0.8318343332083825, 0.708147127814785, 0.08343288206231592, 0.6793500152045449, 0.11852023028679792, 0.9663553473926824, 0.13744229853371936, 0.7491829314590008, 0.57119308092968, 0.1040796542582697, 0.15556518891171145, 0.9338261386409599, 0.00699925013041669, 0.13402371795603418, 0.7829014876919809, 0.8606158389130253, 0.5182405922717871
0.7968493682132742, 0.7376617078320427, 0.5588054063151024, 0.8598585856676223, 0.3730917121014965, 0.1323370409735829, 0.2587182362705801, 0.34951993686803495, 0.7949749247364568, 0.7225147040821357, 0.999889981967384, 0.12322761354687617, 0.8283083750410256, 0.39521977371707195, 0.8754367105894381, 0.9869729907133883, 0.7272044029916607, 0.3475055845038071, 0.6439825613834639, 0.5832820686359128, 0.687821087509224, 0.13641554725707494, 0.7206701056148808, 0.7898328605043811, 0.3436324523699822, 0.6430891327863588, 0.9364333221511584, 0.4519332364021551, 0.474177507240226, 0.5375597687933821
0.3751253530434825, 0.031426696109370544, 0.7206971702871106, 0.9784677428433257, 0.5444111977642861, 0.7548339925046746, 0.5989968266091872, 0.4987844291225627, 0.5375070294434388, 0.1775251005676869, 0.9453525368619266, 0.20118911956829677, 0.6019935199889508, 0.282344806833395, 0.44037947370744956, 0.9197405004341346, 0.2986044954695629, 0.6062657868577019, 0.894000274642009, 0.2319927798287329, 0.8858432290577244, 0.8247581632024847, 0.023613290792933617, 0.9454239393467744, 0.3805249830711277, 0.09839298463569957, 0.7906017041851974, 0.1822935842391311, 0.6280588230670795, 0.3872660961568162
0.38385787261116555, 0.7128353718464732, 0.2097744183678707, 0.01728072192527097, 0.27325285773288877, 0.10693750538173152, 0.44977673198912405, 0.9485368860654044, 0.721886941191261, 0.17946073728604606, 0.6530930114948683, 0.7929451897490356, 0.13609476601165682, 0.43997041867601017, 0.9605824937963107, 0.2517951387775207, 0.6382913124095355, 0.4559897596222935, 0.014081823924245285, 0.8353838106255961, 0.8143636201555002, 0.8682903207160371, 0.04958158583325012, 0.23190142858249974, 0.719749363729827, 0.797877982828473, 0.47007320199290625, 0.6728035816749801, 0.41226838853479275, 0.3472523139796929
0.5629099181988774, 0.5059245564483165, 0.48391116663650424, 0.8018623776681405, 0.1371703521850074, 0.3665582834452188, 0.6977334441546734, 0.3244657027091805, 0.19110893035593313, 0.47613270624699855, 0.24505993472042764, 0.6378780320116034, 0.5941056725667417, 0.37828315674322677, 0.7062318677638589, 0.1904578128820108, 0.8902844056905993, 0.25352213294897763, 0.8825095179650498, 0.28322805212195845, 0.6750780359954108, 0.8759278523398456, 0.13944437504029672, 0.6338994801301606, 0.7962481323535082, 0.7206048777493081, 0.1279046098397436, 0.7849400433143642, 0.2888404909523665, 0.9270062477233075
0.8446957203342194, 0.1835378195484405, 0.7930747000840507, 0.5563825666051702, 0.9246575455569607, 0.011790031562112668, 0.060545960560554946, 0.6441512036140644, 0.5444637602324125, 0.57224850238703, 0.32647608356981084, 0.3205820718307767, 0.25794092883803355, 0.7309903621729356, 0.8807661119237588, 0.6520998578243785, 0.8163014647259852, 0.5110988929555886, 0.37920232013792554, 0.7328871846952294, 0.1990758330497202, 0.3953665250635525, 0.2619641566560189, 0.29905204225859494, 0.09109180648864723, 0.6803578461481466, 0.5440947517195516, 0.37795431035131277, 0.11418734939608688, 0.7498063531345143
0.9659199694524676, 0.7660549767432515, 0.8523924075447767, 0.7772381985656659, 0.6993885141571222, 0.842422958240576, 0.46030394956342346, 0.7212692964241325, 0.3233339144264834, 0.8917321763337396, 0.08473766392116233, 0.592848985061966, 0.9810837636442298, 0.15159970961040592, 0.41133114399181603, 0.49457156692579374, 0.13183377279090291, 0.9155276927179956, 0.502906783161063, 0.1353121459949761, 0.2148043787704369, 0.7288480800735511, 0.5901830558499651, 0.40165839505581946, 0.577043782582019, 0.3972807734400211, 0.3431678687187919, 0.6830256253532266, 0.92369751083946, 0.8223060812088144
0.9859510652950788, 0.7823411689619499, 0.39435952874432456, 0.44131181030084277, 0.8875805310745691, 0.936902151041928, 0.6288429265657569, 0.14904842443991495, 0.11675904625151812, 0.5275135478102658, 0.8305402417040297, 0.9805166693598104, 0.6338970739671567, 0.30770609240653746, 0.8129880016682779, 0.11285247632816042, 0.7059009404249633, 0.20389432138849206, 0.9006585703756897, 0.6437539081606027, 0.6216751390667709, 0.8366299488310395, 0.5855570059336267, 0.6272228154381347, 0.663887325562277, 0.454170792591866, 0.18259057712586724, 0.08872496714420208, 0.6312417071307256, 0.8947870643127007
0.9461560366695906, 0.09425826850486696, 0.3859078619253826, 0.346040961721672, 0.5297705270262241, 0.1396741545605692, 0.30336152009428996, 0.6357310050613868, 0.6892517923233685, 0.8495952910142787, 0.6383599469488778, 0.1504120922304305, 0.751144175197762, 0.8373116907093979, 0.5326142468904811, 0.4322262078846475, 0.18757782150443714, 0.6610978927918277, 0.5884273609814602, 0.5825585578240773, 0.6013167309906142, 0.020630039639290887, 0.10500053402901621, 0.9086503509322617, 0.9964410387886815, 0.2942252591153435, 0.5637848418656276, 0.8565561716463481, 0.9259026068267913, 0.16351352938115882
0.0027184309688241814, 0.6014211229187365, 0.17420783047853983, 0.031050578537923812, 0.7887403230974716, 0.49595887306679176, 0.14451294489812827, 0.7988352747427031, 0.9445104872274609, 0.7960461042163167, 0.30849938229781104, 0.5445033677546894, 0.9457745429802056, 0.3162333129550723, 0.45972492513975083, 0.16571135133573345, 0.9258260328667534, 0.31692372762950405, 0.48907506748216734, 0.14783582197360245, 0.8212314997856424, 0.38440308276081436, 0.1500184967215913, 0.36949350768004885, 0.7027014428008563, 0.2534441645935198, 0.3487532736459865, 0.6720310723307432, 0.4857290514809308, 0.822717056373715
0.35308925973331573, 0.7152269816240662, 0.5250213151881035, 0.557226123245182, 0.39401275282335113, 0.7005444486079393, 0.9162730933120801, 0.3841174967758503, 0.4181258911966622, 0.022744998819746454, 0.9009075983916531, 0.4651797000984428, 0.7545963258245273, 0.19322101048862728, 0.1273952806679456, 0.30382517904923856, 0.5064628446268398, 0.31044124412720464, 0.4728883632843698, 0.6881130228522716, 0.46488322697567375, 0.10026935593264608, 0.42810723201062906, 0.8493270267254762, 0.840744107276658, 0.46051852356573786, 0.5877600032438577, 0.7947369266142393, 0.14122191185679345, 0.4803921241728173
0.07057583456629302, 0.884397722608128, 0.5722852410031315, 0.166269773362148, 0.8780280549459729, 0.0769999117262562, 0.8240290630197739, 0.8781791870682669, 0.526918523235475, 0.6227013260781553, 0.8848333932236759, 0.9192269412788182, 0.8649822518299632, 0.4472626513566238, 0.25112219319402873, 0.8075744629603826, 0.7077233650583938, 0.4627199639704179, 0.4292028219099614, 0.5655547773019155, 0.9381970990420339, 0.7387841114074362, 0.9037321467364524, 0.26820544038718186, 0.29455103394332716, 0.29745162289435967, 0.9840203767102773, 0.22490961546140664, 0.972450143886965, 0.039252215674818736
0.1512363789194675, 0.39427154897927474, 0.26539243661463063, 0.8893403955117645, 0.8999620373025071, 0.36028926691894103, 0.6478048088853636, 0.5824662525889157, 0.15555157791358176, 0.9511593883320067, 0.47110356277158894, 0.37592284610507365, 0.9871044073605966, 0.1476474506321388, 0.908362235557351, 0.37946293073206405, 0.576159194097605, 0.07317014478115791, 0.808513606692602, 0.5352090794530483, 0.9768209887217804, 0.513207556618438, 0.5637252502900632, 0.5828799861637065, 0.8306396559220206, 0.41757801233667635, 0.4711514643705115, 0.1538575463279287, 0.6312612531498877, 0.9191358131933378
0.8358251088593214, 0.5930577155723381, 0.09370537030389481, 0.8135383115495791, 0.410490608132416, 0.5296918982649238, 0.18677051023071523, 0.35921495032252104, 0.80684390109777, 0.07103713650872256, 0.4137382791026123, 0.3609801231244235, 0.45948072203685053, 0.5590948581498534, 0.011119567866544222, 0.8556291263358827, 0.654174139618392, 0.22703562685317025, 0.3480390990211043, 0.2586984076711738, 0.11694993813860444, 0.43029344242763445, 0.9758595243441373, 0.4271258383951394, 0.2598079217570034, 0.3309572787849785, 0.759630239354229, 0.4395509933273364, 0.4268566316838731, 0.8774718336485614
0.6053259512385587, 0.7942637141206391, 0.1664941448792545, 0.34609387433770755, 0.4314566666771775, 0.1622645764257089, 0.5112167133548843, 0.9094968070201174, 0.0698398052889917, 0.2828254131695972, 0.38064803789786394, 0.7251173799342274, 0.6344378597444158, 0.11275062916438483, 0.9824001299995864, 0.7497227392580665, 0.07948828259193097, 0.6472483448983891, 0.22235254264717352, 0.22358604789834113, 0.8476207391778752, 0.14708213252983948, 0.6018846055875914, 0.07334862542101583, 0.2278199770757654, 0.23097316998589223, 0.18047892534764776, 0.10600012257876279, 0.5216536372767574, 0.380746926331054
0.29808324979792455, 0.0051577833047180555, 0.18464588428990802, 0.7429364391649652, 0.6268975462052162, 0.15079283890317707, 0.7400739043542491, 0.14051194920560095, 0.11364889561241465, 0.24035481187086494, 0.15051568742948596, 0.25560622678880196, 0.8765182401233328, 0.07416252656871625, 0.10920044863988143, 0.8977769669678365, 0.25444608115015566, 0.7710097202635897, 0.46373375051811627, 0.3715351606667866, 0.4409850086959545, 0.6728819372759816, 0.660236426955472, 0.11400184313838368, 0.11885886261249301, 0.09597517056572735, 0.21222540478623675, 0.2532895047307776, 0.9277953664744193, 0.09753390502196635
0.5530526810414954, 0.5928417256039197, 0.6915168011526712, 0.5163646908396996, 0.011634833962532953, 0.08050788441702883, 0.44913214616535824, 0.6890885614626526, 0.9212912481513916, 0.19310751684239214, 0.1488547760786736, 0.052683197637197976, 0.10608889187842696, 0.1226065018587792, 0.1713826483002303, 0.8414051483600563, 0.5637888514008913, 0.36814325624076205, 0.5906476818150588, 0.2502994553558121, 0.1420258731075521, 0.8812640576798636, 0.19762704113771468, 0.9685462372823024, 0.9201995492112474, 0.12477005232242011, 0.42281569220759374, 0.7005835703847982, 0.6625440438118171, 0.28455186661829546
0.47400958402954974, 0.6051814203855158, 0.0009948867466188505, 0.9143744833559705, 0.4028827231234755, 0.09562756229854863, 0.7302153393509412, 0.559464220187414, 0.35870598818955113, 0.8285705159567239, 0.5133091317689691, 0.7753319576733306, 0.8408040560609609, 0.3105548847696922, 0.749515821344405, 0.24235734119317554, 0.3846833289805516, 0.6973073253238332, 0.12728998616232046, 0.22279049546636498, 0.2178671165690108, 0.6487097713985187, 0.5867956261494164, 0.997583113828919, 0.5477693448227815, 0.01514906831165308, 0.6564544024878497, 0.6935966729416122, 0.660838647477344, 0.5959655054343808
0.47608590638785153, 0.6603841608016701, 0.6354639747369986, 0.16763631315891447, 0.21694155792366943, 0.9957882164296064, 0.38440197352038175, 0.6055818440989548, 0.8832722750099304, 0.9647043361722146, 0.5303567841611156, 0.4322007022581955, 0.6637478680180509, 0.01378147514896011, 0.1602379789770162, 0.11700409266652378, 0.044674936200673754, 0.404383434185307, 0.6874484108732615, 0.032552409907974034, 0.25139490452954283, 0.5247198268924496, 0.9463064980086179, 0.9992087415037839, 0.6823789206709986, 0.34717800951959576, 0.04377066036370658, 0.9217810868463292, 0.11563938491422798, 0.7538986287758731
0.07035998014014733, 0.3210950770495713, 0.1669169128898189, 0.46348089781420754, 0.4949092757667185, 0.679971502570683, 0.09607170915123098, 0.6718757265129531, 0.4932946778715629, 0.6227849557194339, 0.40967177386229403, 0.9828012180304515, 0.19977614809016175, 0.9608958368347055, 0.602081730318916, 0.5706244677768436, 0.8050697247721698, 0.944670658255577, 0.7636969421265566, 0.25868406922197573, 0.8470130451023438, 0.9845785451200006, 0.6410525481980696, 0.46221907608086077, 0.46846120651023093, 0.7249219766452174, 0.8259581640371872, 0.7597934410382493, 0.009924046077285698, 0.19282588819599822
0.617622799633676, 0.1776459302189205, 0.9974381885566695, 0.4487904366643263, 0.4202207443776488, 0.17174768604351964, 0.8175912346825149, 0.6397702925118884, 0.27570418776691796, 0.7571782491445203, 0.06384040654952028, 0.26754253615381896, 0.1862143379869582, 0.4475470530220125, 0.8370603279153905, 0.900987754327922, 0.4553669841825091, 0.07194200787227534, 0.1256505311857763, 0.35457627938839364, 0.5894761964947116, 0.1637715499035255, 0.6589400133857405, 0.3815006045477657, 0.482025787774804, 0.6713844590327184, 0.668374821311496, 0.42097319064290295, 0.6721604005530741, 0.11593335508948255
0.6159153938075462, 0.5567791263400756, 0.3399498215506396, 0.2194299029673411, 0.21740741484147408, 0.39878083465062053, 0.6405401612252404, 0.09962739178005853, 0.30470083915774004, 0.5529494155650083, 0.8785882694196262, 0.8344572956894295, 0.39278136243315476, 0.9410839609300802, 0.21450072207198745, 0.18894745104796073, 0.025388356436935045, 0.30519527652974776, 0.8529390878723436, 0.940409059132163, 0.5866496145871077, 0.6034173256974112, 0.784238378943215, 0.8725975436103581, 0.19529661369565732, 0.08273249846198416, 0.3412559694359576, 0.8153214297826658, 0.037064557252489694, 0.004892702470141508
0.414381380508707, 0.0699689168158667, 0.29129547799482314, 0.02750712517125209, 0.6178275105849597, 0.8102210501316017, 0.8024525760191134, 0.7487200744189095, 0.8298799685387906, 0.9633563381679418, 0.2667911757250332, 0.7920958660793955, 0.3764409457268918, 0.16177835510924954, 0.8000890497850695, 0.5639184722665267, 0.957459396037091, 0.8459292748341116, 0.6530488856663634, 0.26579598569231666, 0.43022274644664193, 0.15352745597425288, 0.5261805229054591, 0.3057686598923174, 0.5607422297049927, 0.4647899296151662, 0.5989144470597915, 0.783957461837468, 0.5851162899255408, 0.6988564427933068
0.6364239362473292, 0.4256868039339018, 0.2773895722067322, 0.5256604990817363, 0.13128035500132829, 0.4328384474709386, 0.7115547151437013, 0.5500333493841937, 0.7273466962887807, 0.3565135691627812, 0.9422076485894938, 0.06894354231242206, 0.061056701845742856, 0.4768159716205371, 0.6433705133243814, 0.29640010155748675, 0.061156609663845174, 0.4840311323912112, 0.3360305691042622, 0.1825733190647919, 0.5055407104949795, 0.10733861697405211, 0.5078155754733411, 0.645730012241052, 0.12723368545111224, 0.6331683575609495, 0.49011747241622616, 0.32076214520511814, 0.5540276141599022, 0.33073206666465216
0.6855126356059202, 0.6508785273530205, 0.5790995001035601, 0.8316367409381874, 0.6733185425122336, 0.23717656180286462, 0.8131849449589057, 0.5999274708267418, 0.018978539872322342, 0.666768590886587, 0.44200842474776003, 0.890301429325887, 0.2382526328458051, 0.8040278831494716, 0.8338388853288075, 0.1281261363398386, 0.4140755855417311, 0.19906550577207183, 0.9141427325484278, 0.7766249193657214, 0.8221414086724608, 0.16614269293924144, 0.03746766555010661, 0.8623354147448042, 0.7788395504474448, 0.7326609898500487, 0.7084329771476986, 0.2739062410791989, 0.7336204628028926, 0.40354484891437514
0.37547830844858454, 0.8995272930728607, 0.22249335473897525, 0.21401216876454032, 0.2833502426078909, 0.6850798501446287, 0.6200096471141413, 0.6642713825349724, 0.9931177633026717, 0.21438839523333164, 0.0179421845297989, 0.7433206598501068, 0.060508092604919184, 0.8601843226479188, 0.8251905914320364, 0.8302285477071415, 0.6536631187649348, 0.6192529541120532, 0.2573722143738685, 0.9130912735276884, 0.6253262249144101, 0.04428797301859666, 0.8941943700862387, 0.5842201382419016, 0.1684002996442273, 0.06493687981984253, 0.6317751832039518, 0.3358581386431241, 0.2940190483674684, 0.619808506289699
0.2281031591207069, 0.6051027628633379, 0.11223774173360557, 0.17929456098675056, 0.7720590898863536, 0.6198739713962458, 0.8703569748130943, 0.4453478326843967, 0.33950382622085984, 0.24829268591226417, 0.5204422264435224, 0.8984249634755628, 0.49650787212138414, 0.10748995723433374, 0.1728682679894883, 0.9260708129319692, 0.19324153157701374, 0.5981109460785278, 0.7347122075793678, 0.0488035051726482, 0.9486112165659716, 0.7007054055826785, 0.28821428364255575, 0.7223431798766776, 0.9462017621222346, 0.13134017127829678, 0.866860284584126, 0.7885565570099018, 0.23080652293611148, 0.6611616123264238
0.638322631680908, 0.7136431014323561, 0.9291242921097429, 0.09141494906578884, 0.7925034488252887, 0.08330614265132152, 0.6043114402548958, 0.8324191755340757, 0.09093387283994869, 0.41188936363572504, 0.33263357419597495, 0.3833021587637171, 0.9118289217411782, 0.8015310582592342, 0.35606092535086, 0.9154750171060094, 0.6742893304021937, 0.24839742381574437, 0.49074773172398234, 0.19677872453187828, 0.9326729846344993, 0.21976883883417397, 0.7702023170438799, 0.9388800132928014, 0.38003112330214717, 0.532685634478903, 0.8171278546969075, 0.6132186909656652, 0.5699537267245801, 0.05985446129062155
0.6238566662106613, 0.6662811398845138, 0.4455201974146371, 0.6977364500453527, 0.610030137476205, 0.6592149214181025, 0.13121302194473694, 0.5068934318470986, 0.07359076010964594, 0.7707550868537127, 0.5568007005414586, 0.3223629397555353, 0.8107348160788346, 0.29585252345521196, 0.6743559680898551, 0.26819232033176854, 0.6176580074056768, 0.5879291902249528, 0.457695301021959, 0.6685465060669898, 0.14775037127787838, 0.08641507073566035, 0.5225948933337597, 0.546275315157171, 0.5400941229268137, 0.8049591886125739, 0.3096084240361049, 0.01376879371652362, 0.45265456788592173, 0.5589547466392883
0.24037969707932205, 0.7497449091073795, 0.539695161163512, 0.7826017499960004, 0.19302821875034115, 0.7018855153335368, 0.8663471126321275, 0.6319677498574309, 0.16234046802117041, 0.6342933073553187, 0.9851749603334687, 0.3197162153724802, 0.010369744849003548, 0.04458088595007914, 0.8909822353238963, 0.7845417428155858, 0.7595995767963194, 0.9243572608310039, 0.1973867105290502, 0.6224432730318339, 0.09088854762075704, 0.747854138666497, 0.1111872667090078, 0.1562000732240013, 0.5474468832836396, 0.17964210613810672, 0.4840403396082841, 0.9614594947622258, 0.8864568519875785, 0.867614025508454
0.6095031784509335, 0.8019782746443379, 0.3009705608990203, 0.6370490182710674, 0.7786252440079302, 0.6725683730518095, 0.4484070759123767, 0.7312788799990607, 0.35997485499328785, 0.576776521169434, 0.6960718328134761, 0.24051909944984917, 0.6368522184351247, 0.866003639491612, 0.9278629129859819, 0.4554282621349278, 0.7091689246965955, 0.22223820976382214, 0.12090250935531177, 0.4000394296489863, 0.11411738775992875, 0.7460568060869035, 0.44819606347967633, 0.29734918285196177, 0.5976506513532013, 0.7686014075670873, 0.24853762488817277, 0.1576061358376235, 0.7970902203036312, 0.9886150994664525
0.4345999222512835, 0.5339797586979703, 0.6597465580853437, 0.516181301108831, 0.9705739963948067, 0.8710499947495243, 0.8328536360967161, 0.6942921594236849, 0.8389581904752099, 0.1701956868617871, 0.14867231311819185, 0.13055026595157693, 0.5255791207643611, 0.46231673721842526, 0.711812187091172, 0.8029264322619921, 0.36413226615768957, 0.44208727949837634, 0.2918432109088761, 0.21030699512753592, 0.7530181424543994, 0.635021906993707, 0.997097368759169, 0.8970403734160111, 0.32409395316008227, 0.5524709249173174, 0.04955381581639806, 0.5572026476780639, 0.8863347586783341, 0.32738008272456354
0.5542335828944037, 0.5741259644086698, 0.5190872577089545, 0.23473075802750887, 0.3476243462851145, 0.4937131329134423, 0.19979450158151457, 0.5602555531595536, 0.7232929892820301, 0.1990468574293236, 0.3199123611184943, 0.66756060876828, 0.31683875563394814, 0.28404787096037887, 0.6308660471968938, 0.30560762882398496, 0.9934623182596054, 0.38759918985555175, 0.9183508629336359, 0.012182288283522857, 0.8338131358134526, 0.4120521238034157, 0.42546542644827645, 0.07663375778532411, 0.737289649029745, 0.3227675631806497, 0.9840390776553237, 0.5477571473426772, 0.8658471313062457, 0.08780424143724541
0.12801429979029866, 0.14848029102137494, 0.9869308661230007, 0.08323087449307331, 0.9526415344159735, 0.45583782587525346, 0.6353084532456368, 0.022950353143882496, 0.8129819328945087, 0.44933807460830133, 0.36999621594931176, 0.6229975941316754, 0.2151824340408629, 0.03649549992425183, 0.3542087916806014, 0.8930382719525949, 0.04785992061425426, 0.3038535681939125, 0.13721451908716387, 0.7137014992832383, 0.8780633718843815, 0.37642357142614413, 0.6222506622917955, 0.6927190949780685, 0.7095146239337028, 0.49742098663875756, 0.6049023455133394, 0.1825210372839957, 0.20682121704326517, 0.2611119711509432
0.26101721887582374, 0.07210233974871927, 0.18148196533302452, 0.008409942252650904, 0.489031457318466, 0.12172337216920315, 0.6629735701229444, 0.7714705250343595, 0.3198847943285654, 0.18211786472729008, 0.006451913638238604, 0.9234135613938192, 0.4195303443291475, 0.9598329362936231, 0.5204868559692968, 0.9317264989162968, 0.42232577517716186, 0.4033203239546951, 0.7167229317504146, 0.7003839405131074, 0.8654610615230568, 0.8286379316337416, 0.3258839077353648, 0.9960407614638491, 0.9490323189367821, 0.23601728520170195, 0.370531861343533, 0.5683541355115656, 0.7339133301718614, 0.45686676670644877
0.7389237181155135, 0.28577842840701306, 0.7298483978685744, 0.7542759211152396, 0.453006667884592, 0.8060754120971716, 0.7637593782853864, 0.9240769961163018, 0.5099877672217266, 0.8941908340096186, 0.7066989260144971, 0.11925462805817644, 0.8934664464818285, 0.08714403950263472, 0.3846987498251968, 0.5995813324097813, 0.05460246388979484, 0.0018192550218879555, 0.2536638452358654, 0.5464644082376405, 0.27229363996374556, 0.4810266135140465, 0.12352129713192261, 0.02239975016583029, 0.520550269058256, 0.3756810096782395, 0.9998151558574284, 0.8140711702115023, 0.5804905571387651, 0.7376035049609916
0.18976011831936057, 0.6525998105755018, 0.5882690008106162, 0.14453089779903394, 0.023948442581976592, 0.9046705455518295, 0.4365681052621996, 0.11425945460137787, 0.9428910938761971, 0.9739282473528257, 0.12245514915291378, 0.7182778131936987, 0.8125400727788111, 0.9710847203805889, 0.24192251081612548, 0.45241523089543756, 0.10389034883159654, 0.5353907749860729, 0.7508003987063369, 0.6062773325782134, 0.4819274811919071, 0.4336272088327169, 0.06269860588349319, 0.4460938094587289, 0.7808796582455938, 0.3012066123293067, 0.8434423069902937, 0.9950001409713004, 0.07121561631187301, 0.4002157339034992
0.5515979978650489, 0.27503468449927226, 0.2727107093363882, 0.3636887898044796, 0.2043557311955183, 0.15961458850931964, 0.1949854872781459, 0.7417513355172488, 0.758321379885409, 0.9880698089065765, 0.28860867370848575, 0.132597391472134, 0.059428813279604364, 0.6682297046517092, 0.26554302927814033, 0.6370502077059411, 0.8730902734858139, 0.33080806853794387, 0.5101251220786558, 0.44343634326928527, 0.16684903850674437, 0.1979913727897572, 0.37318079910591273, 0.23646900599678777, 0.7604945352219314, 0.1212136936864392, 0.5253213048714002, 0.9518777092993279, 0.8306857439963361, 0.6512815550068978
0.35526403590896516, 0.5810377821642632, 0.1453616272275916, 0.18545470359043992, 0.5987163909363744, 0.6663648284146236, 0.1979693086878982, 0.6254113367184723, 0.00873942143790607, 0.44746491724395, 0.2910444338744351, 0.6065825729312992, 0.7275487150050336, 0.433944032444614, 0.17727729793689584, 0.6089139748107267, 0.05130978878480419, 0.7231596057823861, 0.9000450341488553, 0.28168116683555555, 0.8594901252257388, 0.460350093108136, 0.5855961108880186, 0.5080301790829924, 0.5369235529026637, 0.5538375653950571, 0.09918894689615676, 0.6627969970520264, 0.07713324089383489, 0.1603228714310554
0.1637380150018265, 0.8465475332034159, 0.21638599986923568, 0.026009270969171938, 0.49279456735722693, 0.46376304633286347, 0.8826491582306472, 0.25290237831093487, 0.05097314773935513, 0.9736548430502536, 0.6201299900640643, 0.18152058468134247, 0.4136588531463239, 0.7512507387325182, 0.7451723633585944, 0.5781071889552922, 0.14202436064200286, 0.1044675349102343, 0.46853936280053154, 0.5182473793290683, 0.6197975355536107, 0.24594902995465606, 0.852606975932547, 0.07149451926048356, 0.001259207899380499, 0.5084760208130462, 0.8835029293038701, 0.8629597020619957, 0.13495709264407585, 0.5262743891603806
0.9225569978960889, 0.3300511383299385, 0.20762147656324959, 0.4962418421388288, 0.05068014224641537, 0.36245407689267006, 0.10879418904014326, 0.4204440798485978, 0.8582400832195025, 0.4465452733845744, 0.4759093968231969, 0.20132517227207114, 0.7705841941127235, 0.2946611972824731, 0.9587955233129173, 0.9276614260188372, 0.8902720452039183, 0.1931960721485797, 0.6719049510314978, 0.9505722024064852, 0.49988090507045846, 0.21688278629635327, 0.4364058989944475, 0.5060310057003269, 0.8053685850459497, 0.7441106614538926, 0.31868658900070646, 0.5804185436378563, 0.8274407038148961, 0.7838972524936026
0.10413328962001567, 0.5095736044768702, 0.7462447785148207, 0.9481090047393022, 0.2703587131033536, 0.08390853677652332, 0.05102601497793746, 0.15670794257478693, 0.45380851259110677, 0.3054440509075288, 0.44911986815043214, 0.0770125060812733, 0.10202887540903272, 0.018724594262835126, 0.14733999693698785, 0.6032945529052077, 0.9201859109725331, 0.3174365497557132, 0.10544887921140778, 0.07060053593715176, 0.10033448333820416, 0.6645921346325143, 0.7709506553792679, 0.2234598341051165, 0.07323732098418168, 0.5660276732283742, 0.6560370350798748, 0.565188052104376, 0.3685243805684887, 0.6338827714112968
0.9035879500848432, 0.22576832714190265, 0.5834910618200402, 0.6002607846488861, 0.47751951352478217, 0.5870841017662398, 0.206983390694077, 0.34333114005906173, 0.34984233176207413, 0.44696917640777933, 0.12814184360925895, 0.9681173576894732, 0.3815731237832276, 0.6368094599197603, 0.6967333308993502, 0.19564295272888044, 0.6999535019738838, 0.7105972764112807, 0.8801543657003379, 0.8834213977750569, 0.08192761056267794, 0.9790537073001601, 0.3125985986669608, 0.8934954077533964, 0.05125345013662719, 0.7473155764620614, 0.37495039669265906, 0.5107576591178788, 0.5431125259110985, 0.8803036630980391
0.5828155286618661, 0.9850683203430751, 0.8295212795468586, 0.5660451102650438, 0.400722751751718, 0.36518151246231256, 0.21603619859867496, 0.24381106831978616, 0.3827550667100258, 0.3692073796944376, 0.7979374718498735, 0.3186436518525735, 0.5709878797880823, 0.018022490593503138, 0.03273758843640151, 0.9303456886664966, 0.4009410490768568, 0.2127441460274918, 0.8229231787498176, 0.08488359538164714, 0.8657537096660942, 0.31708523294935287, 0.05648469072215079, 0.3582512030357984, 0.9114123361457465, 0.5468637423429776, 0.12756376038130213, 0.26067770810771984, 0.35074291035131433, 0.5450928975068831
0.7783657999831615, 0.06935087582086807, 0.08244941423173557, 0.6321233305745833, 0.9209075998969978, 0.26937256695851175, 0.33720712497695793, 0.021422697365725885, 0.06165839810474216, 0.6796395480498989, 0.8094991568681476, 0.7720478942156883, 0.1783743350675956, 0.1362632416521964, 0.22925751461260924, 0.22266713168736674, 0.3725161481541759, 0.7412393451562371, 0.253340919370849, 0.298169527467655, 0.12101975256015607, 0.8546903240127468, 0.3986348438644901, 0.37084939572151554, 0.9469955987159457, 0.8124413683972188, 0.3340689474149644, 0.9768690935589609, 0.9008902326821364, 0.11851558224742553
0.7641715162590278, 0.07113363433752962, 0.3941017424939912, 0.33502469249915734, 0.09434853044251279, 0.6285832970433434, 0.9091577938375733, 0.31594195589257146, 0.5834580974091689, 0.6243215821368122, 0.9958942986673309, 0.933613182984238, 0.8895164479029825, 0.9907809635456244, 0.9708566385451524, 0.1834334942239858, 0.24854312670842738, 0.43915582704013423, 0.6659786295332283, 0.9503231525317624, 0.17164714670838954, 0.6474619049219167, 0.7617117134362781, 0.6273675767214033, 0.20416441303301247, 0.4013853230117782, 0.44281206838694864, 0.8599350242977362, 0.5359298776520212, 0.7576960502705689
0.11621612510276802, 0.5860803056717845, 0.9644257107568867, 0.22616289373100162, 0.4507497777270386, 0.529424439830794, 0.3249286373153265, 0.5190154225744348, 0.46853949386165106, 0.7295859401769389, 0.6310164852515517, 0.9438568350765126, 0.3383861505792971, 0.36500390405751715, 0.5028040781325142, 0.20170829640100363, 0.5962225373451707, 0.44834452029151783, 0.14455862158114297, 0.5062592712896072, 0.6073007142188473, 0.5779732434686233, 0.488881508663251, 0.23629457906108586, 0.4146455560609251, 0.06280016347697503, 0.7230321876241873, 0.5223104197695426, 0.743409109101348, 0.5947305935916444
0.7365796527116752, 0.8343196642323726, 0.3370700698572212, 0.748610859665608, 0.7039880693251918, 0.6848416984273344, 0.35918696130609196, 0.42331980099534083, 0.46935149880557514, 0.579737402802483, 0.043903830417209466, 0.3210420957326078, 0.551645886670686, 0.5977210729209546, 0.9518033065772685, 0.2589740728187542, 0.821487308755522, 0.5851080928443115, 0.8739543224510827, 0.7307963575580024, 0.6311940559950892, 0.605165740153482, 0.367671590436931, 0.7277384460832249, 0.33708938820703627, 0.8852287730650481, 0.9481902070314013, 0.21160601002413448, 0.32348228484979225, 0.620525454091006
0.8221673361103947, 0.6660194994281654, 0.3967776681953532, 0.4665447869560163, 0.7898177841427046, 0.724461334797903, 0.6913444153652211, 0.5222035522364187, 0.8788290096665448, 0.9963140316901117, 0.7727552141150119, 0.9275492056322161, 0.46887846499021946, 0.37492119389118805, 0.19977327781155085, 0.8062101724117867, 0.7160289093663162, 0.8800351137098236, 0.19765535793213673, 0.2192620032515824, 0.0833488266601854, 0.3308516824895569, 0.8945100816724022, 0.6422183802827319, 0.8073713805094744, 0.1552610414119011, 0.1147994296665803, 0.36830821875212927, 0.5594594774641602, 0.5601717317482405
0.3950553546629878, 0.4051083122366922, 0.6127663160144686, 0.02935695080583889, 0.3113219395666329, 0.5826654540995451, 0.7868215914078911, 0.8957177402543081, 0.2518089585932065, 0.07906471152337102, 0.9572401895018519, 0.2613924878153424, 0.07212721823997292, 0.2864806761152916, 0.9167045314323168, 0.32424533534764954, 0.056147800745269594, 0.44918909692525255, 0.4985935449860386, 0.8467860067861889, 0.9991671285958696, 0.21948110423393208, 0.8395050670350294, 0.8341571952159793, 0.655593758002649, 0.17248311607379552, 0.07384696405109592, 0.8540194235082079, 0.2460785791739012, 0.1096327065445063
0.947590136680051, 0.9019521484767187, 0.15502919268897297, 0.933028945307479, 0.19495972443846277, 0.5100551451244899, 0.7488336424067378, 0.3345106221099613, 0.5115623236670709, 0.7356420879408071, 0.771620091468173, 0.3837017095689583, 0.39114363276702935, 0.5084046225463056, 0.6479189082762932, 0.06959849172210275, 0.9818609876719284, 0.8154137339281958, 0.846083076194653, 0.5571072590564512, 0.662793660470386, 0.2519909570718808, 0.6554003329882719, 0.6412173156691051, 0.23845233233660845, 0.27576323289771343, 0.8538409077664273, 0.36390893455371887, 0.9694987107983052, 0.0663468488226947
0.8839071207693784, 0.07110541419701877, 0.3594877427372517, 0.24518513246173645, 0.09697023263956706, 0.8276129629611737, 0.005201756933836399, 0.9399758689851788, 0.12312399707377342, 0.3644192117458256, 0.8885821259747569, 0.041326592179332544, 0.03979276981725721, 0.23275975204864485, 0.7691426231465637, 0.6702358912879056, 0.00032968448105530346, 0.19198096516813856, 0.8300974560932165, 0.9764368154898295, 0.4158641865235143, 0.868790386614037, 0.538864408675298, 0.2318878246943692, 0.8453970943612064, 0.5626449379110132, 0.3218100523535917, 0.9112319798637971, 0.5476985944632015, 0.7053941888073394
0.9825824911894512, 0.2023075468756954, 0.7435326073149987, 0.4116625551407762, 0.19537522308801925, 0.8226870586302503, 0.0056509277704581695, 0.5173967994160543, 0.6502459513621002, 0.1921327106004499, 0.9557106534501946, 0.0719169891718957, 0.10566151407171942, 0.32043667259056796, 0.8972503650112511, 0.6322107465859935, 0.3667339985718955, 0.583726557575179, 0.46947424144819216, 0.7240030066966551, 0.12433007042169897, 0.11413959601928192, 0.3739845542248268, 0.6857910370001921, 0.34421872326032177, 0.7189808861624478, 0.43519181034949284, 0.6801051285680882, 0.29976414305082577, 0.5836599915427665
0.7712879953749706, 0.046295976888255264, 0.3697359512993146, 0.31012989024232307, 0.015571616289970502, 0.529851696295175, 0.7012006217108129, 0.16655366230358226, 0.9724583638735962, 0.9043949005336024, 0.9674003569846349, 0.5876989163124522, 0.728001304529187, 0.8919284372740669, 0.6165567479579841, 0.8181289861731418, 0.4156479228582832, 0.08693764071303, 0.3981183052617695, 0.42682027088476293, 0.48213450287982484, 0.7293848210502831, 0.13491708155823334, 0.18929971810128432, 0.15582111762919837, 0.11228708252429664, 0.42696352494644874, 0.7690135993011, 0.8618195025066345, 0.6526055935511962
0.12429273232105986, 0.17881059893579032, 0.4427419887294646, 0.10469657592672388, 0.4857765174062981, 0.5876603769057019, 0.41855499116912553, 0.2564200678240435, 0.5841184776532942, 0.8382128818355603, 0.8080616153986236, 0.4294837237432011, 0.8370401163314297, 0.9830947081087903, 0.5549382205046298, 0.7470040070785946, 0.2760350966157262, 0.37109644050953716, 0.637699842220451, 0.7358078589220096, 0.5119260119742621, 0.32634941682387597, 0.06943776470246932, 0.4023697308616687, 0.5142214450260433, 0.08401952536213353, 0.6742318622449628, 0.8643455100731661, 0.5275059696500667, 0.21823811529238135
0.3347827370833577, 0.41723866517370956, 0.6922476898034698, 0.11557673748893282, 0.9568950601894856, 0.9308157627403657, 0.9347044582616795, 0.7222040455304608, 0.6717149302215958, 0.6938049364923133, 0.17523941160607615, 0.9913719167999409, 0.1127117110149537, 0.5208120421271407, 0.7500962182434958, 0.3131431284809716, 0.6061777745269334, 0.9228285176195137, 0.38204718275010463, 0.6482523065163084, 0.04777697678694803, 0.2728483396833217, 0.08438452261752971, 0.4764671362949572, 0.23818855714408116, 0.719627114223356, 0.0906883807092762, 0.7375536719536537, 0.3247196767055006, 0.48398632527856633
0.03569912738849146, 0.5325816454245033, 0.6505957420097037, 0.37470330225835047, 0.8494642680792642, 0.5856380964542021, 0.2024921999627619, 0.004141891177172896, 0.12738686535989985, 0.7236681693572736, 0.43696708046658783, 0.32028213691982277, 0.39636540710716484, 0.24432997780867438, 0.3248521593128626, 0.1613788266895788, 0.4613174649556867, 0.050756570603939566, 0.9934829904254895, 0.4026759192626098, 0.6974588396620484, 0.8490484112276224, 0.28976614269761314, 0.9660401805640517, 0.005734336853889577, 0.14624758000526805, 0.22548572303313208, 0.08841487541127069, 0.3722932345311569, 0.9626107103017805
0.7967902011638434, 0.11657019633806465, 0.8343283862396823, 0.01813037598522793, 0.877166135598337, 0.005354265360808852, 0.18727176363019404, 0.20177826032541002, 0.6600228385796386, 0.08937878361577156, 0.14222189144594066, 0.931700413626812, 0.9499639188189704, 0.06969534488348783, 0.4625389311302278, 0.6073486090706083, 0.8357513904147699, 0.9966109885817435, 0.5350975442575537, 0.48426547182482427, 0.7566662762890266, 0.6491287001436497, 0.7494320542527667, 0.21534775040303977, 0.10873934550741093, 0.9884287990794727, 0.26223092878897647, 0.21937797945172532, 0.6509597951881353, 0.012521144834795161
0.26854635515586156, 0.3979249054740954, 0.9134224771644556, 0.3356096360265809, 0.5239908050496599, 0.686002357436919, 0.33392670596586427, 0.9131079383941638, 0.7434001457614514, 0.326332173179279, 0.8926192848669583, 0.3506322551071994, 0.6243135369724647, 0.7486447134403229, 0.5954737491977821, 0.7303652578808972, 0.02988551156109398, 0.6717310860267666, 0.850737283209675, 0.10550306463470871, 0.2260318995933268, 0.5127845511152838, 0.7458599698659947, 0.023385935679450465, 0.5078499334649161, 0.07818356301887697, 0.9678312184695566, 0.7989693690070432, 0.7393256076410004, 0.6344216283072106
0.4554612550699456, 0.31083737584542537, 0.2175706956528608, 0.6841249299755638, 0.2067305559089394, 0.21188540102867137, 0.9923885511144476, 0.8520913829353967, 0.327423396804538, 0.6470595472910181, 0.32458084023408484, 0.1600617397286841, 0.6000893035352071, 0.5856229535564482, 0.23973668252422065, 0.19105416580072498, 0.7393979927455266, 0.6159166899957194, 0.15438687673704665, 0.6864729452247819, 0.9650692574511239, 0.39853313810815383, 0.4896940635693484, 0.01516551078050754, 0.9656838989478925, 0.1955259347320809, 0.7190834347257743, 0.06981587739281736, 0.9621966367420212, 0.12442322759848379
0.42856211682177026, 0.3757955455205736, 0.33360207998364144, 0.4879402481483093, 0.21123012075743375, 0.8420406787726092, 0.08264289474481634, 0.488352685017876, 0.6867872321425184, 0.2872979184832404, 0.5476612991968767, 0.8593832458718162, 0.5493937091266303, 0.2915332648555993, 0.03334829863015687, 0.9329175466672182, 0.024903017097435032, 0.272837417702932, 0.008808321254707097, 0.2676625340944979, 0.3322962629644888, 0.011398065088235598, 0.7873864003364965, 0.21481258681391824, 0.18715454687615218, 0.9568591163827651, 0.11527609081446688, 0.027071471580393358, 0.22172834576433265, 0.5099395850461695
0.34141271421737085, 0.80591730497886, 0.4089762659936692, 0.01471217644122147, 0.36783984556637506, 0.7746184635295679, 0.9751396976054849, 0.042939359150075074, 0.4977344390575702, 0.6292722136418163, 0.8045627825434127, 0.46526773890720574, 0.15309419029258464, 0.922169224294136, 0.35290965638190375, 0.536471039313549, 0.5121001140701705, 0.9228285959311372, 0.023114293038392297, 0.17094986287598457, 0.4268528544439928, 0.5694261535801887, 0.6789545447404614, 0.8643584716281767, 0.5235271303043215, 0.9346579334665307, 0.03151599219561685, 0.00544501943998188, 0.5807546597536697, 0.15592561887488643
0.38301845252202626, 0.47026693374563233, 0.6800362325510491, 0.5470185604732206, 0.6923000455355398, 0.7459289338126427, 0.25838508032099594, 0.49756450498772387, 0.7169639950724618, 0.33780992383807507, 0.4521877561032297, 0.6814266358701916, 0.31841951241275657, 0.3776427533694998, 0.8203888938506981, 0.9435183891943445, 0.07391079877372475, 0.6293111021539414, 0.9960536274038443, 0.5619373326879835, 0.9552856393589794, 0.03974924276796976, 0.601488141117991, 0.05703796947209605, 0.7646750709450933, 0.595618592952702, 0.8671965551952009, 0.57257736830783, 0.5169154901500411, 0.4771462807106316
0.08983987650488745, 0.8835074641858183, 0.7373488266100556, 0.5594492231857833, 0.7639733924453893, 0.20408593664200703, 0.8243290593699972, 0.3516710749893057, 0.5756873611171375, 0.6510098210828515, 0.1641158993030809, 0.7736925098193347, 0.47766783784300715, 0.8416624639670256, 0.15616488191147337, 0.4000399092536544, 0.3098805242944489, 0.0731147439941241, 0.9045846724795545, 0.1476892892952104, 0.30288070889993624, 0.466041846801993, 0.7724582117734147, 0.35563819330086666, 0.3431345275711083, 0.7776966649050059, 0.2895544790405892, 0.5362094713013957, 0.11241052067814827, 0.6185157522263655
0.3001511576593794, 0.29352953480552435, 0.06454937149746787, 0.5252060979880836, 0.046151563315061206, 0.3543252812795088, 0.4298566141212662, 0.8916379787304142, 0.7828627927790799, 0.42711034453758623, 0.9456672533697006, 0.16558853776883276, 0.4108202818124913, 0.513264470214259, 0.17360709267619978, 0.10112254955277711, 0.1140495365424048, 0.4763037267549445, 0.263222741290168, 0.7534379933074699, 0.36908829784658015, 0.28412663348226064, 0.2084332641344424, 0.43094932366586325, 0.7822219474306157, 0.7356268947498855, 0.5896728119009669, 0.8847236108571757, 0.7207888679981216, 0.49143062908200497
0.318743673273412, 0.39272845541302437, 0.7427729645202991, 0.6360553233890123, 0.9810686840397834, 0.5012824870290329, 0.10462735270172185, 0.5354742796104855, 0.8348654319074548, 0.3500704937092235, 0.4490150642460242, 0.43252928817374325, 0.07655615692932205, 0.31253487341894626, 0.8058267614361334, 0.14243125329741513, 0.3952892085785962, 0.9945652231041138, 0.06877426923099705, 0.8906470830024167, 0.8837115371411622, 0.7407375293260571, 0.7594185680897312, 0.02128357065175912, 0.19856882535290865, 0.6457445258956809, 0.07488038625707594, 0.27151509490410664, 0.39416711168380847, 0.31006029986456884
0.2355710125723237, 0.4926412144015003, 0.41738771760608084, 0.5746536363605658, 0.7157153794536439, 0.35085486992459725, 0.331574809694517, 0.2040746052984057, 0.878391780488814, 0.4428289257598742, 0.018195787158076238, 0.18567199293885195, 0.8686752028292183, 0.22860182505688487, 0.32140726251432616, 0.21372603221887176, 0.03878813084912991, 0.1325155794512175, 0.6637791011274176, 0.8838098007750468, 0.016927578053680503, 0.16979063136613304, 0.8462967750135124, 0.12597350095267856, 0.49332216976426, 0.12508227064222155, 0.018503569650263896, 0.4396051731520001, 0.7324048068222727, 0.5524913448056364
0.7362003355562358, 0.724140633502515, 0.5983358918862107, 0.4721492194840733, 0.7612361635983528, 0.1343726903434811, 0.39897532408339564, 0.8873819652675125, 0.29549831622968703, 0.04236763869172022, 0.9647358986806446, 0.9414849297189251, 0.4149152060938187, 0.7111453585705476, 0.49481960369641265, 0.584500700933333, 0.4568756497298152, 0.3706319253018857, 0.6651594481750964, 0.27865228713720824, 0.03720420405831215, 0.8922176034198535, 0.1481494704204538, 0.12545859107623214, 0.5852842451067244, 0.002033005513129349, 0.49789781422766055, 0.6237017217268351, 0.24935958494642207, 0.7185667987772143
0.13350823922247712, 0.7608096749939579, 0.14371023596208599, 0.9182911940265931, 0.8826096820393705, 0.4759399364605895, 0.13104013166690753, 0.03410125936504815, 0.04684260868839596, 0.15910671632663798, 0.6351882394620837, 0.45093556419018666, 0.43336150362311143, 0.27980594144929916, 0.9375550127789265, 0.009275129060298481, 0.5100209773934841, 0.5259307279490257, 0.8367702655924492, 0.7217975454498294, 0.9962611885989712, 0.3342347108361192, 0.19064228929125793, 0.8044232327754683, 0.2180906402423809, 0.04917261175768939, 0.1450973746579708, 0.09237117842213838, 0.9659262866925921, 0.34200724671544014
0.6924189952201762, 0.08721381521284433, 0.6725308517673861, 0.4239823108059535, 0.40722871229196034, 0.5396340521306138, 0.2998692469941492, 0.34413504108416026, 0.9871139598118518, 0.23808597791621455, 0.4527253533954839, 0.03762090924915018, 0.4076193014146623, 0.7362610764561451, 0.09745995525764639, 0.39093861057647683, 0.30101974826562305, 0.8229818912351685, 0.2515892424070627, 0.00996356965992462, 0.7407484091095415, 0.8895520940878671, 0.07533683942019664, 0.8571462662570639, 0.5840043591604821, 0.6988441194234682, 0.5347888627383447, 0.6713605721281211, 0.44348430006871253, 0.5768145184201985
0.3077016377966141, 0.0390102279876432, 0.5559773969097948, 0.7713133814505693, 0.4446567420371167, 0.5781859272569838, 0.7201851125934801, 0.0436956628456574, 0.36689289660293545, 0.6229020581350888, 0.842604634308303, 0.5252199777086458, 0.12520445496966437, 0.6772083412149189, 0.9345172702685606, 0.25918639025630297, 0.02128315837663486, 0.6989129004197716, 0.9274365973144846, 0.8654226331950683, 0.7445163143649656, 0.25503110835134557, 0.34353336520907585, 0.3338755279843849, 0.5137510447704522, 0.775311437767873, 0.813391594656767, 0.39809953189179104, 0.2782048563212881, 0.16345744532477213
0.1847657775615369, 0.8846275088193472, 0.0868199194839423, 0.1171452452419589, 0.3966058191773333, 0.8184227641155468, 0.7220445221325318, 0.25153038901657765, 0.625045733403586, 0.47829312661151446, 0.3274100120391733, 0.3328025293765422, 0.16327099803631273, 0.3704616359157368, 0.02327338457462924, 0.010413697091620211, 0.26069447654624045, 0.9531104980467437, 0.12743402730610942, 0.7017922991081541, 0.6597355516413071, 0.968760902314084, 0.7102036516775024, 0.43207440003849484, 0.4110590501027811, 0.6794010861477029, 0.25421524159492315, 0.7762056073901438, 0.8603967787552745, 0.14087878992238922
0.8152318701428032, 0.8528160053065639, 0.7674928800351638, 0.9918630348194706, 0.41673671242786303, 0.3931644760265425, 0.6114551600503463, 0.7080889476322839, 0.4516289123524275, 0.20144699148251877, 0.3279469065425836, 0.8848602289522634, 0.3876164924684431, 0.6205681235867135, 0.890518062121402, 0.09355851993781272, 0.2893202402649042, 0.6149616927519769, 0.09956797693594155, 0.8875583479032713, 0.5748910822666569, 0.6551233786828765, 0.9629166625199844, 0.5185553344808443, 0.6070713873448279, 0.09515506097977156, 0.48754631400478154, 0.41042970213227914, 0.2106095659117848, 0.3057705579838915
0.29915752670820095, 0.07098213694548683, 0.5021407503931139, 0.1401615836669612, 0.7144169934144694, 0.28922731518417044, 0.9483561232095856, 0.9522738918783941, 0.018123049891786036, 0.2312568866314707, 0.08240932466528084, 0.6261910403079857, 0.04703808870426118, 0.9631001378023316, 0.8901775730198344, 0.6229449149169186, 0.5551490130134585, 0.017049689111332533, 0.2132907284388359, 0.6317545089034818, 0.6911139510586252, 0.5165799918793116, 0.4528616036370786, 0.08499276747531037, 0.38619425083944736, 0.13469164197547978, 0.23796585136043724, 0.38980485778657625, 0.3830718474768716, 0.7541469009462137
0.2720022844647596, 0.1602779722833939, 0.9363726276703147, 0.023173412740826738, 0.9596960240276543, 0.9330131201252135, 0.4815824361316404, 0.35667636499051947, 0.44604221969139646, 0.24799316501734237, 0.7409449583770784, 0.13888647841914958, 0.8560142723369781, 0.9282039575904647, 0.5101232990175538, 0.043021552538633046, 0.6259523568432726, 0.8274319719048732, 0.12720957556842316, 0.666292174928749, 0.8243179264158296, 0.676664217671759, 0.6206988753804811, 0.5517292635779282, 0.5687837838080982, 0.05563189818358549, 0.9231855597366447, 0.8971075072173433, 0.9702003011633081, 0.8231333489925893
0.30857537994977047, 0.46673767386232523, 0.4730101254440954, 0.621290632971999, 0.7933912365981395, 0.3628438535253279, 0.5059337871972823, 0.16430097103409136, 0.013127438240568945, 0.23872048761324527, 0.9951395367508972, 0.3535049810381462, 0.3116922661750873, 0.17264687331068607, 0.5558600859090632, 0.1964409495621101, 0.6290897846664295, 0.6223410255020047, 0.36949555233719367, 0.19362989584937373, 0.3815709362003662, 0.9383059275373128, 0.5803315213311977, 0.16048599171492994, 0.7935975677485986, 0.5460138018812735, 0.9376311734294339, 0.6024242301099132, 0.8488860336371571, 0.13619993025737598
0.4796905854533907, 0.6385866819140363, 0.09040917361798284, 0.4494097901954631, 0.3008558539898296, 0.2795527586043395, 0.8255361808943834, 0.81323831088302, 0.02525568600512329, 0.43756337373014187, 0.06557949081221215, 0.4857900316106306, 0.5514466640815154, 0.6403108222340935, 0.06603612181030072, 0.623011741099288, 0.651805916566143, 0.03287182202624528, 0.40341079721529927, 0.2688003224394562, 0.5138847292621876, 0.882578712817342, 0.8573122195004812, 0.6498702066809344, 0.5004891069037438, 0.6748405043077735, 0.23143126078731624, 0.45074875324392716, 0.6769392858631649, 0.08728416651827531
0.6605659603847958, 0.2070120093993857, 0.7023161313617354, 0.47945613722869396, 0.9435310136980141, 0.8900569467342682, 0.16030381967779173, 0.5282568132343516, 0.7144758858103445, 0.17639088980277184, 0.6907524474481518, 0.10810171515988332, 0.9259536212618263, 0.9211937955636138, 0.6214655773627249, 0.3935761319818123, 0.6563922184910116, 0.08201872023087231, 0.293699029626997, 0.8813340834657378, 0.9047814866766788, 0.8486824834618343, 0.4432697832964321, 0.5335398839873509, 0.9027576661907252, 0.6109601364108688, 0.5802398832067656, 0.7013934625559329, 0.49229825718193043, 0.8687562107971286
0.5154526906565154, 0.4854267996862349, 0.7606287768941713, 0.8104762686383405, 0.8938684460784494, 0.554127338658087, 0.6700887948761169, 0.48264818626435846, 0.41353042235917403, 0.3950141135680505, 0.478879962055339, 0.5564523287000522, 0.25599740872828014, 0.6040426209887828, 0.9451850954846981, 0.5821260913274794, 0.3688556999867163, 0.45985412741094767, 0.5520675210659952, 0.41123176043046983, 0.16618200430162644, 0.4568052834737417, 0.17379636092803652, 0.7942765654368383, 0.3236166040697077, 0.3827896776087788, 0.2775155236190855, 0.8643617935969005, 0.23779230061471657, 0.36524540569557395
0.7993414814879121, 0.07184496931722295, 0.5670804503942184, 0.7618793159241773, 0.8421109991739238, 0.9165793086369106, 0.6704540383792753, 0.6981517471926311, 0.97194536091613, 0.45465451197655815, 0.891451624734767, 0.8626655946935763, 0.022275101819511534, 0.940925334813974, 0.4742726570945799, 0.403010226886217, 0.5498845164467616, 0.34376763520426523, 0.6969310815904166, 0.8508421378409422, 0.1582160087755462, 0.28746839327176277, 0.24957860198367987, 0.605855118814302, 0.8060777231655074, 0.5320507350235787, 0.9099893973263118, 0.7804738684256095, 0.3915299086572067, 0.8287756476694266
0.2687037476017904, 0.3344390854713962, 0.1780331289985876, 0.08745275769054983, 0.007815856032333812, 0.044801066729494465, 0.34831565229421324, 0.13419157718173946, 0.07131419927327931, 0.527210160063811, 0.902380879426474, 0.7836287987972085, 0.6061382123829248, 0.8989449922375773, 0.8536547328024178, 0.18520651925990184, 0.9826462798726321, 0.8754691041646805, 0.5456067980182695, 0.9908015470997847, 0.3656460803986886, 0.3928920025423732, 0.39295603184816286, 0.8972920824111557, 0.23488657188354534, 0.028854598911359552, 0.5602213376112899, 0.21502097410384458, 0.08647962832357248, 0.47724760843855785
0.8231892636803604, 0.4224893148546729, 0.6727493897880747, 0.21847490010898685, 0.5770200388361929, 0.2781828309646506, 0.9496437916009206, 0.0674633650924914, 0.8631958421447634, 0.07230370890806515, 0.6252251514596566, 0.5896123345026207, 0.8605600231998468, 0.3696649101824808, 0.7505050841483628, 0.890877705855337, 0.32941504769694685, 0.20788140711303615, 0.20561699235071418, 0.6430965607856238, 0.4753759631378619, 0.137001131750506, 0.14704701019028166, 0.6105761667186865, 0.7581472485206616, 0.3973453219780937, 0.9929391733142715, 0.1813064493376907, 0.6628828409664069, 0.6920493339340339
0.5690095658777072, 0.4759126455335694, 0.9257718341777084, 0.2049478753563786, 0.9594981361778416, 0.4522372784012396, 0.38710690036900575, 0.7294492885383047, 0.4653891012118674, 0.8977497017405441, 0.17434697758011097, 0.27662825919338563, 0.8486727758375322, 0.13603225669137742, 0.5580202136838934, 0.35222294072217986, 0.35255452005714627, 0.49249615118689305, 0.8403397162995977, 0.8195167071659314, 0.8595404433249921, 0.8151764027878979, 0.7410330838672538, 0.9766722395162666, 0.854932096757754, 0.06711187044086675, 0.1141259868983252, 0.16639528051769237, 0.018483288375569562, 0.9055981168278316
0.000638063984693,0.501629134354,0.999183977109
1.80821504622,4.01773206098,6.23531965137
