$x1,$x2,$x3,$x4,$x5,$x6,$x7,$x8,$x9,$x10,$x11,$x12,$x13,$x14,$x15,$x16,$x17,$x18,$x19,$x20,$x21,$x22,$x23,$x24,$x25,$x26,$x27,$x28,$x29,$x30,>>f1,>>f2
0.2324144188114039, 0.44778033180977517, 0.3098899261780188, 0.680998456036, 0.6729912228389201, 0.10397586659991442, 0.8891710755025768, 0.8101865703668737, 0.9842602434375912, 0.012988147263018335, 0.734422859169532, 0.8441091759527045, 0.31173583235392777, 0.2718623717008485, 0.05085108771782609, 0.21093669702656104, 0.28911345979194525, 0.5832883817607655, 0.06141858244986764, 0.6186780554008072, 0.7915570441518062, 0.32343036153903704, 0.5400882555887726, 0.9405415425357487, 0.5363312876749339, 0.14131139839849305, 0.6662106665655504, 0.143005566741096, 0.04255481900486291, 0.6950739884255466
0.15096640756417212, 0.18260909616157028, 0.5307035993896804, 0.4480272339156136, 0.570126115621778, 0.7066142926632522, 0.40548070003267367, 0.49895545777624484, 0.7006209273033088, 0.01994375891913669, 0.2849177481987838, 0.2957425205108648, 0.780103765561528, 0.40854179400403234, 0.905546595988639, 0.5083905983074631, 0.3156227147946784, 0.8734357504678755, 0.41244021265595765, 0.944832483653736, 0.14945881921570814, 0.9666083012279154, 0.12122806580017309, 0.9302038264201506, 0.1328802484440591, 0.33125825532785613, 0.3189008228284649, 0.16299111567924163, 0.7565560431239603, 0.34534423823222204
0.9580342025491764, 0.03727739759260884, 0.06279004842371361, 0.18834206434512513, 0.3778473948425429, 0.8912252878810479, 0.5253671893374293, 0.8960906041215752, 0.3919150690545474, 0.9395256705365479, 0.10295656573808687, 0.08236234966890665, 0.6989478895566223, 0.5236201665587265, 0.8112738654811282, 0.38388193853710917, 0.44005881258362256, 0.29489352675560776, 0.16061795731572914, 0.8746793095665663, 0.8374332755055653, 0.7700594712338028, 0.9223945263384515, 0.40585411129282156, 0.3078676271622838, 0.7282342386709901, 0.8941389677706318, 0.06510928188461751, 0.019573653294842397, 0.20035810241896201
0.34422223059250723, 0.6469927659858354, 0.08166333140739179, 0.40634408739075656, 0.6179129365289514, 0.17437438954517326, 0.2879866817011536, 0.43338959016689527, 0.5535351870916032, 0.72447416916201, 0.7128138580429388, 0.37930667057081446, 0.06383031462675404, 0.6153336707410819, 0.606187369991054, 0.24579501555708527, 0.9860777915610562, 0.03960374409700862, 0.9842630834338665, 0.9169165546989958, 0.9578912218001876, 0.816073255755377, 0.14933441295689331, 0.40178968995015385, 0.14207492660921273, 0.27970540942711986, 0.4071473520642831, 0.5103266064524565, 0.4492289333347794, 0.9225126718957294
0.22175182878058586, 0.5055822676510845, 0.2130098990607734, 0.57138788423771, 0.1634986567683282, 0.8892743391140698, 0.8333919125909076, 0.8494445029683608, 0.5306766650449253, 0.9250238914758775, 0.7130311935979292, 0.5826112681711324, 0.7090772982359828, 0.08529565477057166, 0.411507657885405, 0.08558327151418188, 0.5123032236846878, 0.9196045509680826, 0.5654395704406735, 0.009453922586052377, 0.6441827506166528, 0.8190345415577337, 0.9043921956553586, 0.44403800170284, 0.2670521951086271, 0.8069134143188105, 0.02353324229658038, 0.9662170138845624, 0.39261993163607956, 0.7145210744596278
0.4608019795407875, 0.9835493095621788, 0.029830018169332173, 0.5324231045768628, 0.341126182886048, 0.022717697358076494, 0.7732094879612431, 0.4495237875841276, 0.9537937404241381, 0.9893122051118306, 0.4307408489672707, 0.5163758760145412, 0.7405067504743309, 0.4781383361808008, 0.19973360500305803, 0.8085677471654681, 0.2066637860598276, 0.24124471848117124, 0.8716743063059148, 0.5903755717470306, 0.6758256104313782, 0.5084498365794723, 0.4270764947186009, 0.5053698281056817, 0.5812163388724554, 0.09878146525460318, 0.09335926602795108, 0.8704904948173269, 0.7727327805560508, 0.05170575075774986
0.7251478932104479, 0.7714299279729421, 0.17066518968022382, 0.6170166888845506, 0.08119273529765436, 0.05269001960373065, 0.5470476742073277, 0.9019172301220302, 0.7341734041998406, 0.995630066004725, 0.5522762106571598, 0.381751593644272, 0.292046935572047, 0.10252854585261639, 0.6326130905036971, 0.627553406892714, 0.5217940781923253, 0.306776199487949, 0.6161096111653781, 0.3377050718504715, 0.5614079576372866, 0.9053970622698211, 0.1442952829545846, 0.11128685757894197, 0.1309731878893381, 0.18077827419859704, 0.8259587613944847, 0.8730520445264225, 0.21129799535995408, 0.2565435110364187
0.7326945872769897, 0.868806195151415, 0.44591413746571884, 0.48720405762439056, 0.7148408461331492, 0.8010534767724298, 0.2133822612654812, 0.3377274044083147, 0.8984260844812296, 0.7707031367752617, 0.9125636323701245, 0.21635994928241553, 0.9921244270199658, 0.6516956281970345, 0.7894018669230122, 0.09385007044836624, 0.8270259278786924, 0.16996254104352748, 0.6233946101182246, 0.12993791943348898, 0.4536216914158747, 0.8835375723138167, 0.5993009839807175, 0.8733960522033553, 0.4295094418147374, 0.8177420417499424, 0.49728234272524063, 0.8059641995983713, 0.6751032001825794, 0.9219472502982693
0.6406805696487673, 0.17448581409294395, 0.9463203429423045, 0.7817699847433964, 0.35714564948457495, 0.3337927936831425, 0.8215547296681044, 0.47708188846823807, 0.05415753545813018, 0.11662988216500825, 0.8865460341939615, 0.519896230921403, 0.6425563464346414, 0.7485935596176632, 0.1917263976152237, 0.2618111645957599, 0.5918808337580506, 0.47644497192462554, 0.6331872164162681, 0.7038692666710089, 0.5451818633811624, 0.17229602626074814, 0.17189878254239743, 0.005626012738927932, 0.11033850425906977, 0.48485704854265976, 0.0053294771050717005, 0.6710407783226027, 0.5812077967885247, 0.040588445961415864
0.4507935804716352, 0.037296017865971254, 0.28739732552873487, 0.2496407983293426, 0.6723117244308222, 0.6164413820962055, 0.7474236766617601, 0.0725506724942917, 0.49061382667347075, 0.21900014634806497, 0.5655917502203844, 0.9641735196650207, 0.7341515916865888, 0.055323559494170005, 0.6863855215835054, 0.12203576616879841, 0.8068708781989069, 0.0028903701615594635, 0.07195231605960739, 0.2133074781677582, 0.2717548365957011, 0.9325477938438772, 0.06258645087616965, 0.949117615242005, 0.8679811748423768, 0.7766214320888742, 0.19305403472704996, 0.22845238563680736, 0.6429011591470039, 0.6695418104503738
0.8525441200083199, 0.6244816768136654, 0.5640382587950886, 0.38174542070778694, 0.3843067286970656, 0.3491399147519423, 0.2931432462211939, 0.19822478881309935, 0.1296595673666292, 0.8833038188234382, 0.28401368946892436, 0.10242313272855119, 0.6607264645550138, 0.18337625157658366, 0.9206665603093569, 0.1818276727083179, 0.16911625096327654, 0.5646297489747374, 0.3289245304873206, 0.7871200826351851, 0.7785717228106301, 0.46604098889469436, 0.6760315064521273, 0.30069089866128296, 0.19881637622810877, 0.6911019360609366, 0.7606690680146196, 0.02907276741864695, 0.9327421016335096, 0.26918357895817957
0.5682294243022852, 0.4967139657938501, 0.42308241232288846, 0.7264502364803164, 0.8083286291789487, 0.569131898319486, 0.10472624335157632, 0.2546926803047068, 0.009889684575851154, 0.11598528129477481, 0.2126133310442483, 0.9709761307605579, 0.926273913083198, 0.7180352120084066, 0.08219164128250855, 0.295919337936982, 0.1724681939442625, 0.003210815619062113, 0.3953081985174073, 0.38627038025399263, 0.12678267978895363, 0.9371115464912582, 0.9608423990959443, 0.5525455383332012, 0.5005323259639035, 0.43429786415416294, 0.5731571732906088, 0.9572836559665898, 0.6141994216404194, 0.6454446171211913
0.976757133176024, 0.16799334086892947, 0.7068953773530307, 0.5448858277515137, 0.30806998193797586, 0.4060729376488288, 0.43592364624220714, 0.4977867215026083, 0.9453641257464788, 0.5504243763616997, 0.16145714933262523, 0.6128111685080947, 0.9838425973522822, 0.5723375434352509, 0.28121387714219725, 0.41073053913605384, 0.8936220246294989, 0.20328830960392497, 0.25765884673542316, 0.8128530457445349, 0.553589260858038, 0.8616030953047925, 0.5808866714179953, 0.38994902661336894, 0.09638671758690565, 0.36967406822547844, 0.8880743444134707, 0.6282446523646131, 0.3298906271747998, 0.6065936810940927
0.6094076443656324, 0.18289509313653785, 0.6731706819690929, 0.4651511885414503, 0.7441036931433785, 0.11069450470091913, 0.8978769930109716, 0.0006189208690449144, 0.3580049453424585, 0.1673282467803916, 0.008074603938949432, 0.9349586326857303, 0.31196964326374177, 0.8429499637429293, 0.30028947244494963, 0.9830268378914453, 0.6164736204066249, 0.36986947035661477, 0.8197113364257521, 0.3506396196372683, 0.40318540147281334, 0.1435408215888595, 0.9505194843441918, 0.39430237808141755, 0.5871992070559171, 0.8714335336570214, 0.29227469694664954, 0.7834874140943873, 0.6799409743898104, 0.4579938218429416
0.5650224873030351, 0.353948024461226, 0.723440477176987, 0.9833265955101514, 0.5733682145318996, 0.2648885214987524, 0.4122830286180036, 0.4816475870560578, 0.6206758854797867, 0.014108777770546865, 0.3392079479206255, 0.06462553800302573, 0.04245368453056553, 0.6665054626671759, 0.1924039529172844, 0.2889721630900689, 0.8973344805548362, 0.8829996798172861, 0.6898168975721886, 0.9591084485838377, 0.00014602445898059813, 0.5655906384122371, 0.23729421038286436, 0.6075013051758017, 0.34601189827930956, 0.32472349216248264, 0.49004755550380963, 0.08970875260854305, 0.7747674337488443, 0.0182464419251942
0.570655739575077, 0.9529861640020695, 0.1280003557838677, 0.981479500530448, 0.2509123401282106, 0.4556456056062461, 0.7568669885047754, 0.31178585611462273, 0.031889673149238185, 0.3133932678330521, 0.04000629611055295, 0.17008562130208604, 0.533348056278879, 0.18648139340373615, 0.5817585063676215, 0.24804473277231665, 0.6374436269869599, 0.9413306468695589, 0.02639719387247408, 0.10772313819727108, 0.9868609749968346, 0.05073917483693535, 0.9952782520347586, 0.16175591490401175, 0.6361947806663238, 0.4595224502701667, 0.6909866228336817, 0.12921638342619768, 0.4359009254252554, 0.7284432299556017
0.6698753358352686, 0.654865467018295, 0.37209007275029615, 0.9019263038466679, 0.6249643281078145, 0.5629596575697394, 0.42724226389398645, 0.41655147873962617, 0.7110330307590944, 0.5383396129014847, 0.5907874538261889, 0.9300799848013732, 0.5561080515723877, 0.35431479988139236, 0.7583185902219517, 0.8547388822877144, 0.24741649144185673, 0.4500996451348557, 0.6118107550684867, 0.5943198787354904, 0.28239144272401884, 0.3881245175201137, 0.18356026617193344, 0.0242918780589626, 0.39163407561168073, 0.7775829546680276, 0.31562159684906566, 0.6906899031336583, 0.16514183975032426, 0.6496042076980235
0.8262394683906592, 0.7968324544046187, 0.9587136358838465, 0.11356998236002513, 0.7510554179568936, 0.8661733318169664, 0.13683567743298086, 0.7673949503492804, 0.4852538918408116, 0.3233580161038683, 0.3739195344729629, 0.4510300485361529, 0.7517507412564418, 0.8093128825842337, 0.8569842422237226, 0.3880504108646865, 0.26129931444403387, 0.36781159038661737, 0.18863552663073047, 0.936957386742699, 0.7299510766868742, 0.5593744753564579, 0.780389797743881, 0.9483547040610466, 0.5033646425574578, 0.24769081357614686, 0.6525873808393327, 0.24535882933405428, 0.14780926356704782, 0.9708112143137365
0.875631795052678, 0.5744012752073805, 0.9449224305858004, 0.7615322760932978, 0.42081649919732567, 0.496115041688038, 0.6057532425414976, 0.38449566204399277, 0.9154995742899323, 0.6003161766338988, 0.5768190738360371, 0.5918475572438692, 0.7902462723899573, 0.17823006280221965, 0.32797095928889264, 0.4346504058173535, 0.14508783870717723, 0.9874806625967983, 0.37902208623487066, 0.2015687674060901, 0.580678003476014, 0.5571002904601484, 0.7868035001463296, 0.7095865099380811, 0.48664583309573384, 0.8928272030812353, 0.656033431819763, 0.3555177631448385, 0.6256269923355667, 0.1645334297108315
0.8508965614472818, 0.8167432724428643, 0.06951753485695478, 0.5111411430357113, 0.8095639765565577, 0.8453450058510049, 0.014770778988705602, 0.5976671418518409, 0.41346376009840013, 0.5567600967527824, 0.8400066239979045, 0.9965985086915924, 0.9956207167647468, 0.7969904496131704, 0.5550845817948546, 0.0419314011711488, 0.250645355715725, 0.05060266038417727, 0.6555711464534337, 0.7439341027019939, 0.27565442748884617, 0.5961703385982586, 0.9780231733600989, 0.7666115621768705, 0.5276840835032665, 0.8491536854159419, 0.38118178533964353, 0.46122010341401065, 0.3855322412787663, 0.05579483350940195
0.485702985116121, 0.4099193921464829, 0.22445229900153496, 0.5348799575152505, 0.3648823269759791, 0.829145355639176, 0.6486189910858596, 0.5425551180013006, 0.5001748684778183, 0.9010158388045866, 0.5015055244158962, 0.8857439269772405, 0.2531747783462407, 0.592826897362102, 0.3046285897169506, 0.8202543435668211, 0.814497128046683, 0.7153480329436517, 0.5936701306356982, 0.9785266968357557, 0.9933885339659251, 0.48193124428672107, 0.9897933454026508, 0.5424529368439347, 0.48217716020708223, 0.5547787748380965, 0.23682006201698946, 0.6204686134192446, 0.6839699778162347, 0.6705510711814867
0.14607446181573758, 0.7011412278965907, 0.3153701840951523, 0.5663563415103465, 0.9908343859739512, 0.5124919006703776, 0.2619770673701408, 0.73693820628539, 0.5059712853047345, 0.8767724323647023, 0.8332587136034506, 0.9506706374890593, 0.5717792811444976, 0.36606354205155556, 0.9909805330757464, 0.3466757645555112, 0.6393880644279534, 0.27398181160858104, 0.5834052774306897, 0.49961410767508263, 0.2674369351973561, 0.7319131534115925, 0.7956400524542487, 0.3882155896652193, 0.37747287116276884, 0.08472793030958936, 0.3234790271615898, 0.4560432023072605, 0.7998443777271744, 0.4225280043315459
0.4965297962665366, 0.025665671007184754, 0.4643837114108029, 0.24961652979764304, 0.9984850612742927, 0.08299053821317426, 0.2339833673626761, 0.7217411702627349, 0.3544098742798756, 0.2506024469589726, 0.3862190832812228, 0.8398437072916555, 0.9341401651023511, 0.6376419831798874, 0.08710187397783364, 0.366926492625298, 0.48399983603831587, 0.38139080142748527, 0.14099975844736756, 0.8985943357284434, 0.6504402715131773, 0.30714001190994644, 0.40106482604395655, 0.1162240532407286, 0.1811254946278994, 0.9351964226747117, 0.8349712869918456, 0.5189248310911618, 0.17616937991818915, 0.8402731614783966
0.2146221895893069, 0.26833194417604, 0.6995140160233664, 0.3296454358411708, 0.10274542432395317, 0.6100249718202476, 0.8587567301196769, 0.9766434335145785, 0.16469004030492185, 0.11744723748826025, 0.22630479309314444, 0.8049450738538578, 0.31352122532373494, 0.009289747422621453, 0.9580011269149094, 0.7688530163476365, 0.11039945735282408, 0.5141790125964775, 0.03420412636844339, 0.09790520126011859, 0.33798316972645026, 0.6864866030603282, 0.8891942846585874, 0.24837919142238163, 0.08854085462878825, 0.24309175155841412, 0.8787731036226896, 0.4372536945473525, 0.030712124729549872, 0.8837981678595437
0.7689718908331759, 0.9138294788385186, 0.5978077743396364, 0.690835994475478, 0.2938795190262956, 0.0016914508183403232, 0.5368495394453845, 0.6527691232234667, 0.7824757060438896, 0.6561328066791356, 0.5063249651832874, 0.8463771011358148, 0.04884505557769858, 0.34437981363904124, 0.19770045138619874, 0.28940586111800404, 0.1763114655871696, 0.9017056130796953, 0.8563204771921771, 0.9069314026018671, 0.7145987474170257, 0.820748730950671, 0.5954428603514952, 0.6055931486861119, 0.08428883752675831, 0.6094787519668567, 0.33118135018192196, 0.30828041639475134, 0.4353406184039468, 0.938808043268151
0.3112450717852717, 0.9101722966160883, 0.04916185523285721, 0.8668851090273284, 0.6051462779671921, 0.6680082382504053, 0.6777000794039515, 0.1621934707896825, 0.6509940502646724, 0.04783820873162081, 0.09271157883906589, 0.6681478374264305, 0.6536546929536249, 0.5722219833580084, 0.7905302662666229, 0.733684271006247, 0.9837166488214422, 0.7430279258592295, 0.6791612300662145, 0.4094596594983476, 0.483685301354706, 0.41179695552537776, 0.634848576283614, 0.03175359103471287, 0.3425862476227637, 0.5025143303725425, 0.9616758815053028, 0.5354719677447967, 0.6940906869625864, 0.34488134967325645
0.46346389061622817, 0.9267576441411615, 0.5791117327630999, 0.9569911232866286, 0.8232272132392927, 0.4777751253305371, 0.3434615698178073, 0.8506844997639135, 0.030517307674421734, 0.31084795688228783, 0.2723704690985217, 0.40868515753273016, 0.08668946468831507, 0.16199154592165566, 0.31977846983811875, 0.38475933158020525, 0.344118784152025, 0.7574068262951197, 0.6748800682933447, 0.2614120557275096, 0.7412370585733759, 0.9076826597417912, 0.43979714600429387, 0.6870190521459163, 0.10863655942908557, 0.8783315058557483, 0.7973737744549986, 0.24636167744982362, 0.6178713361389734, 0.5027541270240283
0.9349899363938657, 0.3546148021326069, 0.17547223689929736, 0.63156182963765, 0.30479445955399376, 0.3879894610692822, 0.43535339834338915, 0.8519604130793446, 0.7034236530968888, 0.5039620216330637, 0.2357093609963734, 0.8492671798137993, 0.849794242882262, 0.6015945043255797, 0.3287284200229601, 0.12148807237549475, 0.41803374458672315, 0.05917084301517017, 0.5780043611476854, 0.47439568550312927, 0.24715095505568152, 0.2560509664994771, 0.264844732063251, 0.7182278083326934, 0.5150052341137951, 0.2866783799674083, 0.8448013222484306, 0.9569564626966097, 0.7652995862481639, 0.8527976444355286
0.8262411029432405, 0.0076962393932664686, 0.3929769011619607, 0.5095384228087553, 0.9685261078854032, 0.4400072803718058, 0.9802783330242509, 0.854011346421815, 0.1034115209748927, 0.06065836683761072, 0.04755376262060107, 0.7771207280388629, 0.7992631391379815, 0.8176228332807169, 0.44764012662700403, 0.1849555136625255, 0.14981388205038393, 0.6114506524162, 0.06220924183287746, 0.10639453195796955, 0.45489491964479123, 0.30218240371429494, 0.5268940596553575, 0.5595039415157986, 0.42559079269418765, 0.5858233218976091, 0.6857557801950477, 0.03913076761508827, 0.019918075656489842, 0.5452460198226253
0.9121348021249649, 0.9039687952288812, 0.2593752707159729, 0.25976550176416857, 0.16588271825678624, 0.2565155562040039, 0.08514468020796595, 0.5630718765529191, 0.9852782446101769, 0.6478531732375207, 0.7802618516085932, 0.6207213985524169, 0.4125829578359419, 0.21643567539988073, 0.13086016453464244, 0.46393666425030133, 0.9815459624589016, 0.4705748069547422, 0.8090714267057603, 0.38245102152743227, 0.3738105738159475, 0.1023958601823356, 0.5967967501321741, 0.07295742092409996, 0.6286660691762698, 0.4784680226887633, 0.6962816498722278, 0.49942652475675886, 0.11102822146522917, 0.42466318946919546
0.6569359297736439, 0.24366661723794092, 0.5279023804768999, 0.253887537889933, 0.5459195246988754, 0.7656471018558161, 0.15244393050519, 0.1728784666136075, 0.7787312919148418, 0.6987917648075874, 0.8319737304614259, 0.0501821998405475, 0.2928296606004094, 0.5427747711277723, 0.534100180539193, 0.21999898712079213, 0.44882223014674305, 0.473799326985163, 0.7517727816780371, 0.9517963610799758, 0.8993630483331801, 0.590467956785979, 0.04079743940826075, 0.4799020598968501, 0.36578704546544183, 0.1884432878185086, 0.5209409643302753, 0.11110233677600845, 0.16392190026619013, 0.7864801431935075
0.253291411630702, 0.40658064435289976, 0.780290128911781, 0.21276462888959946, 0.12511984534644072, 0.4600005019347937, 0.4481956656028566, 0.6420062486281036, 0.3251255228071548, 0.3148272485269994, 0.9169558156451522, 0.17852114837806288, 0.1683831420067855, 0.8798599307451581, 0.00983972335209049, 0.46259223778042635, 0.002562468669576101, 0.276528406036356, 0.8899100370618075, 0.21893750117158461, 0.7591272842714748, 0.6598370181535003, 0.5361052827132247, 0.9975654448686259, 0.14562497619616221, 0.22972840376680514, 0.9555916834458316, 0.9907869220723434, 0.46469451358657365, 0.0744637142808856
0.37325875812485376, 0.37983584867147724, 0.6880323981308285, 0.47256497737118774, 0.36814388923374, 0.21711687731830587, 0.874450602642093, 0.4944133913024621, 0.9052357277333144, 0.8277817814436831, 0.6636763618531998, 0.27309150226502654, 0.652365938017973, 0.8668341545615083, 0.7022920016210106, 0.6562988809409904, 0.8677718361650999, 0.7881105747573859, 0.7490165783599284, 0.5836623053620997, 0.9197971848435191, 0.18168164413157206, 0.9720405415790856, 0.11884745444700628, 0.04917721124130925, 0.8521894822514516, 0.4265387510799141, 0.25173220060416823, 0.1276436733224, 0.3366659951683002
0.5244457320456507, 0.7449017938049391, 0.6565256935085191, 0.058837191450051285, 0.22741550191059223, 0.3649325324264746, 0.5370640649469454, 0.5230716244375759, 0.20676717983615156, 0.0649237993118047, 0.526477948714525, 0.6733813904261705, 0.13400571682797047, 0.7452260427348985, 0.1589902147048592, 0.8413443700901909, 0.6629889040016779, 0.23857036635835083, 0.6058480277316463, 0.3342808816543219, 0.0919727717650719, 0.7812528820081478, 0.5957702994546534, 0.7197057650905819, 0.954180817566079, 0.36733035278251536, 0.20735799516662556, 0.5360420846211778, 0.6741292266565446, 0.35584065476044946
0.39367989873371534, 0.1173706274528663, 0.24738700368842093, 0.09661853071523085, 0.25424577363690415, 0.8842301270049449, 0.022156429838284697, 0.38227788316355993, 0.7736941368935936, 0.4234248667168643, 0.4873677501199819, 0.10606610195060906, 0.08979162602982815, 0.26482811342684665, 0.6216344335046659, 0.5535478201545317, 0.7849639279794706, 0.41969376998989627, 0.25617406612135396, 0.3821193246135616, 0.7845561747042287, 0.7386302874616459, 0.8489371310739982, 0.8795810238302199, 0.9280015060779505, 0.32471788905214694, 0.42335290776305934, 0.46164206521263695, 0.5451236264327263, 0.5299313651373192
0.8456921255545063, 0.21256110035714348, 0.6717266009577263, 0.9524457414419597, 0.16031290110808694, 0.5416228523149994, 0.4568709191142466, 0.4683151399713149, 0.32195069111059105, 0.08822861159810302, 0.9014711063605352, 0.6485344836251229, 0.426553069919547, 0.9211326646245879, 0.48988413748058357, 0.8191328355013389, 0.3277222594726751, 0.8429314511065492, 0.609375244227103, 0.784502334079934, 0.7896014347656332, 0.23885567598295498, 0.37059781674169257, 0.1544939376265314, 0.19845039071778392, 0.5139271955896997, 0.6594885250457148, 0.02769552628833094, 0.46643624215935653, 0.4526857056916319
0.32338905214356606, 0.1389343433400212, 0.619956720349753, 0.3677307949319937, 0.9542640196471031, 0.24707793691808844, 0.9283992921850666, 0.028689293732826027, 0.3581265026086282, 0.7374562636543734, 0.546005242324382, 0.9528548471891461, 0.15506479160226316, 0.5268838292348689, 0.5090417722408892, 0.5428094577955452, 0.2338973130590022, 0.07181108137375014, 0.5406181369442605, 0.5823862743499789, 0.28043730554592505, 0.8442790409599413, 0.6405252796493212, 0.9061444490149011, 0.23117633731709586, 0.7797995663100413, 0.6591496657407558, 0.1866530662560444, 0.8570257409266995, 0.4786439600434036
0.30676299273782204, 0.5252101062195446, 0.3645438767214343, 0.6094665003332274, 0.2718678333025909, 0.46782952381631704, 0.4396936607437709, 0.1706590533885335, 0.6767307011587349, 0.9243143717282502, 0.6006831005762531, 0.6054745655637048, 0.4552190499992902, 0.7418091505368537, 0.7152787913093617, 0.7715434710241097, 0.8868522517520007, 0.22438584245659943, 0.5886951486610426, 0.027040411420784727, 0.9198912590715564, 0.9571316132221861, 0.5964231603205011, 0.4376772195886026, 0.9666744512973086, 0.6255514827444255, 0.5380514763466893, 0.14689267834780007, 0.7225363779755726, 0.9717203486562626
0.029969053275044844, 0.7563015127955194, 0.6500440032125507, 0.49214584263880023, 0.5181610168756539, 0.3653586334690807, 0.9080499712025905, 0.4647217763450934, 0.6661796488143634, 0.5803030529726781, 0.8588755175101597, 0.45566044066853273, 0.4105538113840257, 0.7909837134575602, 0.37094446799304637, 0.338477971860642, 0.36540455675235084, 0.7296544502865928, 0.36199338992370755, 0.44677514406728547, 0.40659123133525377, 0.16752514968536225, 0.9371182705639985, 0.3223527252738011, 0.530681041178978, 0.9164398528735458, 0.15877070772392776, 0.6821805951515865, 0.8954914092396487, 0.2269105686112899
0.9348274904156415, 0.72714101935559, 0.10380378891884146, 0.40438760739001267, 0.3306750519133188, 0.6232203712952352, 0.08897571374981073, 0.3378013860671638, 0.9793560080384148, 0.4427997409018172, 0.030020693673095566, 0.48927452266914206, 0.13189534624383914, 0.4198588256702358, 0.4289492387738273, 0.9716898211050767, 0.8533693240521365, 0.32053874853021047, 0.3366047838581032, 0.9718643225631629, 0.11417545385329708, 0.7747973028061952, 0.2032944929942937, 0.4765244721575681, 0.20076687276371097, 0.15471400236813415, 0.33399162212274447, 0.8018953232339213, 0.6575405191782905, 0.9799076211931739
0.9707101018629556, 0.18269169986553446, 0.08865955444505713, 0.6879597386769924, 0.31496032930716034, 0.2841835073447029, 0.6824381143162758, 0.19438771503940333, 0.5774271630601984, 0.13677649124360947, 0.3067176550340599, 0.24875305547743354, 0.5908476438243322, 0.9552360193932383, 0.048095267148341336, 0.03669655157371343, 0.9101087631066503, 0.004504285930508778, 0.923201263924711, 0.08962163767233455, 0.6997253823018953, 0.35420821901022004, 0.47531582000865724, 0.08535992545350257, 0.24226594769607168, 0.5493608079680277, 0.6753165558957491, 0.022190439024300512, 0.8599703347975556, 0.690734106617147
0.7656190321649261, 0.9571674955918538, 0.9042548516817076, 0.008506490074648432, 0.13163215202895073, 0.0356402679689829, 0.03482542195656768, 0.9066462720141505, 0.15282544333041226, 0.2029179400365544, 0.17259295863056767, 0.9851802179707362, 0.7952240884774812, 0.5646009085174919, 0.19616867060267906, 0.49074623334151046, 0.31887515117499043, 0.9322384117009579, 0.7335826476338215, 0.8570615630320086, 0.00406899351430734, 0.8679667716862056, 0.2933520879550381, 0.6385802697339306, 0.13880273103105523, 0.7349027132708565, 0.6681979988303937, 0.29036987562218575, 0.057347174517858646, 0.7557528537028639
0.5488281693907021, 0.0863734574673437, 0.7673539118401482, 0.4227987541242574, 0.5943630659752135, 0.4259732755433523, 0.8697391724266633, 0.7718444653949659, 0.2874418442190796, 0.6232608392311295, 0.9760366850556432, 0.4663990944777716, 0.7492438468600079, 0.11641504340981912, 0.8768103332606475, 0.9215048145869789, 0.7166419587519589, 0.1563400869718199, 0.9110602957322598, 0.9853091443626546, 0.36409771485751496, 0.9934045494027185, 0.17955531858405904, 0.5153573573036323, 0.9561305974528369, 0.15118326595945475, 0.429444557422076, 0.8963161662526361, 0.3518083969400141, 0.6110444747744715
0.3676210558995884, 0.42112545555164316, 0.3052536707271608, 0.30719930813707774, 0.5211242971747045, 0.14521802184368438, 0.9432844705663748, 0.784287807677751, 0.47236657527354453, 0.4632819260269059, 0.277679556749437, 0.16181342243922914, 0.6785908456316317, 0.01744163840135149, 0.5479395655794717, 0.15843317850433636, 0.8425100006338234, 0.4228560747478306, 0.7850092399261615, 0.30611293953383556, 0.09068471206517703, 0.6670478384647145, 0.29216261216340844, 0.07974228098959368, 0.48944801015886463, 0.8548525711622648, 0.32793361934676724, 0.8657576651025783, 0.2190642093418399, 0.5720857605696705
0.6768278032432787, 0.9804582018949368, 0.4591163133310644, 0.6638346645522029, 0.022008134059702922, 0.19706695091025306, 0.9931715665967017, 0.7437893514863253, 0.5942575108864201, 0.35411143922088206, 0.7512219226163923, 0.8112307305522487, 0.6869034516737494, 0.11175911649039527, 0.5006245415993574, 0.40845789424854095, 0.37718266205841033, 0.46899229257589337, 0.0015687260185350826, 0.8691865882603752, 0.5438128854217532, 0.4336528617716723, 0.031487312859114436, 0.5723514992856702, 0.5490465388917417, 0.8684896090054975, 0.11591081772323408, 0.29506770570168794, 0.35276391231519055, 0.13591189801009274
0.19845182673754813, 0.5376167511378683, 0.33870153025462, 0.6904678885921888, 0.8051143184942315, 0.08086807042869026, 0.8834724097644183, 0.7862846180700656, 0.9390895876196076, 0.8113027147260787, 0.8416624515045074, 0.030733479652124918, 0.8067018794363994, 0.29789939297930723, 0.7199036777409313, 0.4469983259575433, 0.11106151795734276, 0.3326987862440439, 0.5552951013618189, 0.5678843847720508, 0.12294426892081922, 0.4347054971735882, 0.9395404335745204, 0.2725928410813193, 0.5280441883353046, 0.4302007576187902, 0.6396898152791083, 0.980376963324571, 0.53909116374602, 0.23391228935095887
0.032366032986786974, 0.303440955244368, 0.5229797590418268, 0.10062822037128183, 0.6185381056707414, 0.41636896099646936, 0.21723734189371147, 0.43289973613001187, 0.6761497600957617, 0.7534565794716291, 0.7587511693337495, 0.3932829313546645, 0.3687501163957234, 0.3601304420343321, 0.9504015484753355, 0.15847470749894443, 0.5811078840208141, 0.4404501296272555, 0.3062809256355674, 0.7422377028705777, 0.6265131123935657, 0.5706030411179076, 0.1991151999708588, 0.30813904056420216, 0.8932336245721, 0.631453266502921, 0.7928375002726596, 0.0156588895902815, 0.1490414262639066, 0.7618570809358253
0.259473011052493, 0.9480025646566096, 0.2678325297415176, 0.6620591513265853, 0.24662649159859074, 0.5574809355274821, 0.6599406540879522, 0.5758665156776002, 0.6760710575730823, 0.5448025093537433, 0.7982212210027949, 0.9269018003311578, 0.10742411222013926, 0.47188717758382837, 0.8006930318417247, 0.17059401692691722, 0.898420998177554, 0.79358844387762, 0.8627246469718785, 0.24224625689197943, 0.9819011347777349, 0.32483062478066527, 0.07076417191018292, 0.32503998511806365, 0.9872340348665933, 0.38396454623495424, 0.6665530404816556, 0.9839387988338709, 0.07435699231951076, 0.8957797925662582
0.16883766644176468, 0.44254090621229747, 0.2451755554412327, 0.4558120385059198, 0.9018590142159459, 0.7018726369113254, 0.9598315952783617, 0.12351205616593375, 0.5424876847459473, 0.7082045465605283, 0.25617337098351867, 0.44668129879742957, 0.12475941042101879, 0.7720540336610278, 0.9576648800409203, 0.26402850426829094, 0.8805780507437784, 0.08425367315445242, 0.6904811333855998, 0.9509408202296354, 0.6464478864309988, 0.9403751221998142, 0.3002525643746633, 0.12586146440107882, 0.26185661057109144, 0.9910881502425828, 0.5615975431273993, 0.32829703468731786, 0.6433983445273976, 0.22173803124414893
0.3369496857019756, 0.7782311827851164, 0.3939864575259744, 0.506033477100859, 0.13759656161328215, 0.8953614229090068, 0.3717113521158142, 0.7600553848982531, 0.8178224702735553, 0.03575679987707847, 0.24072709661615, 0.7145099500094135, 0.24327583284327525, 0.7377125158827803, 0.7790144327301843, 0.459315286023007, 0.6966928097323917, 0.8937668051089739, 0.19609051049509096, 0.871436084232933, 0.3268509401716867, 0.9646946664752639, 0.08444289157645224, 0.3370506319759847, 0.3099286603278055, 0.81352537905293, 0.27048215314668367, 0.8329821429531468, 0.6441160402733977, 0.8949272595954251
0.9060610047824808, 0.16551227855210626, 0.9334501494676921, 0.932670605836721, 0.6788618750324229, 0.1646426203855652, 0.3820806416945747, 0.18431923271150663, 0.20672621838110528, 0.8077372277636542, 0.6622019351763951, 0.025960263081184376, 0.5703441104470258, 0.9750431277656675, 0.5711295777375235, 0.3419449197740292, 0.7503348817991573, 0.7030658412032961, 0.03362710457289653, 0.9804577988172305, 0.6299203731900688, 0.8940681142374084, 0.7827540095557789, 0.41349520473015133, 0.5522447196746527, 0.16993587475496852, 0.5710676398681994, 0.823000087341493, 0.8560276469051079, 0.3730686074624666
0.6590133620430482, 0.941699617159111, 0.1868643114416938, 0.146646072595344, 0.4225753627127441, 0.8445089028898376, 0.9760524244728289, 0.4617331468935212, 0.801648988812084, 0.8957491636300414, 0.06974546058893016, 0.38373836299591, 0.5174245985567418, 0.1257145626804218, 0.20875703374236976, 0.48816603707958683, 0.11465372798681783, 0.6237418481516599, 0.7772809979053714, 0.604794437632913, 0.4512555863244112, 0.4152063525569405, 0.6931749559202538, 0.4225755632358137, 0.774533336509101, 0.4113648835100514, 0.31317712506042594, 0.6703522542252728, 0.32533022811756995, 0.5878618675086162
0.7231588440673188, 0.9435674902508793, 0.19985221225884375, 0.3274441647567208, 0.13302237813071827, 0.3560351188687312, 0.9570410827475099, 0.9280348397761867, 0.2715926331292856, 0.9062019662876868, 0.14211481080916555, 0.2085832671256036, 0.09107552496287652, 0.4398464885550455, 0.970141337078722, 0.7339836896484407, 0.35157189862183413, 0.3062939726518551, 0.22500064917426166, 0.7520400430592786, 0.17983473187071775, 0.4189690144819309, 0.13801244467953255, 0.7695547867390791, 0.7248996898871239, 0.7177481822437933, 0.7766465036595599, 0.592678794031359, 0.8440120518301718, 0.9703966401645798
0.6600364824262348, 0.6659876374159646, 0.3710711533846135, 0.38349523179959966, 0.9692247685990742, 0.48232620643571145, 0.5308147479244066, 0.3344655386555123, 0.3976250780445817, 0.023526688074521296, 0.9562976932766505, 0.9966590083410134, 0.3324247554790153, 0.07889116466488488, 0.6720025839380688, 0.24830487473210427, 0.1774879214439986, 0.8310503254811704, 0.6110251011437899, 0.6665639926295531, 0.28978241646267766, 0.4487258755816299, 0.6970196293973789, 0.29755032068196574, 0.11871201995926195, 0.3049258666778911, 0.8283606006720421, 0.7302738200097404, 0.3433716479895451, 0.7956242169703105
0.2120861890173834, 0.7310673605104203, 0.11614038112777458, 0.8123154112265372, 0.637617019532675, 0.16845513192257555, 0.4174377759188346, 0.3998210408502353, 0.44573902606775195, 0.6295456128372242, 0.7904461897482142, 0.4455563991379101, 0.7425911350415628, 0.3641655913330808, 0.90896318158711, 0.3913052672760743, 0.045627625281958295, 0.505317050773533, 0.8111955628940016, 0.1364125454736207, 0.1801038435107326, 0.14084283320179314, 0.19300270084942617, 0.1918856543172316, 0.5315167236083633, 0.06568352893144902, 0.3228606668774352, 0.25705492134218855, 0.6445659969381715, 0.4186053324797244
0.5304454902017738, 0.5603045843411535, 0.024492807422786256, 0.913069795893616, 0.488986550534914, 0.4616437706104426, 0.5628139175839022, 0.6935503583408021, 0.7750000940086073, 0.5813999806992659, 0.26633866973046916, 0.0491531412272167, 0.9333127048188747, 0.4613558020025058, 0.9560601465310046, 0.00835998048052089, 0.43580847260635813, 0.4780852213794742, 0.27886139524027154, 0.49117150251280073, 0.8602469349996986, 0.31609829314060134, 0.6558054838360104, 0.7207461030607373, 0.8250893419526307, 0.9236520640296081, 0.6521980569168406, 0.3199926483739133, 0.8797670023054682, 0.9092272919707044
0.7148419806834645, 0.9978920546627987, 0.3371624213284572, 0.7747412359650091, 0.4358436614600639, 0.3807607653683822, 0.4821919155035863, 0.002570814270205668, 0.43701848436816604, 0.9070635327507632, 0.23203880676884614, 0.9581293119208186, 0.7312228189947672, 0.9268280980223808, 0.20796781390566532, 0.0887470717391704, 0.03514461356311127, 0.94370040827657, 0.9402695713395981, 0.6068557942968709, 0.7239367007154202, 0.05018719333885957, 0.29188595756572133, 0.5347157154316714, 0.01618969537304782, 0.7448550101638991, 0.6173862195306008, 0.4299728915696035, 0.6907592199908199, 0.1257041301991726
0.05598870037322745, 0.9192841117341144, 0.32474592442867356, 0.6753633559266353, 0.8323510413809881, 0.42359395303807423, 0.08794233317804256, 0.8474475753022996, 0.8046970216579802, 0.845548600305786, 0.6639146526269942, 0.7009236790835847, 0.40200210665018765, 0.7044072002859155, 0.44183036562931155, 0.049409939312392126, 0.5580846074828358, 0.811978711916018, 0.1479971746163412, 0.4631877111459597, 0.053110392027363895, 0.09917944490404773, 0.1538894800522409, 0.9509613375422513, 0.5740958559751618, 0.09889196071852846, 0.6536596552875777, 0.8200806018398135, 0.514568388897888, 0.821174006849007
0.9598984543376193, 0.5068512405479522, 0.7345451068654679, 0.35895595385010937, 0.26897719258736197, 0.6867354655112866, 0.5272730601316398, 0.06928870940616993, 0.6693649944099385, 0.7894766985503333, 0.43185521130378, 0.9310388442711747, 0.5981758842900841, 0.9953932271057151, 0.1566997608998162, 0.8421389183910767, 0.6544715670815197, 0.050317180614179224, 0.6511021643448146, 0.4679717321319746, 0.7697833356206248, 0.789434038488663, 0.9317449204216277, 0.14718087845453798, 0.36674685560043163, 0.26410164835413885, 0.01656569283229492, 0.021931462862417317, 0.8637703945861478, 0.07491928819175764
0.11540272327184642, 0.1849080818654386, 0.5627430123989186, 0.7205370347899036, 0.8723920295138559, 0.1392748602219298, 0.07146474880622622, 0.3205016800419511, 0.6792955523547749, 0.1768730532616044, 0.2599564326619547, 0.45313049724855714, 0.6761379337468599, 0.1409791182521999, 0.9912697045233924, 0.3978758915877383, 0.7539051711851245, 0.8338180524421976, 0.4336159516665907, 0.7177158591716601, 0.14802861952545943, 0.07852376653193893, 0.9668010148796127, 0.6445088944795371, 0.7389235863936394, 0.8805165525005755, 0.010880981342470397, 0.738571544292404, 0.5720077688174796, 0.018351504225117554
0.5198285286982746, 0.30094255147185256, 0.6281403128986346, 0.5568266645736543, 0.700244609628006, 0.4555405459225701, 0.8369075634024545, 0.5545910996465063, 0.3828414280067419, 0.8468083239501338, 0.8150136637440621, 0.18552201249489964, 0.34134273651146285, 0.5987006555601387, 0.4078999173571515, 0.6162853614551131, 0.20802668059842044, 0.8201240151050379, 0.4093255485882007, 0.41012369827334294, 0.3627928946373561, 0.22464523855607588, 0.3078606363753995, 0.4712957484285215, 0.06602377325938225, 0.6655069873207036, 0.5977768380040988, 0.8940831732519668, 0.9577791996052566, 0.3389834604791817
0.5929948337051221, 0.7492425212900945, 0.5126070780549804, 0.8363972346697339, 0.936408219655178, 0.6657107514506662, 0.23760382834446614, 0.3381477214183921, 0.4388937003696818, 0.7814868525868033, 0.8842148991054803, 0.6456641129586745, 0.5621604861510868, 0.3009272834285842, 0.3262525684376433, 0.9708257323825519, 0.2233262726761256, 0.6272532066865819, 0.4780911203959307, 0.8383085370551373, 0.16057353735640856, 0.00027297119488745025, 0.7404772403368113, 0.2657324682271254, 0.609839866330438, 0.4173909713581908, 0.3867228222675799, 0.7102371407269021, 0.7366167538469736, 0.1550264232079519
0.7045476501564518, 0.9839280571801552, 0.2547576182638831, 0.5187055393312574, 0.6989371490955928, 0.28470293324826856, 0.422723018130012, 0.28672493190579107, 0.7157992513027198, 0.41481490156802336, 0.8271916052566741, 0.6236831015655638, 0.9383546278497015, 0.40579001824447936, 0.7869287326858042, 0.9649965941285426, 0.9784621547223686, 0.5508569788871478, 0.2413372899765439, 0.9986234975702383, 0.8011564667874144, 0.18511420625415298, 0.7682447465737688, 0.8745928627766489, 0.8980543442118598, 0.7160631390031129, 0.19941521501514914, 0.11951542967766238, 0.6685885361055803, 0.9506739152778579
0.24574085479647745, 0.5098417643006576, 0.9208773570314986, 0.9937319408931924, 0.3829905471388908, 0.5605701294090165, 0.5753066023009177, 0.6226435573800799, 0.7693458333971658, 0.3811764997380681, 0.6781078255640737, 0.6315311622986061, 0.8550213003382837, 0.9511224344435089, 0.1556159130053072, 0.5172766900438205, 0.005259733740615391, 0.16746464337594646, 0.45294242120100614, 0.6131358882181227, 0.9484154743133002, 0.8606616749167991, 0.9397379876904685, 0.166263573397762, 0.09325047151182608, 0.573722853236708, 0.9252493445804904, 0.08150735187735869, 0.7886715782372191, 0.4694339769738495
0.3679082457722982, 0.40813299533071423, 0.401432392712729, 0.6248719745966197, 0.6708671378072248, 0.19585783584705652, 0.0010454492615391553, 0.28638039616830047, 0.18521290416233105, 0.6121869911380876, 0.19826128921089947, 0.6901582405176685, 0.7886891183095764, 0.5829277088509144, 0.5287877937865442, 0.21924784917216744, 0.655856501810469, 0.894388522058514, 0.27148639737561475, 0.7661311583772937, 0.3358106614822085, 0.5821930476111459, 0.06690857486625079, 0.5676606862703694, 0.23242765455676528, 0.6219390528057784, 0.05767737026633901, 0.2741077203821085, 0.7714325669886123, 0.294511063476413
0.8370276078436716, 0.0014611284827937832, 0.26171428506209193, 0.31244021033507974, 0.30985648148989886, 0.6178696732110696, 0.9836057070784814, 0.86705749797996, 0.5210651228499533, 0.3620147835116978, 0.19344698057940635, 0.26454495898371244, 0.45117463963246685, 0.1941805399292187, 0.2489259946645601, 0.002332329711934089, 0.45244831441765476, 0.6631872601888135, 0.7352423298844618, 0.7024147376788165, 0.07610945842493055, 0.7600170598144241, 0.22359568662820084, 0.5060904618305396, 0.2636705966717471, 0.8608021896282934, 0.26073343370166446, 0.8787851208099625, 0.09327776186805448, 0.8471186441977564
0.3896493814289663, 0.6818014061503107, 0.7828307071724728, 0.9479853174993792, 0.41707018025061293, 0.9950593247157972, 0.11117079889008386, 0.5837241252467062, 0.4708844272351774, 0.9140684377616726, 0.47789081341993767, 0.29268256846727325, 0.17531971183034722, 0.2404080594489948, 0.7720047449162297, 0.4678350296761491, 0.4669537319722491, 0.37179941537727224, 0.5513710625264724, 0.9037681707385308, 0.2475716663506975, 0.802583727797635, 0.9689231166717216, 0.3765801623304804, 0.3765014271507112, 0.8530436093433886, 0.20007156272883886, 0.9498423121427502, 0.6967343245837346, 0.5283144540007995
0.8247625555493404, 0.7850355961112594, 0.8806518184988344, 0.5571753804060289, 0.39456010851584156, 0.9135975892045778, 0.3618575452835988, 0.3432361998367006, 0.8460560772643667, 0.9831744576127365, 0.33753130291992484, 0.8343173687854955, 0.21862259809715068, 0.35354321889147133, 0.7815226404693768, 0.22817851428872782, 0.6148765610281983, 0.9695448873326558, 0.6397445214066717, 0.8834321945370976, 0.04806622285012696, 0.6592072738917276, 0.8763500949323423, 0.6483293159984359, 0.965655193073137, 0.35676290032969893, 0.7411510194337317, 0.8176884759960912, 0.4755101547428785, 0.9815704324230029
0.7507983142398917, 0.12352925458672326, 0.30389497814866795, 0.3681054878211193, 0.29331714847282286, 0.6657628180434237, 0.8352664235219376, 0.24055853184161058, 0.013322264163478814, 0.524654177757603, 0.6050188950306302, 0.9934877514057446, 0.5456354505279626, 0.002940841573162545, 0.3690759426132516, 0.4123502562207949, 0.2259701594135839, 0.5271700881507673, 0.5766710941459888, 0.9556949604646651, 0.8927441580315272, 0.05215103186637815, 0.9644225954178558, 0.06884322394903453, 0.6169769889841048, 0.7336780784915579, 0.8598183535345487, 0.5398017098445853, 0.2994565957684484, 0.735147246426749
0.621104190430887, 0.4182551757704559, 0.5463052997666453, 0.2871986280408614, 0.7593093001665739, 0.013076644441244345, 0.6956768238095742, 0.8609935368515492, 0.5077709191455042, 0.3671222089781224, 0.1722635254219258, 0.6100795169952286, 0.8664234011221081, 0.013153045833669719, 0.30216594165399613, 0.6028136683832983, 0.7532722297196544, 0.14740540456560458, 0.44256464195541645, 0.015590604746737347, 0.14698836491638423, 0.7629452535733374, 0.3666376633131443, 0.4164627459110677, 0.042617875648604975, 0.11179935883573122, 0.4246412492406467, 0.6655830252326073, 0.9521666248443275, 0.6143006177187077
0.20216656808624978, 0.48961549713420927, 0.906659599671585, 0.7925637267607984, 0.13442639642026533, 0.4108936619188295, 0.8330828727572971, 0.2206111145425842, 0.23466232607722104, 0.08873808967378871, 0.05115160287898357, 0.14136848024780735, 0.6833973205499816, 0.6374225753546019, 0.16221029226606187, 0.2665123917937843, 0.7141297640252877, 0.8821411064229806, 0.3059891874827829, 0.9389768625111867, 0.8034574751317203, 0.8111530201484334, 0.6606316563054149, 0.33913083172479885, 0.22103818159974697, 0.6479594236891654, 0.7924511879405152, 0.3968080998115754, 0.815877426976371, 0.5364250717101526
0.7149374959087492, 0.9710398668805047, 0.7343184161591118, 0.5919761882331491, 0.3310576776796429, 0.13172939544727036, 0.6016941553889743, 0.5893705619930166, 0.21405552191119492, 0.4273173523835955, 0.47855295540611065, 0.48881902534760835, 0.7431077601513217, 0.9530713455698772, 0.287071392417935, 0.8397229621712151, 0.5544857094991397, 0.6472838818447614, 0.6335786097512579, 0.7380446104801538, 0.06420336062232512, 0.3213523986159972, 0.6194247386952589, 0.4840130103310185, 0.08540695846576807, 0.18406781249381965, 0.4510767202077993, 0.9636727302412815, 0.41486629521811513, 0.3854261610019347
0.481348940146921, 0.3368480293887939, 0.2196961200853399, 0.39470215073983295, 0.44837454982242686, 0.7066214246723626, 0.9011612643375522, 0.37093246775784605, 0.2930789906554353, 0.236709908695379, 0.4491119312187172, 0.6961476637326024, 0.5884456452678957, 0.3184114186105139, 0.2529081623720666, 0.18406349363569763, 0.8268017518663257, 0.802978736162029, 0.8150970234954837, 0.553742666849083, 0.9490036267846343, 0.663980249666074, 0.8149215313939974, 0.9836877890489083, 0.013099664969297153, 0.7142623970468364, 0.4563103965617109, 0.6882889284779844, 0.6488243905273625, 0.9914190825017832
0.442004725537291, 0.6901541362778036, 0.681485263376397, 0.6215738014632203, 0.10379729671643245, 0.39862562373803534, 0.04184705867712446, 0.18154480445993104, 0.9301358432447864, 0.7918179610211102, 0.351460138120231, 0.9310064740265613, 0.30216303965341484, 0.35884550552847505, 0.6969145905243225, 0.12890552043545989, 0.5005897570909952, 0.299821404440167, 0.2865894912964667, 0.5076645743025068, 0.1752837054472408, 0.9249986525278411, 0.600629554286593, 0.5214356185161688, 0.11632981879174564, 0.31784148182180805, 0.4345160488227128, 0.7993643583788422, 0.2933248257760436, 0.8358637040124801
0.3212373495003723, 0.4693734586064805, 0.003447439957416809, 0.6414882106546083, 0.5866096491946491, 0.9898264275089488, 0.3122353787364276, 0.5512452168960089, 0.568818434940402, 0.18112579133257511, 0.5699671835436476, 0.8921744647813575, 0.9010389529590715, 0.21315358733026935, 0.9829769329331662, 0.1513882721745854, 0.2568036637533311, 0.7341393054415379, 0.4764340023285967, 0.7814316159994735, 0.8134964482820652, 0.7953877742121565, 0.4244262787167077, 0.8671317196174472, 0.39571536716438926, 0.030908333574298674, 0.18147769447530582, 0.6230919347826467, 0.8819120989254169, 0.8853494683029801
0.5102898360277621, 0.0720374348761883, 0.06314638948837448, 0.49095271961644926, 0.22966116732178044, 0.56158561439173, 0.3552480532158826, 0.6767353061362309, 0.9755436150638302, 0.9500492515221541, 0.6453619728585659, 0.17488808294976832, 0.5217978038303983, 0.13667544277358856, 0.7313246187590466, 0.28282433098490023, 0.10919370029516318, 0.5514421334802054, 0.3612388747528774, 0.3778632192333803, 0.9373982195228726, 0.8740645185752197, 0.2880118595052874, 0.10999194991308725, 0.7637191808797077, 0.3896984307406123, 0.91863715678587, 0.8510035077749568, 0.830995954741871, 0.06932883200387496
0.8401972327272589, 0.13980971429590794, 0.1537953032671886, 0.6398112755364755, 0.18973864915779337, 0.41619058476245907, 0.8144259150800787, 0.9491679634392646, 0.8709606005598541, 0.042553665740791224, 0.680048777636869, 0.9836904865471316, 0.514058774658594, 0.44345287076029594, 0.350000569146666, 0.5439333695439779, 0.3851745550779482, 0.004642906560904492, 0.6691664431021656, 0.4731789929827922, 0.3481919203320333, 0.2834348589326817, 0.41139114467537463, 0.2819927954785253, 0.32568916217989274, 0.6641822133232931, 0.06753812818470928, 0.17439219721762678, 0.5283824586996877, 0.4521937058248148
0.9026236882016262, 0.4165332459057436, 0.6898596028257767, 0.31457332664706206, 0.078181873038914, 0.38025658434534726, 0.6093544093659001, 0.4093591111978232, 0.12421473791936377, 0.4674072166367207, 0.3468337501524421, 0.9109008315187341, 0.7337560261496323, 0.5266965689693003, 0.6990456406218828, 0.4028751190315375, 0.34076668991340486, 0.903366492026505, 0.8722570540479497, 0.8188632321285334, 0.35633674965557427, 0.7024995931685346, 0.4297303732134512, 0.2860417347595504, 0.8827371426674236, 0.3867293690283097, 0.4615655270985721, 0.6885613448787168, 0.7555150870757681, 0.22898519829785924
0.6310418493501359, 0.08296528611890497, 0.8284626255837554, 0.8593280726972499, 0.3784656895253973, 0.3502997431190903, 0.9815192316077047, 0.08946434097755152, 0.5302455658941871, 0.21971482331133363, 0.7978872941671654, 0.43174195429195494, 0.7975600668498304, 0.6610398909342082, 0.20205447483707117, 0.3503593013080084, 0.6947693362898074, 0.9590035555515579, 0.13542247403217056, 0.06537081714784443, 0.390232963913661, 0.9606502463367035, 0.8891013483093396, 0.9285327957923397, 0.38380532761060504, 0.333802037602115, 0.009205654411670205, 0.5562963674815855, 0.6742470345120419, 0.34504569509663485
0.6592034103483866, 0.48165369066444685, 0.6178666612243638, 0.4821011920138426, 0.12237795580006627, 0.7509712878817403, 0.6827528543959211, 0.5061495212332865, 0.37864148657317154, 0.8362313335704376, 0.8910487481072862, 0.6539861042962563, 0.7901507483254252, 0.8349115949042486, 0.12880530616327412, 0.666113891680215, 0.41859255370873205, 0.08064983849214724, 0.5312400729105754, 0.6284500294531842, 0.05708137028350768, 0.4348588683415351, 0.6097877509987036, 0.0008297936268116812, 0.557346979954927, 0.18459814157842258, 0.2979405271021236, 0.18410836928804408, 0.5472695588556733, 0.8970941176176161
0.4309724015950692, 0.9709611845572915, 0.9702394315215201, 0.35245154195043094, 0.23161892691506625, 0.6960668458225795, 0.22645379430043955, 0.53693011877455, 0.38513165823794104, 0.1637982032294949, 0.21156857283249053, 0.8754885249810445, 0.09282728118573746, 0.08448154075892156, 0.8899293087216168, 0.7646792159899768, 0.2760388539700007, 0.47569086404107863, 0.3163450325542876, 0.03794341211368413, 0.846828170793779, 0.024425373714496046, 0.621456881805852, 0.11995512889569848, 0.7348632060391023, 0.32704478278802374, 0.833638087750842, 0.12720178461325327, 0.7902180638118249, 0.27318447172858573
0.5442124107853681, 0.6108455195042063, 0.6808438001364491, 0.9314395395763455, 0.362202289265546, 0.6319278745499898, 0.9589283147246443, 0.3338453413104224, 0.3920432714355202, 0.48189880489297665, 0.22327094652259238, 0.0064351717901885985, 0.5945710310073217, 0.666826389832175, 0.9425764507115306, 0.8386058322352851, 0.7216348070464069, 0.709336389899283, 0.39554061179430655, 0.8830527228510723, 0.3409999476330323, 0.1937706209585377, 0.20446886184219293, 0.006288323425669762, 0.22909312164158757, 0.889001140814697, 0.7894006887392884, 0.5712371052392043, 0.0007432635451120051, 0.49568018589838825
0.8275984016720239, 0.19926200329363297, 0.36713084424323417, 0.418424368580265, 0.45542048226018783, 0.6767282666892344, 0.10809585217160544, 0.24995752724492926, 0.914140378893824, 0.7642767034856656, 0.37424099067011607, 0.2385184926527636, 0.9625724832290316, 0.18610169242074404, 0.5800678172963213, 0.6755339858588422, 0.9270488783671799, 0.7744525189490702, 0.4983308872032286, 0.12634464918069144, 0.15102874783724773, 0.40305983310846194, 0.637812349208035, 0.1594015641128964, 0.8168177093628448, 0.3602057184542612, 0.48541897072199647, 0.41692952633786495, 0.5634018979785329, 0.08789068741887429
0.8260873127118602, 0.5547506672200698, 0.0501585820039564, 0.9595309133109486, 0.32111392102367986, 0.1342038728017967, 0.6044447565995371, 0.8903737348193262, 0.37136105855124457, 0.9848648537732851, 0.17539747198123834, 0.10120005642247387, 0.6050577708472976, 0.8299444022692373, 0.23547761549144752, 0.06872890638788753, 0.5508571756976199, 0.16930342562036937, 0.41032778208814813, 0.5885838018804724, 0.3533121108215207, 0.7651670780356344, 0.3399728550675347, 0.5049706875069173, 0.8091479531694482, 0.7059589039774778, 0.5434070938523665, 0.5208261295979317, 0.2555183308310618, 0.2871727356041054
0.3840227180284742, 0.6132034059716972, 0.3319005141946284, 0.7529639732419279, 0.29099380616858594, 0.03587218538657044, 0.502049228192157, 0.6843396591876489, 0.5947384187955892, 0.8054910382193726, 0.12228128363101853, 0.20887524176879846, 0.9253049559043075, 0.5328570278735131, 0.9064157471701279, 0.8231723621233314, 0.6301590671348816, 0.43362786841785084, 0.9293389202500103, 0.5040579377466926, 0.18058537558318777, 0.16431243771605475, 0.23433459192919703, 0.19242269533307788, 0.5738286021486382, 0.6023940506274644, 0.6120743364890138, 0.3351697194288721, 0.341240128116833, 0.47735576384385836
0.34490442084694717, 0.12496599958214816, 0.8276709711072715, 0.056997472817894135, 0.8905349537533465, 0.6526110128075678, 0.1993489077267261, 0.4076932768803564, 0.9787967703614809, 0.23519245175896197, 0.8727854908102777, 0.7847528546950794, 0.6034743070470856, 0.22655169954659948, 0.21909858564950768, 0.4474782715652813, 0.9118913207068781, 0.24464858122137578, 0.3152608117012087, 0.12684913527880626, 0.7788366644017378, 0.7140463445153562, 0.6980214018790806, 0.052976772113341286, 0.7061521802103421, 0.26656235158216446, 0.881417071870311, 0.6975199097006035, 0.9234487106081607, 0.8460825803526316
0.2761009475781395, 0.622125045317733, 0.9306233719200009, 0.7555669722955304, 0.024924690696228158, 0.59484448625766, 0.19994500519839842, 0.8598719545330403, 0.45461928628960535, 0.5317351001043094, 0.05343802343967907, 0.12576972210496573, 0.46792337469718503, 0.13329999176251772, 0.004693742717478022, 0.49326623439242534, 0.9828808678764124, 0.7223340140543847, 0.25973226240451397, 0.14792549548640377, 0.8730208537840048, 0.1876023995275492, 0.469462211458468, 0.12859814773680134, 0.7243835433105512, 0.2148437703360041, 0.7987259766518889, 0.5269816819129612, 0.4713684890036276, 0.9360645753422808
0.731120941933396, 0.47097967647623573, 0.7332872009231097, 0.34510654318380496, 0.87378007515683, 0.23758348279526387, 0.16086896514456306, 0.6067321889147267, 0.014975364960666537, 0.6822510081313667, 0.7486078967889076, 0.1167764322624798, 0.008011642317417356, 0.5898870511858081, 0.555886584428568, 0.8377888516401811, 0.07654533658955887, 0.7596932266063928, 0.9749669374619458, 0.6727623456605417, 0.6498912527811297, 0.6914345106743272, 0.6061405060139075, 0.4517403973811386, 0.013903130261796015, 0.4116202890485592, 0.8915024325033059, 0.4327302058086201, 0.6970250735985144, 0.9359096446069722
0.5035732643128779, 0.3741356816282774, 0.02957816786344425, 0.7289318468341777, 0.9108607071189848, 0.4715587291466449, 0.25201810287252124, 0.15070641054828504, 0.7776180926133985, 0.48477217582310284, 0.505346050159268, 0.6327306576003481, 0.1417436375912926, 0.2501241066924438, 0.5698595738959971, 0.43917255290350965, 0.36915621296121426, 0.665184138320929, 0.6356500045683015, 0.06941144100217267, 0.41535483943444573, 0.22321831970335637, 0.558705766049117, 0.09317699466999374, 0.12356714879164121, 0.4027202542232864, 0.8494921853170663, 0.895787191177357, 0.8615616231607088, 0.33711166088960864
0.34640676819351635, 0.01293594184000868, 0.5761977403372717, 0.20120277367339567, 0.919423251505749, 0.0859414212342332, 0.627613827213081, 0.1811361239170005, 0.3704189877057503, 0.5015095877599449, 0.5760619761849665, 0.5687995114386707, 0.17759688678916985, 0.23008160658343424, 0.1691365063699456, 0.13833610123364615, 0.9987396049209242, 0.2436958818780417, 0.6762829980600298, 0.7258361450282056, 0.6067531146054391, 0.9825899113797312, 0.14139217245002267, 0.49668921525955934, 0.2034428194434208, 0.294052727348565, 0.7509852817066753, 0.9298690260277982, 0.3207274682113421, 0.002378997630673285
0.9067914491869541, 0.8048709581847506, 0.6965895083698852, 0.0562282481139188, 0.09097516934311367, 0.8621866067067534, 0.3498368630911919, 0.8164946766881898, 0.22397999349740605, 0.6323811148647488, 0.09811818812000528, 0.11657532508152291, 0.17330635891340262, 0.1609977366565063, 0.5316319721103777, 0.21522946027426337, 0.9041125009937225, 0.4302227767035074, 0.23849076671033287, 0.6583070023093821, 0.5818121844287748, 0.9414211136079425, 0.46579862061876165, 0.7810783054689724, 0.1856038198134965, 0.04401320655525165, 0.7888041105042146, 0.3455800225567762, 0.024509304676690102, 0.1986364511629568
0.02216622965674575, 0.11364588982724821, 0.5591498594624559, 0.17735073456829453, 0.7795481841400591, 0.26726849584716794, 0.4471601567657356, 0.132080579435904, 0.8849747820868046, 0.7133157396665694, 0.058324056793068735, 0.11494668679745434, 0.46650660533760746, 0.8583824959471708, 0.8817773110173683, 0.06076398288101237, 0.6701207236336273, 0.6464162733429697, 0.23689213796815178, 0.27813985064168123, 0.4156725976998088, 0.7196529129238344, 0.16895193308856093, 0.3473088275191014, 0.39791247487061254, 0.928554574404397, 0.20086621569580887, 0.2757614302893294, 0.8626851347301545, 0.9800975374060741
0.46522986741403616, 0.3455413201613986, 0.761765025545039, 0.1549930767205252, 0.23043333013769185, 0.46453549226604585, 0.3275235696229173, 0.04583932903087384, 0.7575161227483499, 0.9348838633257941, 0.4191286200454969, 0.5198659286223708, 0.3836106344570164, 0.3460335133857263, 0.4658850784242017, 0.2811691076335109, 0.6120039610998468, 0.7446376426903204, 0.7708685290793931, 0.7704322793274537, 0.6065719719997344, 0.842811138919443, 0.6200501795001983, 0.5258181446395185, 0.67364548853682, 0.2358901356773282, 0.7277250269974012, 0.9163244925500593, 0.21343436452982323, 0.047928003652560225
0.9460360947306766, 0.11852420740310943, 0.7107935776165597, 0.9387553650342784, 0.9570674421425246, 0.8923343962392404, 0.18281786300615543, 0.3994146260086937, 0.39773495907434786, 0.600681698513939, 0.8727424954924003, 0.9054408896188845, 0.7906991413643413, 0.5912665368052015, 0.42802427976016266, 0.40790840860501343, 0.5882102943137298, 0.649650490022449, 0.5478421037079204, 0.8264714123550658, 0.0017595119169006024, 0.9732449647575239, 0.24255269596123896, 0.6094768088522902, 0.6175557506386187, 0.840315757960169, 0.09280707278329436, 0.33961487500364995, 0.022623767158753694, 0.10576005790528198
0.7037423331445843, 0.35981149099223597, 0.30526868953313835, 0.2469316950568038, 0.6396961553359773, 0.9230429413537505, 0.6792276933498634, 0.7924838508268498, 0.667075476543834, 0.21122857504745673, 0.2284174137801841, 0.07524752336316998, 0.4473459814904933, 0.4800523984293432, 0.6187701047567015, 0.818162472278089, 0.7305081001410983, 0.3929972834310601, 0.2879030125499744, 0.8901007002939072, 0.7593769015641686, 0.26920589042301524, 0.3760110187665374, 0.00966445174563313, 0.1749502754286415, 0.33474823450344315, 0.005878789873849599, 0.17991509393454386, 0.9920525499410258, 0.8805582413887892
0.5268822896909044, 0.632142180037004, 0.4876705555205374, 0.6113788264402447, 0.3150486814107675, 0.5243523297071069, 0.03433681245311382, 0.3971119333165737, 0.27322618693536715, 0.7438338808485848, 0.9007352158466485, 0.6583171966799739, 0.5192023979081007, 0.35854720409662755, 0.8378854204896761, 0.5307911712966321, 0.4517689516099782, 0.2900763539555882, 0.42579121911532114, 0.12146360750740903, 0.23776682038054842, 0.22876559805010543, 0.7863576393401372, 0.5856730230723491, 0.5312017849038443, 0.08494691381115993, 0.6313041773206559, 0.6643493538730373, 0.5779147497756736, 0.3774524569026668
0.04740287871629023, 0.10715096109789879, 0.24521035939808766, 0.19047988628592094, 0.15339910719231742, 0.18509540828807558, 0.3952896406997921, 0.5056239471911729, 0.185693666629834, 0.7277225708923789, 0.7355477583191876, 0.10499265015366355, 0.2958376493570012, 0.35696627139132486, 0.8244815951420625, 0.3367342520587746, 0.4294571081801325, 0.34118288017691734, 0.5957700148704977, 0.9297769094180051, 0.09558875035473913, 0.08449863497449894, 0.40548192708848185, 0.417303266052923, 0.22802855913922426, 0.3314564879832189, 0.21036487374561574, 0.15500659891761503, 0.8611110522790336, 0.11610013682955522
0.7358358720108632, 0.8923719735640718, 0.006889678082015127, 0.039340670888962315, 0.8286196733096354, 0.3623517261241588, 0.490846390112051, 0.36955517231294455, 0.70490420329173, 0.01826046063204545, 0.6992021839727739, 0.34694429707560936, 0.9410081511449339, 0.653553659157131, 0.558738542529069, 0.451700065233374, 0.005295077025411987, 0.79805602241552, 0.735113436916517, 0.7374223348804868, 0.9517167596202837, 0.0689046982903716, 0.20939401712273753, 0.4130809063092775, 0.15574715641624115, 0.3142618260417851, 0.09557598644516274, 0.11259326808926795, 0.5997818449786422, 0.62095015916924
0.4814852820970811, 0.41774471838855465, 0.7924499995609594, 0.604152250177158, 0.11665317865801372, 0.07004739983707509, 0.123086346428112, 0.9058662455472779, 0.8027553120695128, 0.7363355484422397, 0.6338415218800477, 0.8610475562166376, 0.6246010934205454, 0.5721920296718207, 0.3017992640833088, 0.019318792756932934, 0.6278287885313232, 0.5013592420829414, 0.7256568798882224, 0.2804349222109146, 0.530980413648546, 0.09928636049582362, 0.7433803526030273, 0.9395725728151533, 0.5002895316817157, 0.7493692958053938, 0.9443156817695101, 0.9900926929086994, 0.6468628637799583, 0.4012347202832427
0.07130903364423224, 0.3143398256572485, 0.7878653481810477, 0.28919578405247015, 0.6543768608793458, 0.21719122571527516, 0.31511009833494363, 0.18554579089336143, 0.7686804964043922, 0.32035767259781955, 0.2206992637638875, 0.06365263373321506, 0.7307412633004297, 0.3427220997750655, 0.504065755315346, 0.29640714189988837, 0.961100935963682, 0.7250472203906371, 0.12246243830255066, 0.2091697877037878, 0.41629287600400133, 0.5347343183344021, 0.7337281557487358, 0.8145159694610061, 0.48294624446017165, 0.9301367520241888, 0.8595831365255825, 0.06767661722542462, 0.8540614858016551, 0.1529384643845253
5.41774652707e-06,0.525005252649,0.999107931367
1.78588032979,4.05049731107,6.13791370908
