$x1,$x2,$x3,$x4,$x5,$x6,$x7,$x8,$x9,$x10,>>f1,>>f2
0.18691553198611044, 4.796461861199589, -0.09591239583110145, 3.7480893321921798, 1.24454389956112, 3.41874324470359, -4.447229095115209, -0.48236074539693874, -2.315304557186415, -0.35049869847872284
0.8573843500224411, -0.08648652964143544, -2.813102998442937, -3.01182537611826, -0.9794443469793999, -1.9844909823368884, 4.931659143954587, 4.257380840803911, -3.8062736764214735, 4.3893789719985925
0.5159694725933606, 0.882273185782088, -0.9586787264285057, -4.116353582060164, 1.9040820357782167, -4.5969299401351975, 0.232400365911408, -4.523872111572009, -2.462523273723357, -0.8939188752725746
0.7472299478245633, -4.5351345320065235, 0.658566527641482, -0.8885864486807034, -1.5748566201936622, -4.43393052111225, 4.564557935125379, -1.6670673399052727, 3.797762154912764, 2.305655007053441
0.57539482834689, -1.2220785159568415, 0.9529457407019244, 2.9039304232020147, 0.2513679836631413, -0.8644179201297222, 4.4156054614080915, 3.3060395927134394, -1.1516419728713192, -4.689153037854429
0.5952717231848247, -1.844050231050164, -4.708555286738299, -0.22232506365160631, -4.4962270152535035, 3.349668925428679, 3.6353180237504272, 4.932370906870553, -4.361724100506814, -3.831835459631312
0.3386858833119556, -2.8273058059855916, -1.236827888057391, -1.4041466648668885, -2.0191797586025926, 0.8054056773565188, -3.234530022010534, -0.4406497766417683, -0.07070410712447295, 4.323418107807646
0.7807728084274247, -4.238003361269147, -4.884348129432606, -4.577978043032333, -4.039568930797874, -0.536197305573813, 3.9759376608997794, -0.42191304389194073, -2.9405266479970757, 3.8249547071415346
0.22359258619280786, -1.7207126330665368, 0.5090755711767594, -2.04272009211122, 3.4392554644006808, -1.434714268917614, -4.005895082136798, 3.727196562888736, -0.017975678965912678, 1.3009603132911014
0.4191560371316556, -0.9570511700200655, -3.0906314925035683, -1.8260038257951186, -1.723622746464958, 1.1151195479491367, -4.688380475334485, 4.581086464503322, 2.239136957132331, 4.651522664387761
0.3566810513962817, 0.40119252174633857, -4.328935216813078, -2.5243457151467172, 2.2358129482024864, -4.565185177314502, -2.5303234777840853, 3.231395616636778, -2.004354082350961, -3.711530145324675
0.32292687051375935, -3.9104828097276645, 4.560718352061208, -3.41756089982118, 3.666997737929057, -0.6633354200028094, -1.3966070693499777, -1.0707077305411161, -4.874408648582066, 3.5556548955999254
0.19092951476456987, -3.193556026631521, -1.392970051589967, -2.6198273484219436, 4.797276461937933, -2.1967886614711976, 0.9589294682692451, 4.5926657732074485, 0.6247209425312503, 0.5857475022572514
0.6944515479200802, 0.4501299416607063, 2.3264256754021932, -3.9006318622070877, 2.410871368285804, 1.1653228940927098, 4.9517237756934644, -2.156776925602033, -0.34442975654632946, 4.467715537513172
0.3290625468590521, 0.4361631560911716, 2.943932997313845, 1.9330039790926437, -0.04980990463382717, 4.99566070836002, -1.03164763475419, 4.721825468175318, -0.4299729536396404, -0.979855947252549
0.7033008350466853, 2.8751471402552458, 2.5402757001346856, 3.694985296753547, 4.665812501256534, -3.8007076712560117, -2.2670559321358272, 0.7449276127672535, 0.9682495596780507, -2.2710327082742268
0.994791610357396, 1.6048481511280555, -0.14424367443700792, 1.5803919856487436, 0.6609694604011915, 0.9178115563279086, 2.9257117869895275, 1.3605417604272274, 3.411301181382635, 3.5883962301582564
0.08309352030704364, 2.233572773431236, -0.3743976199799164, -4.90027890368247, -0.16194357788456148, -0.11529516198719314, 3.8486853488008013, 1.6743714269609464, -0.741057583741112, 3.8152910337399533
0.4927146560377199, -4.516929829788796, 2.2842245476702168, -1.6197100014326593, -1.8577021470225197, -0.7030788030552335, 0.21173143985156706, -2.1740966734985068, -3.3673566411334397, 1.0568267235094968
0.5311866147108272, -4.860357935603396, -2.201290298058056, -4.512929367302522, -3.3029911219478594, 2.206511503458149, 1.4993011302510606, 3.5040745286542005, 2.2117682322136654, 2.758622757687456
0.5563533486769342, 1.6955089793690465, -1.1515315157931036, -0.9075595761368724, 2.5446174629036324, 3.627006622924453, -0.795121142200248, -4.726066403984625, -0.971513102076119, 0.4955814607849609
0.15358655540868993, -2.918281883584931, 3.472139048156679, -4.01643924254572, -2.969402630062511, 4.458040751325747, 0.8915024988824127, 4.587981379057933, 0.06746310237963904, 1.757947261850303
0.051055355454230456, 2.6145659977127593, -3.4574489504885553, 3.2480782036042015, -1.8380176640830834, 1.6247320494701718, 3.1993642929380766, 2.6809838693299763, 2.6555441752732536, -1.3700525203997191
0.23299715429698498, 2.4563687425164407, 0.4701999158463259, -1.2774373693819685, -1.5847947396664033, -3.362880741214951, 0.6243994794054935, 3.6318476203147707, -2.464995697835869, -3.2436868805480845
0.49888261268241607, -1.4926477928521953, -2.564208158130914, 2.9393992749598707, -3.063234548757859, -3.209029967237742, -4.424010684034702, -1.0293875873048686, -3.689166958020796, -0.8588284803146689
0.9744984536272073, -1.5660256905704806, -4.8369894643150255, -2.821101424731882, 4.62613900439446, 0.37948146607073685, 4.025935450949591, -4.496247226436906, -2.6384399191437344, 3.08293068890149
0.7798945777261727, 2.413207167443212, 1.0899628613001422, 0.008348463309639342, -3.0489119436594567, -3.3736062631153585, 2.0358309063128175, 1.8467174196963203, -1.9693720346255406, 1.9750719125834761
0.4165366992816113, -4.666302384965605, 4.711781039753337, 3.5571842940684135, -4.948431172144393, 3.6927267320865997, -0.6869015787935373, 3.3956705976266957, 1.2920145699940626, -4.434058495400009
0.7061261095127531, 0.8766396596625006, 2.602725156579165, -3.7983495687042423, -0.49935945998897324, -2.1581735370130204, 2.363093406684822, 0.8054958459846286, -0.09363211781010872, -1.5423413277528395
0.7837121038024039, 0.07845130770910647, 1.388865552327486, -3.9883806512165765, -0.31007918550866265, 4.168958679091553, 1.4957828495758125, 2.922783122757501, -1.8032148173664106, 0.809380658845753
0.865390026499447, -0.7735963936110899, 3.182398748761022, 1.540805955906153, -4.808962023779406, -4.091725512159359, 3.9990938149964865, -4.704284561724529, 0.9380059924497726, -3.748683985125002
0.4182029214558427, 4.292895941678669, -1.3181339211004595, 1.832693426580815, 1.4045540280933002, -0.8216725483319056, -2.806024727208972, 3.940730314159012, 4.021413789300398, 2.9433001006895063
0.1443184128365369, -0.6483893452730491, 4.810658269243028, -0.7358628231793549, -2.259166526900034, 3.598342774385589, -0.10258316089933217, -4.367167857957957, -1.3228951800086586, -4.975942565515085
0.7508881882584265, 2.578068617832912, -0.838094708663629, -1.5555971390480727, -2.675586151109454, 4.795388316619624, 3.9762717477515395, 3.531450685560406, -2.1057600248441966, -0.15130917807280841
0.36282264354325333, 1.3771371814572984, -1.6626105483104747, -3.8008350772168455, 2.327808978800494, -0.4275850217640631, 0.9566863400103474, -0.8371340361907595, 2.1311284837400866, -2.0352972647845355
0.8031306144065683, 1.227701167662759, -1.3882418946529809, 2.036520349263318, -2.8273288256631623, -2.9068573996215443, -4.071976007357577, 2.4618821497983756, -1.8713745624393994, -1.4275747736996882
0.9247585324218235, 4.780039324722022, 3.2579938239527397, -2.664741766213096, -3.993969282515123, -4.967869824610267, -0.7393167703290953, 0.9454752748660153, -3.4055260069400917, 2.627393187477187
0.16389662825065743, -2.4863550883709182, 0.4422639541874105, -3.1175102980086566, 1.2632327318791194, 2.0894982778284064, -1.4269710985976927, -0.5232584953258836, -1.758053492021717, -3.4117723109863207
0.580399263561582, -4.234620554727205, -0.09113462297844777, 3.5568551711608674, -3.820150198916641, -3.5690929444006914, 3.6413606637465765, 3.944941647078055, 0.4013334593731477, 2.076376534305692
0.9957927197182197, 2.4765388122211762, -2.5992148384877534, 2.9982409719658145, -3.851767298257893, 4.312049655419154, -4.819598476189696, 3.777647739312588, -4.643002843816966, -2.0527868490514978
0.22606931010038434, 3.8494218521226706, 0.3940110075386656, -3.150439343759203, -2.7199217262319495, 4.207793612274802, -4.168242942617121, 3.1399385619435662, 1.597911150908046, 2.70076506011727
0.012671474780805547, 2.7774844101344174, 3.4564681645072692, 0.5135217124364928, -2.4025992542515717, 0.3371321422058813, -2.3267479430226947, -3.2924694030274084, -3.9596973765926267, -1.3323920749037277
0.5212572493651662, -3.3780140830533565, -3.4827520587822356, -3.537038630061101, 4.984306898711978, 1.8640647595740747, -2.628909214686349, -3.403641256831007, 0.8339887361274245, 4.970075398847053
0.9404607494454161, -4.3020836978114065, -2.5682669764953325, -4.605967141951833, 3.797662885540234, 0.9201395402905534, 2.938392677822036, -1.5220651743249904, 2.1156464114457396, -1.595619885726196
0.43401368297087517, 3.9846207676725935, -3.7108449735418816, -2.7095385659210267, -3.235413789376431, -3.6381959797835606, -2.2123410394769283, 2.784870495693962, 4.386627135638403, 0.4588989510975985
0.6408159065321787, -0.5846033763794871, -4.865546059362077, -3.601758307167934, 2.4083166055378626, 1.3518397878348019, 0.38156608053120067, -0.7143428324635002, 2.280801934593484, 0.5517531537061258
0.17368368663747935, 1.9633454270615012, 3.3250355610732285, 2.643717983126445, 4.582653770695233, -1.7525305512213585, 0.41153914732131547, -4.336606936621653, -1.2911302717826958, -2.599221810285941
0.7722039320363244, -4.797036698685718, -2.1471592430724264, 4.596312474576077, -1.927720856164746, 1.0291137643429966, -0.3680803418223766, 3.1807968083359146, 0.15587411559457465, 3.384584972207893
0.40785012529292397, -1.0689880406546939, -0.9017656692768972, 1.0835694342360007, 3.854430927474805, -3.288128539266717, -2.15297105493343, 4.3452049101300325, 0.9243828634934035, 3.2546859673566946
0.8917087997956489, -4.513670683247312, -3.021393856840151, 0.07641168205410143, -2.3709394431768613, 1.3825214129247456, 3.806346224763674, -3.6023053797044047, -3.4548592101989417, -3.519671836478052
0.9736185939867488, 0.9832594981838758, -3.1413470182499212, -3.1189316579385853, 4.103821007276572, -4.852017282165574, 4.509906598037581, 2.870649717627865, 2.862361754480415, -1.389229446472784
0.618217496400897, 1.236953390391216, -4.367842314806982, -0.35252490295640193, 1.0863150273597793, 0.6170979326982646, -2.4805344791574866, -4.625561746825234, -0.08351011462074887, -3.916902835936339
0.5213287333365128, 0.6872725738035435, 0.48057189276256107, 0.8375609778747499, -3.454514775616022, -2.5190129608799436, -1.1916338863274056, 1.0779827268439508, -4.361169281111927, 3.8513310449972984
0.06331350073999109, -4.611928968097267, 0.042236736831973154, -1.8124034674253697, 1.1656587731423729, 1.1925961863577221, -3.283960175467191, 2.8147398327889395, 2.7935761356900937, 3.8038532663849978
0.5831235678099964, -3.4098310714866544, -2.3335011613078294, -1.3392924477197408, 1.4328004102561103, -1.1306389169223383, -2.0376368835672776, -0.2515593703878487, -3.1169372843977126, -0.3678413448415636
0.2769116161406018, -0.150266907373096, 3.195157376794608, -2.5279694087799474, -3.2091198433841974, 1.6009813344731825, 1.553647471973001, -2.2576997972432977, 0.7423776436757823, 3.833941403300525
0.5975187273129249, 4.313074458773533, 3.0921409689908526, -0.8994107764474499, 0.16194624343519504, 2.3664264443597105, 4.684084148534303, -0.5481286114120367, 1.419014211211974, 3.3233553814505203
0.03527377643214247, 3.946789514426433, 3.639564706352843, 2.7376540254476236, 1.9999948712157547, -4.510560498992238, -4.786796369605958, 1.7417464354511925, 3.3926099829571363, 1.4480390391040174
0.5942113689040507, -0.0670607723128196, -3.5037337291664383, 1.9503644553566168, -0.05953501553573304, -2.2715600921894863, -0.6044631810401082, -4.610245562166463, -2.026897319281542, -3.1255443515182657
0.995086527330084, 2.8743173094377124, 1.0347854220669017, 3.882395484915129, -2.0555118376566304, -1.3367927129834434, 0.3742514316215795, 4.083728607293262, 1.68476427520826, -4.155298274141197
0.06570593510124534, -2.389757897986917, 0.14793438311321871, -4.163235281716182, -2.7762355184511414, 4.088006388662333, -3.0920243345471956, -0.5602133875977771, -1.5441569626226426, -2.189141718414219
0.6693936585754541, -0.9504476590406599, -4.464896370241387, -4.540458482798968, 4.278855298269871, 4.390385535936748, 3.6885890346501924, 2.7402115546382007, -1.3724914019570136, -0.7061091627786507
0.07591471358923219, 4.315046566213573, 0.04353524984592827, -1.5576713124420447, -3.0366765714997213, 3.291852228403803, 3.552774060923692, -3.5105696008736142, -3.060624668253772, -3.5963062985087335
0.5358552365798106, -1.824661976140348, 4.511579586122037, 0.6806277252642969, 4.766386117712994, 1.3790185938837585, -4.544500073117411, -4.375925051107295, 4.413646414259164, -0.9932022668815197
0.6088164683752899, 1.7285389380461194, 0.09429358392192633, 3.4040289448889176, 3.2736618301392504, 0.9083983510080884, 3.589853716383292, 0.5208945373711877, -3.437083971461453, -0.09701550253087987
0.039718256203102986, -0.10953653758051196, -4.351607758710848, -0.14146340544458091, -0.15363740689667704, 1.8565758020410446, 3.4304957696733513, -1.5109400209716495, -0.1056348209988105, -0.9503525220487052
0.003009613855434523, -2.7757723207695726, -1.2371815800460775, 1.190046907844545, -4.0399017340371, -3.5825138127170284, -1.7122671114258092, -4.212902871710571, 0.12533460325848367, -1.8722453946282034
0.4367118382005891, -4.101139224221092, -1.9817823591593942, -1.4930272917433465, -4.546595118623189, 2.1306038062258645, -0.21875190144057477, 0.8845401750458866, 3.189239995354292, 1.4345954639418217
0.2978955543749706, -2.2030240854265273, 4.36612982591069, -3.250866315081664, -0.9637036337116385, -2.632367163356497, 4.153404602215955, -4.315218318417368, 3.484250880041296, -0.10863592902778052
0.13471977220664977, -2.475412360674283, 0.9222896324293925, 4.180094439048554, 3.8710177957677754, 4.970425896064153, 2.061801669016167, -2.978510568526751, 2.116198573751112, 4.675008602251644
0.5199898332192893, -3.6653425552678733, 0.6173668392443563, 0.4147842477438939, -2.2294090282657972, -0.22758755421404686, -1.834038829753447, 3.954242136641019, -3.7811504831872425, 2.6948540862541215
0.30070904500858575, -3.3963588761617047, -0.5911831183676073, -3.3651099830273323, 3.997842693171224, -2.068608534868707, 2.1419440945576813, -0.5418450631354936, 1.8150837842588032, 0.2643317524452389
0.0373777093605695, 0.12507905022878685, 2.5633847414641053, -2.25190214092569, 2.081119498020546, 3.346779843744045, -0.3524912794858972, 0.08734489289485836, -1.1292302592026457, 2.2365419980399137
0.6461626584895563, -2.2863482676817304, 0.3816164833547724, 4.023180806046206, -1.6398412315663444, 4.838117056536857, -4.660189181303615, -1.8675240894461167, -4.36940509622429, -1.7166643928700918
0.6073341550172399, 3.6719929022553384, 2.5616678748990926, 4.880912811520034, -0.7251933772279395, 3.109555445183098, -1.157944416127663, -2.101874263810811, -3.516655911827311, 0.4948766415970294
0.11261678318111068, 4.948392355110357, -4.770948205079552, -3.8440013376449658, -3.989907587391003, -0.3996820327320627, 2.762741052303273, -3.935672968806261, 4.534062453309328, -2.8200850212270567
0.5471006172103986, -4.8351595692296625, 0.27529551047486134, -3.4885914062074805, -4.880175229678565, -4.372633173053011, 3.2840249090728406, -2.7815584703355336, 2.5272117076887426, -1.897806844504737
0.11350106435126128, 1.134579235056604, 1.9618695075847423, -1.3813745177041739, -0.5432095772828767, -3.783610048191904, -0.1464383213612388, -0.2585822900464274, 0.5442393830817469, -1.814992065820812
0.3304271536728246, -4.513052929619951, -2.9866876035803758, 4.913112039636532, -0.2172004797538074, -3.0628248585845386, 2.718431927507475, 2.4160443977592987, 0.8823520479185651, -2.5661109262533675
0.21860531616602807, -2.4852484516043862, -4.426034062406579, 2.639153139456578, 0.021255560740527812, 1.1162160804033503, 1.1671595561449184, -0.9341401589144507, 2.3491969300159043, 1.4770126317966081
0.08557695350734684, -1.4076989487227065, -4.541789117689342, 0.3453944441393144, 3.146481398537322, 3.8973486689221915, 2.2678076012579957, -0.6195830546617378, 4.808637633566381, 4.444828207973931
0.46405647370055225, 0.32930272418358975, 1.2469326017556206, -4.179078530345263, -4.823486466136976, -2.734850891224446, 2.2753285736177844, -1.3946325184942365, 2.24331463396698, 0.3923277768055531
0.13045984138571776, -2.744957175519361, -3.822661225986057, 1.0830570358449707, -2.815200158730301, 0.986107657248823, -3.1240825791894977, 2.758478794420375, 0.07155308403493521, 0.2139426814665244
0.5531272634437578, -2.022563839241147, 0.9592473846188678, -3.5136398553688295, 1.4626404449568877, 3.950502092574542, -4.7816073294742925, 4.426690833168443, 1.3656306543568846, 0.3298220694395413
0.7180135007585011, 1.2874429887122378, 2.4872863171818524, -2.9893401370510286, -3.141883697446163, -3.4366240147791127, -0.7418804399788108, -1.5290600353767712, 2.2237268937250443, -2.4778789739534424
0.47779760097929924, 2.8547535894005733, 2.546267978673579, 1.3269989070073827, 2.341210167693405, -1.0574661197229505, 0.1180401965977822, 4.932438272613034, 2.6443257039853654, 4.284445956954027
0.5545452461940373, -0.9483686710461541, 1.1444624594199349, -4.99460943802812, -3.5034922436076323, -1.4714538999112436, -0.7267596008627528, -0.20768886022279798, 1.0098236025852962, -3.597457143908984
0.12172275769308871, 0.9316473744447986, -1.347265683418942, -1.9295589714027974, 1.0881921652593283, 1.1044864414453226, -3.199142650280613, -3.4988306642578593, -4.852013328499688, -2.284804793975458
0.2432849839312955, 3.4873595068220027, -1.7257411528236402, -3.3715919244378902, 3.4671914417116216, -1.8978688209906536, -2.9193991880149306, -0.41994317074553056, -1.826923069751245, 2.9622461981413215
0.715251099836889, -3.824742439323482, 3.222072190329307, -3.029068653425516, 1.8105488677312493, 2.7450047158446207, 1.4836415114491421, 4.384652089362014, -0.4913446561854409, -4.867180442940421
0.37323230916530625, 4.631502609840476, 0.7037443156926262, -3.3206051999936737, -2.0571046039125482, 0.9562030685261274, -0.8539373509571604, 1.3683728136703834, -2.0452090592242844, 2.750692339713848
0.6341108227174407, 1.9305743805815982, -2.16982960214966, -2.632565796309625, -4.454336259472306, 3.1289220246555267, 2.914664490572127, -0.08814179226907282, -3.0671883240407616, -2.9524142763520365
0.23304189730206581, 0.832842809148798, -4.296017691113979, 0.9281785731056118, -0.8669104344973588, 0.2791953766202564, -3.393297143217453, -0.808215751171919, -4.359850358280944, 3.5133985711409004
0.5176060639693372, 1.5747448077434338, 3.558991547466828, -4.602820727752389, -0.2658319273599927, 1.530375605538544, -1.6828240004829862, -0.6395887795739652, 0.020096412625828286, 2.1964838730840732
0.9462161991066531, -3.5492644040236856, 2.556245453447895, 1.184189498209232, -0.9980299462731965, -0.7418103711984836, 1.3893973163780178, 2.216025576727585, -2.8573550232627607, -4.380238983482567
0.24757690687231604, 3.7234158146624754, -1.7068233503612351, -4.594691277528025, 1.7445155538863784, -2.299623202378541, 2.708992658469608, 2.781520055662005, -1.3694881138463098, 1.2556194175786555
0.16475429312885792, -4.469173535224277, -3.5352851543242947, -2.2787443782067873, 0.45833590431508675, -1.6247447557174652, 3.7289349731475614, 3.0919122634134837, 1.6056270452524153, 3.2173258038687287
0.7172493188292162, 4.0148350229631795, 4.154103040801822, 2.4220369107811166, -3.7943194305326653, 4.956132054053342, 2.5212108926288304, 1.297755278676604, -4.682758591380302, -1.7677328949018776
0.2223839779315322, -2.3038363793754115, 2.9921743812717185, -0.8998186385035787, 4.514658483694298, 4.731563589494121, -2.6463512247773, 2.409146025702144, -2.272420640490055, 3.9340319938135604
0.027757700196251123, -0.5365470270611485, 4.4407784703309225, -0.4634396142697259, 3.594502203699827, -1.494119918448579, 3.9032270908423268, 1.3584799233210552, 3.7051210544479733, 3.516023539530414
0.00237166717502,0.509028127433,0.999797173093
80.9498730807,165.647295806,256.230679984
