$x1,$x2,$x3,$x4,$x5,$x6,$x7,$x8,$x9,$x10,>>f1,>>f2
0.23434038490559284, -4.6514073799503075, -2.069714848818193, -4.282673839318757, -4.098270690157225, 0.16599265227796334, 1.8511636317939981, 3.282857674647291, 2.801062393296389, -1.519707001180718
0.161901537752423, -2.3164373560269236, 0.9543543793718721, -1.3435128077513903, 0.1647479444072104, -4.479694340118298, -2.854868379216299, 3.1282275361100638, 3.6613561471925813, -0.03199053284219033
0.6331846924147414, 1.694703726941679, -3.133460498715893, -2.593095203671033, 4.155039062516375, 4.537691582589677, -1.6443287147958277, -2.533555367040856, -3.872344245126207, 0.4998402101574211
0.9223803368578581, 1.5600043951646612, 4.782707282617757, -1.1961798089184397, 2.2576041633456247, 4.821531448686143, -0.2016937851492706, 3.113532996034106, 0.6671938067748231, -4.094057797781247
0.2782516279544405, 2.7894441555773213, 2.6563510043662886, 0.7737814780557608, -0.14328801870815422, 1.3361595673959412, 2.396981097455715, 1.116904150144303, -2.6996301383142662, -2.9693225164706027
0.573705367794551, -1.863154772810689, 2.918540331513367, -2.8100224963873166, 0.6094373792754206, 3.2166684306170428, 2.412684989689443, 3.840335299923046, -1.0889819628890796, 1.5608282112419154
0.17334993531205867, 2.713726883320108, 4.904430424556827, 0.03984834828450268, 0.7518483898533059, -3.2365575673067006, -0.849355784238039, -2.2953852437904434, 2.793812977821675, -4.440941315532488
0.3879516147728117, -2.752089109430446, -3.7656022859370997, 0.041788571166227584, -3.3930627987108783, -2.565281453869057, 2.2294138999627124, 3.2606159425489185, -3.7256183641162153, -0.4032789410039612
0.2876034163618638, 3.6053102247864803, 2.3998599181377243, 1.3603897867158157, -0.8416388041675926, -3.6746626687709014, 4.680393634351784, -3.783875159048653, 0.8826396906688947, -4.181416750798903
0.6648222001508475, 0.47898005897191087, 2.2562499652562904, 4.753760361496401, -2.0641931330779153, -2.690927559631735, 0.6431440602447012, 1.8395648173723753, 3.578812472908874, -4.962581354749771
0.11109064823741388, -1.7854978002121955, -4.508840344795199, -4.514571291016232, 2.9306047361777257, 4.405317110274931, -3.237800390653124, -4.855010123255292, -3.878536511003765, -4.406556170500874
0.8563065580255578, -2.301185944545715, -4.750272879293367, -1.7861602267821297, -0.30116039014630314, -3.1963953263658276, 2.3615865833688705, -2.512836488090593, -4.934462563221378, 0.3042743357155233
0.828046710527826, 4.796384052551126, 1.9840212610337868, 2.217940551296536, -0.6340659677844531, -2.4327490339573887, -0.13493637029556815, 3.8244548693071945, 3.9847075556934257, -1.0586671450680072
0.39241002339427133, 0.7482898951979324, 4.2722155045347865, 4.835436725383381, 4.950706687724059, 0.18921712814092473, -1.1448480264577654, 3.750888863771797, 3.235406941553114, -4.927348994239607
0.4005817866843363, -2.918005153548624, -1.2442271590489562, 1.738987390145689, -1.4498647777835663, -1.5480706703867666, -3.2995803342302175, 2.042428032571898, 2.1579854998457666, 4.837856088145635
0.5731215804347993, 3.329225956190635, -0.4333724039910347, 0.9216860298037215, -4.10352851334326, -4.571258539043147, 0.8833502899288987, 4.634348777528329, -0.623630260082435, 4.445454021958453
0.29742903701620327, 3.6884975767789783, 3.51438756831395, -0.3850870385859242, 2.8865713618263458, 2.9071328760378004, -4.723245108750068, -1.6282891468232297, 0.7473995982753348, 1.4403374492769423
0.27104171155520995, -2.350319605881599, 3.3095715793858833, -3.967781453590853, -2.8291568770682796, 1.5411233153143478, 3.7479790321067004, -4.960961574203118, 4.690827403440736, 1.475797854772125
0.10666306215281851, -2.426355179794979, 3.9500006163389116, -2.2258733361215954, 3.1167299657941623, 0.8653997291033058, 2.622210793714994, 1.5882286379356874, 2.5645727233889737, 0.13426522276138897
0.5219956312062957, -2.6280174371193796, 3.9075479073792483, -0.5107024943164689, -1.905269459477199, 4.628228505528956, 0.6454373070011847, -2.7911800969251397, 0.9760219728963913, 1.5424765006151562
0.4821633811716094, 4.772906384376066, -4.730457287128283, 2.0840285285187674, -4.642657610735207, -2.7382795870980567, -1.0499516374757043, -4.018218121568031, -3.7651341357190846, -0.8462519656766867
0.16895874313661596, 0.2185002064329744, 1.5547002347098449, -3.442110575906904, -2.4487753155187733, -4.058421773865045, 2.338156484153135, 1.2831364420210392, 4.828264967668245, -0.5820955422290544
0.17032370517677942, 2.3513862296736683, 2.0762968373867867, 3.890022217622697, -2.1177629340776205, 2.2855871445111378, -2.6447893948885515, -4.500018119153185, -2.1698897527154015, -0.6151422155559523
0.41688957304131136, -2.685757860951706, -0.13611511002942223, -4.774112136286601, -2.0194886142946187, -4.823172480621104, 2.9653131966650834, 0.566427831942871, 1.5409477439064627, 2.4937571090903257
0.7303212654694774, -3.4438398785530433, -4.27458316845387, -4.677669915230693, -4.881602791704553, -2.658404755024435, 4.115801067431764, 4.362479691234583, 1.505226322049963, 0.903783955521412
0.25112146176012295, -4.327639075675799, 4.788726841342186, -4.575004864882896, 0.7793497888873517, -4.315074489639736, 1.85817037207992, -1.783422180233277, 0.928487766974186, -0.9859832042983339
0.9749627519457826, -0.16341404445358165, -0.29084463166441665, 0.2567059061815655, 1.6265427680842865, 3.5375687650846572, -2.9264928058391195, 1.4075104016431634, -2.5671318124903575, 3.6994951731494066
0.46502331744036207, 0.5318783812918007, 1.295614406600432, -3.327093546817471, 3.854996240760368, 4.15837520063565, -1.831031623430838, -0.11807931033363328, 4.1301265467212875, 2.638570509815362
0.8540263365181588, -3.5653552278861964, -3.235043776375852, -0.5114742288784777, -1.7663919244428747, 1.4157806701683926, 1.45527283138248, -1.4809590659760685, 0.21536266834265128, 2.3746554356060514
0.6121854022253942, -4.516250978102571, 1.9214681111211096, 2.22651383755359, 4.419392692254139, 2.6407901594337444, 1.6627830092806022, -3.593941128235776, 2.5960477079296975, 1.856791599884021
0.5348124427868668, 2.0503782951923535, -0.2356666909911791, 3.2867815213663842, -3.070955548950093, 4.449257384006238, 2.478611408741017, 3.9454043370322687, 3.2141792104593847, -3.7684858160132206
0.29604462384043106, -2.9807659745472392, -2.5793529216958433, 0.8998152471916718, -1.813614274109944, -2.2107622506131994, 0.5049010265609013, -1.8014194293710348, 1.1969378507988724, -4.173430981071262
0.0046649422026965315, -3.4915568354442006, 4.120147167468241, 2.085629718661658, -4.54479800524315, 0.25255921172391993, -4.782058542793239, 2.4380137665613653, 1.4015752957358618, -1.7021533459632665
0.1843340385041342, 2.2372602041942002, 3.9879801979288914, 0.2266199967708129, -1.0838284587720448, 3.108555000542218, 4.195615864179551, 0.08360563357841766, -2.5599181242057045, 1.882228050882766
0.7309963085036848, 3.2045653344261655, -2.2323457211343953, -1.1803734915544317, -1.3768539988386665, 1.7820175167956496, 2.8498996393397196, 4.414885433053062, -0.20457798332661792, 2.2677055794436543
0.8909808113029372, -1.0438735466873963, -0.12293365163919123, -2.305288377097056, -4.278819033943728, 3.503622053005838, 0.5115221839191033, -1.6612072562863602, -2.0446818759050123, -0.7186775478069896
0.17734542962448485, -4.618091924283194, 0.5891482340131162, 1.0657176470090546, -4.557401849566184, -4.330596904707058, -1.4188048802185325, -1.0790079541008746, -4.24714686246284, -0.08704620578758782
0.45948738415930457, 1.9664581913976695, -4.8979093142947185, -4.876743830220173, -1.1718420514460224, -4.2820191951940885, 1.7849556759427045, 3.022547533066554, 2.6280388876385903, 0.3793308017368693
0.4666984954127481, 4.0948147464753575, 2.781272826289406, -3.3844511200882685, -3.1504337236879145, -4.412552852302286, 0.9440036566712369, -4.510949566038036, -1.744727666189927, -3.317631716143583
0.6742422296151467, -4.68504769433571, -0.4436514422850504, 4.048600243122808, 4.950501848190823, -0.8753756724288175, -0.8454368570851143, 1.5759870221603016, -3.7869149135006683, -3.745189606602599
0.2895007669334797, -2.106450771265005, 3.5424946524106566, -0.3330031803715858, -0.10756520206466913, 2.7892487611056973, -1.4014050658964958, 2.0835615741228866, -3.3869831433658018, 4.552725016775543
0.31740768271320396, -2.5196760251227044, -0.16920894521759067, -1.944070132732313, -4.107365639919478, 4.4513264622109965, 2.7844317664477067, -3.4271488963567434, 3.249533626512161, 1.9471582115385386
0.531140352615716, 1.2738523033079563, -4.266868262023067, -3.489979728379388, -0.3128124513189796, -1.7939734038623523, -0.7452567934271226, -2.55602046492117, -3.0241206505142335, 4.391124655439038
0.9769607057262546, -3.2166462055078093, -0.2575231902272632, 2.2952890286139516, 4.102044691263565, -0.9901841216340213, 0.9935727985500371, -2.999682505969191, -3.0766388264284297, -3.7252316228573834
0.06097680916571957, -3.736087329127761, -4.932943185202574, 3.5024104112542727, 4.863268479182178, 4.158415661554709, -4.057851791146843, 2.525194543797812, -3.6713757144870995, 0.3601330102848248
0.6026858376228408, 4.079051546922516, -2.112850721576782, 0.42780441969979766, -2.4318277059881144, 3.7318061146468686, 2.4955205296533256, 2.112760775765236, 1.774817420096304, 2.7625019683544627
0.3918109076383127, 2.557790393196604, -3.6379474680655663, 2.518358958673743, -2.3536143179699343, 0.7032203591017607, 0.6363059618011944, -1.8198556376092423, 4.223214390988591, 3.342672952322946
0.05886836884563318, -3.630990909018872, 4.633416294568404, -4.217836692017665, 0.17980192100726544, 0.011530725374696793, -4.553570519422989, -4.591017735460267, 1.0461049316187943, 3.0220037700286255
0.995482356799264, 2.053764092134297, 1.7962247360796901, 1.7708632370012083, -4.050685584477768, -4.641972890142573, 3.3526449145315382, 4.0161323044507995, -4.58876134096828, -2.268349657663027
0.5529141055030169, -0.6363672044150368, -2.759165449731422, 0.4443898611804027, 4.4641168629710055, -2.737685930105025, 4.742990676679554, -0.12368522222831935, 4.869560801946333, -2.4725078738557493
0.985802532276093, -0.08197105558223061, -1.321371188212681, 2.1994809252014207, 2.5471632652945484, 3.7578844904626756, 3.9493794992115205, -1.6896548218090857, -3.452059541497232, -3.0451519604867427
0.4257766638606377, 4.194242436508265, 2.5518217843816062, -4.528255724799841, 2.32696779331123, -2.6888341201067845, -2.821058161699842, -0.6084330601171555, 3.0835923643811185, 4.947244608349216
0.22333418278091965, -1.8755332775040676, 1.2929651426712248, 1.3278496066614762, -1.9906774525182822, 2.2850888339212574, -0.21504097063827565, -4.2432583173204605, 1.884027925740237, -3.5133908235484435
0.6578155466534026, -1.265296189597266, -1.2962465676466808, 3.0218752242660845, 2.099728323533717, 1.482879461463769, 1.1269716780334118, -0.9966343506945599, 0.4932803380026538, -2.661976561642978
0.018866598799114787, -0.059188415572561937, 3.7690774680957393, -4.836553590991572, 4.625044942633647, -3.277491602755992, 4.3040208248364635, 2.373997730045777, -1.6747157706367455, 4.135899140092118
0.2645963750674769, 0.4697945880155512, 3.94808399213335, -1.903615330817685, 1.964091149311649, 0.31811700830983813, 4.245360285254222, -0.7800465274184116, 0.1869467096216635, -4.550592204642823
0.9816680774946014, 4.698005518714108, 0.33682520674673455, -2.339844977714425, 2.931710680668731, -2.9070776722136173, -0.27339590385745627, -0.04782665446363232, -4.613198263904083, -1.4683441216071067
0.4675969268333202, 3.4879215463353006, 4.037386335196709, -3.7701347995278125, -3.340896652045582, -0.3719775959700611, -4.475763092524191, -2.029339945750981, 1.6851032656676104, 1.299109470476064
0.9827619686901243, 4.432303148783118, -4.826310929540217, -2.4012386398924424, 0.21120916156368263, -4.2809832889469455, 2.264410834449441, 2.39032471536058, 3.6484289368289993, 0.51489967126499
0.3961223709905505, -0.9900925507266409, 0.2322566007179674, 1.8418265548568105, -2.181979783148723, -4.218772617864785, -1.7689351948040164, 0.3174174754059802, -3.277447443257916, -4.01992295034324
0.08922996064634314, 4.337619651829991, 1.6246293779264134, 2.510897983474589, 4.063371152791968, -3.71052824343883, 0.5363211694546468, -1.8500682780419409, 1.7892411517943216, -1.9997881430100684
0.4246337040118562, -1.0861161728199198, 2.4968699322567423, 2.4648075724663236, 4.179574038027683, 0.15949287420740177, -0.5704182968159577, 0.7328461716541383, 4.015381264130607, 2.461857057848195
0.9370151613210236, -2.6771498367558886, -4.885107033670415, -0.3181972963439561, 2.874917125077295, -0.08251814460806361, 3.7421024439915698, 1.9696317213985202, 1.3689637044101843, 2.6752013641570285
0.4661954418572045, 4.217452471559971, -2.278374404544677, -1.777946089256229, 3.438068123671121, 3.15703197968905, 4.921099299876914, -3.6306750273033686, 2.1196833191274953, 3.049684196344664
0.7933142244415139, -3.6187484393118874, -3.9377938447955363, -2.477723640160925, 0.48227496685098625, 4.409497003019039, 0.3167016306711279, 1.7312657872440234, 2.3513882055864945, -3.955871385152785
0.01996652628043971, 3.962562560060949, -3.5373490229144346, 1.5012517322182672, 0.37350110591483165, -3.276493809262541, 2.5140448798194353, -2.7826876896516497, 4.0582836708095105, -1.6194133377723863
0.6857491053218339, -0.642436822593969, -1.6826249050643671, 1.8929147281991066, -2.906013850047172, 0.833037186575619, 0.9187904946909295, 1.9655811429199588, 4.163191955215185, -1.978247189335919
0.467588899070287, 3.4160696349724535, 4.933253968430527, 4.763531562528399, 3.9759415881375944, -1.2345597185847277, 3.24026571711331, -2.8274551779694157, -4.165389214297943, -4.910616867482812
0.23253804204342776, -2.505901914374278, 2.5542589462451426, 4.072127925948765, 2.8276503908717014, 1.8731398227586826, -1.5212415911585655, -1.7115041936874222, -3.810396030184343, 2.382666682970788
0.3762678334884647, -0.627685903439934, 2.6536087703763425, 1.061318801050514, 3.0196332485240074, -4.1155451521969075, 2.4775264034491435, -2.941870851203814, 4.7226728707644146, -4.125847842669616
0.19012244229922293, 1.6153217777378392, -2.7960975833702717, 2.3147372391086627, 1.33801851441567, 1.6795198596159437, -1.1252228198390157, 3.634754187333545, 2.489731316544886, -2.7871553980048915
0.05756430729455242, 1.8278978422684657, -0.1605357879717042, -3.8885941095775145, -3.0428419531435247, 1.008811782705524, 2.117284972073266, 3.590931965734427, -2.1483371903439585, -3.185173526477525
0.1782053833244478, -2.140543533646894, 0.30551313546579006, 2.379705608712433, 3.6998663419130047, 3.6151283760213015, -4.923937659970614, 3.3167300767641485, 4.198932302769592, -2.9731069399777432
0.8076370810694238, -4.069206800715907, -0.0283301055898324, -0.7795037556305822, 4.35630532620366, 4.381109498425436, 3.985017403522024, 2.8273564009446837, -4.367127014267828, 0.364020765519105
0.22418465249236696, -3.877050943694308, 3.8989719730788046, -2.846065088443539, 1.3121952559687058, 2.758664293365861, 2.3184257344858903, -0.6849269539688834, 4.7103152599459825, -0.5949740390045726
0.2195953161240196, 3.159960984692793, 1.8516105756210717, -0.6725656775368147, -0.6677567681638363, 1.7173337259860046, 0.4319326960248926, -3.1199512132156046, 0.47205355342737043, 3.707141676021049
0.06684712508284474, 3.661151077564959, 3.928525947451339, -0.9022706645896053, 3.8145262413765284, -1.93518306147332, 0.5129515473085213, 1.9379221586368605, -1.7608345520778137, -3.1762694723685057
0.21325167950005552, 2.1935793630747202, -4.022608760041892, -2.5818701805411393, 1.2260277654411738, -3.009542975100783, 0.40569410581089294, -0.13113124814462918, -0.23315201746184488, 2.1218792815617027
0.6275389560044646, -3.786726619854157, 1.5004263143379246, 2.6853465187965178, -2.722913236836754, 0.19208543246726517, 1.3246230376321764, -3.9286980708145225, -0.7551673446380036, -1.1753971401148289
0.03422501125661326, -0.08652176428417224, 4.876724425600129, 2.080015014666242, 1.597306753681643, 2.856596347794839, 2.3793420168006403, 1.437103965087335, -1.809697899724323, -2.0247409454141585
0.32571221047478083, -1.109053509352452, -3.7348849387277463, -2.4478594985183113, -4.24851404964058, -3.54812641418788, -1.1215953293539096, 4.124861838903431, -4.338113838930026, -4.29845706074401
0.9884109039476396, 4.163459222745779, 2.4998083588301903, 3.8341720889072093, -3.0570978669883644, 4.04822342013537, 0.4389928061906332, 3.4594899348182455, -1.912880324247844, -1.4243966583319914
0.07185057627989766, 2.660676991037308, -2.2100857124373685, 3.8548505613508954, 4.420287309713677, -0.5756794264482075, -3.6431955622863166, 1.832369034199795, 2.1312135005873216, -1.7354520574750931
0.5405229187120217, -3.9301815432780005, 1.8068864976007681, 1.531865704690249, -2.0327289602814638, 4.434298444010558, -4.034219797125083, -0.3659573227916777, 4.337428250119251, 2.4655741136471097
0.9401862867525161, -0.04336188937459262, -4.7110796086114, 2.2567802115291693, 0.03723491826784997, 0.01361386413030452, 0.5205041088139764, -4.201073291002335, -1.8277010247618017, -4.238145725571153
0.7848046333348594, -0.05452408438095713, -0.40350544371924535, -4.822954758354063, 0.24235110718678765, 0.02434322669298261, -3.7674611264954905, 2.626947636286215, 3.1951245112955124, 4.053392569305208
0.9757728306292857, 2.346771588903371, 0.11457513131766017, -3.866831260289194, -2.2239237329960604, -2.736214069149876, 0.02943049863883651, -4.306565766424128, 0.2512571420440004, -2.9492420642751704
0.7397039569424466, 1.8315553362886021, 4.368904771222127, -3.553049741979816, -2.9045537427753123, 2.24704880505484, -2.9239163707079454, 2.3114036968893714, -3.7456797502461345, 3.631001377249648
0.6704040228007024, -1.0314812590780695, 2.3842001254858127, 3.760303813785935, -4.738936736765474, 0.16458591494853891, 2.8167921701120244, 4.024883221952514, -4.480739377484785, 0.9829911525009916
0.10380559540911494, 0.9336225110364431, -0.014644970590206086, -0.5567718491006781, -1.2819442265797654, -3.0033264754164666, -3.3088781705376147, 4.605421566960926, 3.277864091931491, 1.1442283966637126
0.16458807582664192, -3.706583334748821, -0.1907888243692586, 2.261875681387049, -2.9051769453145724, 0.7875346571567068, 0.9429912942453651, -2.044117130641079, -2.790867831740899, -3.8718445507505783
0.6096649269557404, 2.462131034629481, -3.353489391351662, 0.4499087252884948, -1.8251832216455002, 4.126457970396897, 1.347347254290118, 1.4229648991621566, -3.6283081502434866, 1.483494736279586
0.00121619323808,0.47608813082,0.991359166331
81.9947348573,163.258061408,258.857115168
