$x1,$x2,$x3,$x4,$x5,$x6,$x7,$x8,$x9,$x10,>>f1,>>f2
0.8077805086969284, 0.9462221585908546, 0.18584055720309223, 0.9343723447427633, 0.9124871479536514, 0.26596966585773796, 0.45403444243421764, 0.9590192808047447, 0.2932914519257931, 0.6419672208814938
0.7985561418663265, 0.92009667646991, 0.9133798810849633, 0.7941024799389739, 0.7840690286672857, 0.5497011442424121, 0.01575560928390063, 0.057737195400267005, 0.12260838878308644, 0.9992069020486686
0.6533446550859295, 0.16789492218143542, 0.32922400024579257, 0.47792305344243347, 0.9358391414746609, 0.29962076761349754, 0.18432672653822646, 0.5100647760001755, 0.586582543535569, 0.2249083307934432
0.5297106286917987, 0.3739902606683334, 0.787994805082333, 0.5280098635240434, 0.20027057353275224, 0.6609714197309954, 0.2508605627907824, 0.9898050461342387, 0.100803008418766, 0.5798733464372359
0.1644201289309497, 0.7141684041263794, 0.3135103478802056, 0.630606736468525, 0.37170005933952865, 0.9231023347239192, 0.5818256588882293, 0.4907168080080584, 0.41540329787740704, 0.7484247536729123
0.5012509616423954, 0.6901003843442709, 0.6989077208911738, 0.0286964001502662, 0.388615440321072, 0.3840291236807094, 0.48047233872704775, 0.43531754429548253, 0.7050118912575782, 0.1219783389926471
0.9809747666414239, 0.8790841108884943, 0.8298712188973323, 0.9020122012345378, 0.20232761942109034, 0.7950194060458299, 0.2658773299011479, 0.04047725131948665, 0.4039172752466528, 0.22636010813986973
0.40324067940487485, 0.4804410756833367, 0.3629617403972337, 0.13887671511344102, 0.361104572968011, 0.30789570118956966, 0.532886945304053, 0.327528883755989, 0.6542233160972617, 0.37681039212991974
0.22003448549465132, 0.9420631777943094, 0.5973461535782578, 0.8666205716192418, 0.11510259234412601, 0.9259892089502776, 0.7108664683008901, 0.1265563314060616, 0.8583666714087248, 0.6183583314221892
0.9180160190350922, 0.5569097268090936, 0.7782364447623926, 0.37040544651422525, 0.4582955024099118, 0.40333294977594225, 0.7648702658304642, 0.8898874425025632, 0.575049165998496, 0.19295473113350436
0.0027336655839177437, 0.8714163346219976, 0.9670554599548496, 0.25913445067809493, 0.1620238794416584, 0.633335804231263, 0.40755226564729097, 0.1340954966015937, 0.5411636038561676, 0.5355618018958961
0.25344870985306234, 0.25391789798469544, 0.41591915686384595, 0.7020898518265429, 0.1601355882977733, 0.07635186327548726, 0.8463640638916996, 0.9182384954522331, 0.9884725634762935, 0.5094433004852995
0.15279131964703252, 0.15482074699130877, 0.4760990962301005, 0.058312771001323926, 0.5524745361108743, 0.9968320028542681, 0.08625349838246843, 0.019298843985408154, 0.036481821264718106, 0.2956584780077547
0.15415799482466053, 0.05125642204959269, 0.13179868984777865, 0.0329687697856178, 0.8688337415172468, 0.274214655884392, 0.12192006793424148, 0.43652888742432816, 0.8559977177617181, 0.8602654599536816
0.9909617072549187, 0.6018882686848855, 0.11947002024330489, 0.9633060283575751, 0.14702363246913697, 0.44718352029825215, 0.3451513140797515, 0.8062689209422098, 0.9961881827141197, 0.4688731871026407
0.6062162860317234, 0.48279858514343443, 0.2112407810895155, 0.28167836731827933, 0.26731803372923835, 0.9197050055015074, 0.8208869517262354, 0.8829329679342074, 0.35524297157966944, 0.9768533126443639
0.7483190615976858, 0.4699928073891021, 0.31067577604918106, 0.1620856934056666, 0.19228632879238627, 0.7789805340498941, 0.25407384592190385, 0.6895071852630712, 0.5622016685041148, 0.7326028797652597
0.21699666184303368, 0.6940590731506185, 0.5297166727121031, 0.41321838372185005, 0.07098739592709402, 0.6553493671734374, 0.780809941868501, 0.4913201497283751, 0.7741257140045501, 0.34682368373814143
0.8062262843528665, 0.9533854087526044, 0.7240204471848523, 0.2613998103701628, 0.9645602664541597, 0.23917317370322233, 0.79280633693783, 0.45198630350008484, 0.5696927209343692, 0.675259295592513
0.7030670845782035, 0.577335938843326, 0.9139345136292403, 0.1688905142745677, 0.0012557947554188154, 0.7318755774170463, 0.8019041190334806, 0.44866636668658855, 0.13291404298753662, 0.7802192286779653
0.5153966514714577, 0.838168018374841, 0.22545631671809652, 0.5677065832695725, 0.6951694424321412, 0.6261317629054296, 0.5456074714520186, 0.3290188551434212, 0.8540747661316805, 0.7531503601138809
0.15817646507371808, 0.2975202182895198, 0.40005402928629286, 0.27148331446586105, 0.6242553825271387, 0.07294626971244089, 0.16338664645954515, 0.1954473087692229, 0.387633915067784, 0.9170840591637694
0.12695966957737403, 0.9347859614084626, 0.6706237968410277, 0.27962769192074655, 0.6999930556736601, 0.03626583710748654, 0.8006874321986962, 0.6435066245849406, 0.7473582339880909, 0.276224667320752
0.34889682780185305, 0.592326536544105, 0.6972329898901329, 0.9298530154542869, 0.06674900501999759, 0.13073195440546315, 0.757226864299975, 0.17050283598746252, 0.1928320846107875, 0.5901684214524626
0.737024800287651, 0.1684794893004239, 0.9585069277882484, 0.8855013118651356, 0.7445789537142173, 0.9456168417321219, 0.2598435062035289, 0.694987830495276, 0.07714435248941309, 0.08917498656835066
0.7557161893791802, 0.3533112077701127, 0.7528197292909465, 0.3835063928170038, 0.9834677806802476, 0.7781323550840726, 0.46439527938960934, 0.13818348304869077, 0.8329473181924766, 0.01244658816899158
0.5771682860309482, 0.34653159607754225, 0.88433778827474, 0.35072101674367073, 0.4487490516787893, 0.7479194327804767, 0.7537932453922125, 0.9522209899165939, 0.06730658720967364, 0.9830029259066554
0.3434476661106689, 0.2572002597398756, 0.09510385896568008, 0.8891962138660756, 0.3482396440873806, 0.35078469857544736, 0.3088005432984061, 0.7891211492648436, 0.5836029972789772, 0.01829298446049321
0.3570079260442114, 0.35365704382250684, 0.4567130214219677, 0.5631899046134914, 0.4928650644487045, 0.9728006732343354, 0.9536648491227371, 0.006143974003806063, 0.2696001214635384, 0.06836715823740591
0.6819770188472044, 0.34247403465631177, 0.5214102725181792, 0.7073298726216424, 0.008916720201087913, 0.10624462916907085, 0.6800695240622736, 0.19554918176055514, 0.7286082157362358, 0.8274633354722967
0.8206382844422297, 0.7533686520871458, 0.18158769107822126, 0.5534346253901182, 0.6507093151052911, 0.07269827039571397, 0.8529790587196769, 0.44543219108203325, 0.5801652639115197, 0.002173186672670746
0.4081903605528504, 0.1170429539120511, 0.918955894681946, 0.860992746204641, 0.30693854225191797, 0.2558386559609993, 0.4513345230910796, 0.45177719984013576, 0.2840251262442557, 0.5597360467153689
0.9715212915488393, 0.0993297355514835, 0.8430307251417162, 0.9993593028537308, 0.45939661265216447, 0.17466096138454823, 0.16780859956760152, 0.08977480728148313, 0.9363816066490172, 0.7564331233892545
0.9381653205576146, 0.6614222088690354, 0.6250803313893251, 0.05945562583644426, 0.24201463024274983, 0.08012151876385742, 0.8410663051818362, 0.16796848505357043, 0.550573057027852, 0.5352287492151736
0.015100138485577563, 0.559966951406338, 0.43666827255040663, 0.12332891003508406, 0.41903837121409837, 0.656096155470703, 0.035455117527208535, 0.042548627286477125, 0.9586514932211107, 0.5201615887514003
0.2812648235457249, 0.7678299074088738, 0.6474478122483524, 0.7335904887508458, 0.4585081309570235, 0.06293482400074424, 0.5166507113126253, 0.8173641362656879, 0.6453326761640227, 0.5128114352713681
0.06443656266574449, 0.5937951665110962, 0.9123315212810277, 0.2357374752597171, 0.09341051285853319, 0.006478976047361584, 0.6142279295817016, 0.44236431203620064, 0.7312291261346567, 0.3240222334503615
0.4536131428071194, 0.853016957499467, 0.35073416491676057, 0.1992230094582489, 0.7034830701543969, 0.7357959616737346, 0.6952642668384278, 0.13979822863899738, 0.9338014555448263, 0.257347030272983
0.5862079054792887, 0.4990966304256407, 0.23119356291152704, 0.5815229581265507, 0.8926900291485781, 0.7962099519992029, 0.023413096584477433, 0.2469941357738662, 0.17597245599954892, 0.6231321110658185
0.30585300136910265, 0.6933873328038063, 0.8934217548142045, 0.5503138429111746, 0.6373468916346672, 0.42167265491374095, 0.0443457837305522, 0.30156089693164845, 0.020321531299977158, 0.24439462605219253
0.044637886616457956, 0.1119911762329664, 0.6390107141825261, 0.4309547757550225, 0.3114744426349503, 0.9683777410489134, 0.9760691246313413, 0.8942624372721685, 0.271234172320579, 0.00709916395636534
0.17241042695166942, 0.754463195011026, 0.5107931886803234, 0.46734071551536516, 0.968504756661303, 0.90053624263203, 0.49232953895690834, 0.027302482164863306, 0.3303808171073367, 0.08365862515222877
0.47366704195639076, 0.8507024955326995, 0.7765294450577459, 0.680096778180948, 0.9712558575782912, 0.9574295036472158, 0.04831815201787981, 0.7171096163063159, 0.2850332066037434, 0.9543850745833301
0.2746780882043651, 0.5568107316780624, 0.04858998156784533, 0.4340074637782546, 0.9091711214108784, 0.2729697605967861, 0.3433108037935648, 0.47683221819869137, 0.15278416444350973, 0.9890436124666804
0.33318773482057007, 0.7791841883435983, 0.045455873832180416, 0.28286271694739207, 0.25330183422460795, 0.6801222221763931, 0.5982199521899163, 0.2526258038646654, 0.5031786763369086, 0.39856089605591594
0.535660891427802, 0.9806242340468089, 0.5678411267413264, 0.5922765586029745, 0.917152476932803, 0.8436455532085894, 0.861255951505647, 0.8750935326185146, 0.750634317430115, 0.7409344816592424
0.19931909729567232, 0.9491774344387327, 0.6221534009008787, 0.18439938888428942, 0.5162209736517618, 0.7229338538504526, 0.7573874432077837, 0.05534523161979554, 0.7991610636123472, 0.5839953545440192
0.29473329272489945, 0.7446153913285991, 0.8131104583403593, 0.2613747548574219, 0.17649376105087322, 0.3494464392340261, 0.9591676016547563, 0.7656045008743664, 0.8780517127505125, 0.8841316830743918
0.6478377398672094, 0.06503974186230854, 0.09225571735325411, 0.9545234692519432, 0.061830436993290605, 0.8408771107439866, 0.5395182062357857, 0.13054092512301607, 0.5428540203183505, 0.6840037637765503
0.8848002962873721, 0.5035317771775427, 0.42352469233734424, 0.07961980765496202, 0.2634568048184587, 0.5577098004379225, 0.6418601703155331, 0.14581259507481104, 0.3242120182217575, 0.19879564639229286
0.320607882770903, 0.21811905831663903, 0.7253396063517742, 0.8479812442422677, 0.42746370432039893, 0.553290525878735, 0.44830675008535203, 0.5497333474582541, 0.7857989973630765, 0.6499611925721464
0.12095418813946734, 0.31181739382175666, 0.7355990905130388, 0.5503453207060256, 0.9896051364698198, 0.8114279161301517, 0.7903546274471352, 0.9769912769241342, 0.6246588189408878, 0.7381450244253936
0.9319055114918523, 0.3653943689318625, 0.9115437383414038, 0.04300506430152917, 0.29570887628935916, 0.6143313574317372, 0.20745490307748993, 0.02366728389885364, 0.6912789405290027, 0.5509089626623404
0.21482188674328628, 0.04037424259653999, 0.7881885006436709, 0.9380463905597473, 0.22654947614705068, 0.5802021665949595, 0.03242416846208296, 0.13775670121061212, 0.48709826110512044, 0.5374100863646554
0.0923458743046014, 0.2826760245443636, 0.9089632945402053, 0.3762192462636965, 0.22362147490585116, 0.9147609202455838, 0.04177061974859275, 0.6465856168237428, 0.7443907731399644, 0.10084678789915946
0.9380157829416593, 0.44816157833412196, 0.2731875178274418, 0.4583170631286325, 0.3806834778583327, 0.5773286327319407, 0.370738352107029, 0.10023110252292078, 0.5566418073850699, 0.9586593048860164
0.4191505565142126, 0.2135727592009694, 0.23985775207887117, 0.30302125718548767, 0.5277494010155305, 0.08126295743934375, 0.8976354235697892, 0.6383270208545064, 0.12537701172789628, 0.6962012775759893
0.4272295820212145, 0.3210291153799669, 0.6144635907757436, 0.8128264217422552, 0.29298684080039483, 0.7161257066836197, 0.34412185191967426, 0.26302221971824846, 0.6408722135437479, 0.9322255672658586
0.9830450409284699, 0.7817400808756062, 0.2368183286527864, 0.43348977083505114, 0.7946163595571456, 0.6174805513746278, 0.2760793779739408, 0.591768828015515, 0.920766628959672, 0.3102467320134711
0.21427043225491316, 0.327293480249077, 0.7864816721562491, 0.4473478587149141, 0.10979314935877549, 0.7774894073387222, 0.848991140304118, 0.312991245657785, 0.03204882850833646, 0.7140537375299086
0.385905562416348, 0.06462796881358568, 0.14489738627397908, 0.451058611492797, 0.27872635222784226, 0.9204432055220579, 0.645118458596263, 0.2140252665868102, 0.4243001595601935, 0.6166934683973615
0.45805260423026295, 0.5930080484968793, 0.9608371278894803, 0.3990438330957662, 0.6552909501324535, 0.08037264530898525, 0.1380387583155135, 0.42747740372356324, 0.7618561074191851, 0.5210888579619173
0.8943607012692488, 0.7302103776784141, 0.08679417553649149, 0.07579944720747855, 0.8032801408402721, 0.8164429892880677, 0.5717699022476611, 0.9167961463161413, 0.11136649308285451, 0.3774741318646503
0.5431395034986445, 0.576331200041561, 0.15330208718354799, 0.249447287214852, 0.5450201433539119, 0.2625126858624529, 0.632678699388702, 0.6971744448534282, 0.7816501205906283, 0.3247313943896676
0.29664301775557644, 0.8125909345489343, 0.9021308328769333, 0.5335240714222884, 0.6864426017864436, 0.7384176286557265, 0.9467624075993949, 0.5094954477015983, 0.47318178109222286, 0.27763001995980197
0.6953496021871751, 0.39382586244979856, 0.00454347787067888, 0.8733472699393056, 0.5656864333462023, 0.47046564901806587, 0.47774649170828876, 0.42862989229166526, 0.6108052953442666, 0.8459983908865584
0.20292116125575443, 0.16498650366893375, 0.43765526694780343, 0.823582379511618, 0.7758398267274248, 0.04736810970828709, 0.6725038492840943, 0.834610931522707, 0.9106261897478026, 0.15614001168807112
0.010484076098385198, 0.6296334734652583, 0.9883135606997289, 0.7663730736182869, 0.6588477148952268, 0.4580704925063944, 0.09423658513583433, 0.11034279138324532, 0.07916956950944776, 0.7633332006876965
0.20899111902976142, 0.2710239576858219, 0.9220673568739692, 0.5469184186057625, 0.6567816282559494, 0.7363216828822311, 0.36224164476241993, 0.6302651741187424, 0.9713900749825, 0.9012912005764778
0.7211467453112104, 0.4697486984204867, 0.47328077676866276, 0.042216841542864425, 0.22844854538461612, 0.20329658424889863, 0.5470145519479972, 0.6601412277151052, 0.1358479094362267, 0.543854501280006
0.5127284532193794, 0.5817272175431196, 0.43846851123849706, 0.29262414409344695, 0.08450731825411795, 0.48325307266856665, 0.7369207599380936, 0.3280456643181705, 0.10988255043893158, 0.8321478985820041
0.3399503592007075, 0.8475234140111595, 0.10642828798221571, 0.967556314124353, 0.812633297103282, 0.7789350493700562, 0.8349749371906021, 0.776808908518742, 0.3886138985268014, 0.4810429789780508
0.19088911281644472, 0.28275229049097894, 0.35768481998459567, 0.8851805989292099, 0.4612920366209795, 0.2909686870847966, 0.637288805487438, 0.7070955140660882, 0.9373098177375222, 0.675141143006478
0.6404965850745081, 0.08090488910057714, 0.8896227423784436, 0.014323731164258557, 0.5138427198630532, 0.2741054853224323, 0.7472469135336346, 0.2892988138103231, 0.7426504846322497, 0.15668202146444332
0.4415769094070864, 0.749122442887575, 0.2275077191710161, 0.9186629052658741, 0.08532672923368556, 0.2785596434674401, 0.054470905010452486, 0.17422113339532952, 0.8733537345827119, 0.25691594913405214
0.88658373615232, 0.1145040997986031, 0.56380256280285, 0.38287999901206826, 0.4682771150087539, 0.16691533086026145, 0.815763680894085, 0.8132328024385871, 0.9029220645889413, 0.6302666987319783
0.5207533128150238, 0.3583581332348901, 0.7425637118224144, 0.6885332816138809, 0.23176747951578214, 0.4939472553604426, 0.8186410223349679, 0.9303790625831826, 0.07904145727341283, 0.7574987536339168
0.6663576833063316, 0.1079989231628039, 0.5250059337535331, 0.6687126105410687, 0.20876962403367005, 0.7388156967978343, 0.5197753006228975, 0.07682802949746947, 0.24062861413933923, 0.664960153079076
0.3975595884287667, 0.6079765934331479, 0.8270308771345337, 0.2794921614424296, 0.370017740608204, 0.7217257642043594, 0.6492337366591172, 0.39417278910678977, 0.7297640379687972, 0.7518128880578552
0.3388393988759214, 0.19805724778178968, 0.24485069004793936, 0.027794310719038928, 0.2782041298166472, 0.30541019941824166, 0.49689381066916627, 0.20021674743983497, 0.4510585299940917, 0.6532284294937134
0.030961837886618215, 0.6002749356239948, 0.5062680582928749, 0.719079189895986, 0.017310138463367597, 0.30796135590158313, 0.1318194112675818, 0.4949476189147487, 0.42850741434224315, 0.4633749647326001
0.18024652482510628, 0.4670878257030616, 0.2458189921588949, 0.904573099146621, 0.48294121306818505, 0.5329586635773735, 0.14907966460313826, 0.5819291545835756, 0.8239782423398772, 0.12038049043003929
0.7472449963616772, 0.7920105881244456, 0.9163630173842549, 0.6519883602767935, 0.7978342793607445, 0.8201497412854598, 0.26808693639023307, 0.49144540747274157, 0.4614086529812922, 0.6808885096688805
0.8516052704517023, 0.31816078518909285, 0.6099038527222516, 0.2857409812153654, 0.902991051751764, 0.9060513662299777, 0.7627289831054138, 0.13585279782583015, 0.5589867726527529, 0.5214862736866447
0.04405705009192373, 0.5252892053694971, 0.4212130429935399, 0.1354829039155212, 0.6310664756366693, 0.06078269526274904, 0.8325443972754958, 0.771193028407529, 0.2626121442373798, 0.7412181092995648
0.4152279932142443, 0.9664493297861878, 0.9260539026394052, 0.8958529527026918, 0.8370870851576646, 0.9054925217878852, 0.8672514252341309, 0.8437151868495829, 0.6208009464262803, 0.4367443951703712
0.12688093492005714, 0.4601755372702381, 0.5746490875292066, 0.7494525610241084, 0.7240578552273712, 0.623170509941767, 0.36436615040916964, 0.7771123582572855, 0.1563599461284929, 0.7805993513419752
0.5027112787549809, 0.3141589214410524, 0.8722096546798463, 0.12463772932706707, 0.4049045618554583, 0.6074589732804465, 0.9547267407788452, 0.7805409521663927, 0.3255376592188459, 0.5425956330562383
0.12413686346873376, 0.4698172349625519, 0.6834585053369314, 0.02043215933822773, 0.3888307339218844, 0.9597487246775325, 0.9019530553508004, 0.5989885378462764, 0.12775620920189024, 0.6707794126193402
0.6067297664400076, 0.19218195708905506, 0.5810953286775135, 0.5068041355639422, 0.0453585234296231, 0.8006349776291828, 0.5585805899186477, 0.3268588291183464, 0.7795322888299613, 0.5475950668547338
0.0774165351902868, 0.03228928927490038, 0.19490811268898822, 0.7962912854790491, 0.607834006091459, 0.16865877347915992, 0.4368879396546719, 0.7078056739678003, 0.7895603674003044, 0.4419200004313538
0.6153218189993546, 0.21317830742177635, 0.9556384396035763, 0.12376463750054578, 0.4317162104629737, 0.8202187068452409, 0.0477840576693811, 0.7499248657786124, 0.9446562014878911, 0.6534388977965437
0.281105752238,0.991979606415,1.0
7.07802135025,8.45887817264,9.27993838495
