$x1,$x2,$x3,$x4,$x5,$x6,$x7,$x8,$x9,$x10,>>f1,>>f2
0.718356536337664, 0.737124661229721, 0.711013710745165, 0.18801283872228525, 0.4021753033030745, 0.4817634918275123, 0.9344785879401034, 0.12112994521810727, 0.8751731795951279, 0.8142518084664683
0.9639836680635847, 0.18431086017935971, 0.67987268624856, 0.008544542435906965, 0.08903703548764075, 0.3963538721162545, 0.5794115033129367, 0.8632740306305003, 0.039111409114872875, 0.5588439467798081
0.2836958739807066, 0.01521625611384747, 0.708567078934445, 0.655762132328101, 0.9287598839263427, 0.2566222735219893, 0.947339046045285, 0.9698405961256175, 0.7577317281175048, 0.23266458694563552
0.4165028852292303, 0.12294130683765181, 0.018386607139175504, 0.5524284138304231, 0.27392670278261166, 0.3913556118202941, 0.352032952909605, 0.41925062060836893, 0.6361860498823939, 0.7608734341856467
0.5193169301666203, 0.9479016770725974, 0.5645568858494572, 0.2725559766576878, 0.4954187661097347, 0.30079328052402887, 0.7863817224922613, 0.6818770829102241, 0.23640402864094334, 0.81999132294497
0.5907941389265744, 0.8182165231155247, 0.8288361365138043, 0.8478096828318035, 0.28827651009495214, 0.2996076869060258, 0.09871742591513732, 0.5228283289313715, 0.055455483104405845, 0.9967568023105533
0.34002903855181565, 0.037330612592837986, 0.9767930822081975, 0.4767707706337211, 0.9383309009502354, 0.7516582220362626, 0.24689259531880647, 0.29295742746583064, 0.9299200098680619, 0.3984674904722256
0.47319952343144134, 0.14141851208931489, 0.8843247579698513, 0.028730866152710366, 0.2218417952122298, 0.5420431033866623, 0.27757706604765786, 0.8706434985232719, 0.3084241296725365, 0.3361957157837008
0.25402108930778866, 0.09269214446173624, 0.11747060804863352, 0.6020489586698791, 0.40579324377673, 0.5939113278787191, 0.21505773754690494, 0.3635745044917864, 0.5549373294684761, 0.6341824963736811
0.8260837846528812, 0.41721231874603526, 0.05924398572629386, 0.8725402705896665, 0.5927536734695761, 0.4338424236952545, 0.6223662413887037, 0.3986630874033098, 0.8896329138777059, 0.9174921996708733
0.6365577143376855, 0.9402853215649749, 0.4272997891148729, 0.7404617927860556, 0.2736518250856317, 0.8097415102838821, 0.4346890481587117, 0.7889072967059165, 0.8322283931659115, 0.9769552224414085
0.541482441211022, 0.28045385794886946, 0.886577355118425, 0.9262571339330742, 0.7859086872929909, 0.9908924976341418, 0.5290160625035021, 0.6195226769405725, 0.12699861272609536, 0.9752767350463637
0.7450277181696762, 0.4642043636273202, 0.9869105663140083, 0.06644549055954885, 0.21233771477586083, 0.40943281905312434, 0.5682537060382751, 0.9985717326454773, 0.7503806413903137, 0.6911571901800225
0.25256040850619554, 0.6497978793748728, 0.3104123328981724, 0.5807023359506254, 0.5179469741082625, 0.5270479417119132, 0.834327445031913, 0.162853961409124, 0.49839461894107673, 0.37473408758975957
0.6583643011170036, 0.9932516673425372, 0.306355779661284, 0.6265768505544613, 0.18204953483061403, 0.7232835538165797, 0.47722663708039714, 0.5653038282473368, 0.3590843569014627, 0.3316014980308082
0.6622195921213281, 0.8896302007514992, 0.8350186879916253, 0.9981333242978653, 0.8428404653366462, 0.5413490723483603, 0.8581035171405234, 0.7856201410785671, 0.7042616910339203, 0.2149750361264684
0.41639496159906486, 0.8862878223656012, 0.15568042298790508, 0.3850299081883156, 0.7327848558069809, 0.12577966104522165, 0.006912802427271658, 0.4441077515430728, 0.6027958998060657, 0.21217546071145865
0.3402886293426941, 0.004804039337418131, 0.4214566290446119, 0.34491642112381293, 0.2475677392405884, 0.20461055996512933, 0.9767463476568494, 0.5573269432870267, 0.3072894482182581, 0.6616350789814511
0.900180846839297, 0.07022854456683292, 0.3127438979126016, 0.47694708808368047, 0.6264553231836316, 0.12912231441735444, 0.8185190169287329, 0.9441723602894667, 0.5024157294550491, 0.11925516397783376
0.7066474966570642, 0.2877780053603626, 0.643755267169473, 0.9270724255906594, 0.8075273734905336, 0.20633254402259749, 0.9909853955995004, 0.03910535118473302, 0.5942252120316346, 0.215766527912144
0.8976001185295545, 0.002005160005384976, 0.5748719809193117, 0.9417501128770048, 0.6869707465854583, 0.6296945840326011, 0.6434485006503919, 0.5910480768182499, 0.1090628776530298, 0.3463277604787881
0.7305765635104797, 0.9748285137322459, 0.10461971773152645, 0.5098568785737758, 0.955932594253499, 0.2051401145231564, 0.19915761599341708, 0.568389053299439, 0.09197980549755935, 0.5512641211663627
0.17470465800198776, 0.611270957898016, 0.4625871423492831, 0.3198040226152321, 0.7891466968112701, 0.7977784894396931, 0.8423984845122939, 0.8085483536537945, 0.3641679327576687, 0.2421062002358343
0.6388262476678507, 0.18582934000505924, 0.8606490008996366, 0.27258631863025473, 0.23197318851021975, 0.5583345641378388, 0.6940989068849405, 0.7671768449054532, 0.25429497252672095, 0.6841748150547782
0.10772161777951494, 0.6427074180655721, 0.11643855064162079, 0.6840912685959359, 0.27798021844382004, 0.28182759886169495, 0.42550816617244525, 0.17462775382806806, 0.9500386055712617, 0.026164693307974662
0.8261152809047543, 0.2675211760622409, 0.606963236764556, 0.7185721822917227, 0.5037106972982363, 0.4474815334148483, 0.9143106445730634, 0.6134264533138969, 0.363614203459636, 0.5874717569206985
0.8290981874009322, 0.31514539783982765, 0.21680643837612512, 0.8850904460317166, 0.5897965833248858, 0.99303050053873, 0.5554680557954608, 0.5850118875005242, 0.9153632157497597, 0.048673874260411254
0.35975585372920504, 0.7325148965334984, 0.1622767770115967, 0.10831537530016122, 0.23462771879849742, 0.3888449345800079, 0.7894177956273267, 0.7935711230946129, 0.4569045789733971, 0.18439430150337988
0.9458220573048821, 0.42110633492486804, 0.7859945633417064, 0.7895607580956859, 0.0911438382145775, 0.08093497453349618, 0.817059915973411, 0.5176877441133286, 0.6081493230910899, 0.8740450266117206
0.6127874605074437, 0.9633322507261114, 0.6326267039112129, 0.5991333814944078, 0.712355669029649, 0.5167171731455518, 0.9108619066028587, 0.31370180979720463, 0.851794814083237, 0.4996776826170555
0.10546982475435751, 0.49910889307756634, 0.9034732726157845, 0.9470391629205753, 0.4215753475373861, 0.11725528075180602, 0.9304770317952413, 0.3807880699298236, 0.3217716428574614, 0.6961776727979748
0.07003931599120161, 0.971258807583055, 0.9256900361534977, 0.7816245290516562, 0.17092991150954195, 0.11429203585198378, 0.7528574678495777, 0.14804117070498957, 0.10598479531717708, 0.6042187949609612
0.3657652511465802, 0.5869767853371461, 0.001538781882985285, 0.7585859836792378, 0.10339216143608487, 0.16207862110570137, 0.69503081422693, 0.0932137661916177, 0.3858221991812977, 0.5801942108297083
0.6158060540281048, 0.22121756512170487, 0.43219029719614754, 0.02147307873432025, 0.06919884164538204, 0.8639751904710884, 0.33048351254318187, 0.7538303361352053, 0.49273674803600664, 0.607049927348927
0.5789609583489673, 0.04961214384876478, 0.4490469806208274, 0.8356903239822505, 0.6097322542886106, 0.9007457521791605, 0.29900849046236666, 0.8115137663878772, 0.6846756100904882, 0.13152853251382435
0.7080294755331411, 0.2879592808100023, 0.30577796024457105, 0.7265159959310924, 0.5491943396963067, 0.2296415910782137, 0.035709442887757015, 0.6571115468484994, 0.5349822781887104, 0.3489082538030288
0.7915083187260152, 0.025651084044756245, 0.3979055538792967, 0.5156695418391183, 0.6876024282359312, 0.9177859662189963, 0.6678437837624936, 0.44748009657253573, 0.4156240130345329, 0.7508941210206637
0.47751931134456427, 0.593870348560962, 0.44296307097121757, 0.017788403441905243, 0.024382714451281484, 0.3273467485652858, 0.6452789764234492, 0.868793309282565, 0.6352903149725474, 0.8512756800104213
0.5526338410640473, 0.7814563200009708, 0.19279293073777692, 0.8050828970987268, 0.38856191228997017, 0.439033190267629, 0.29478612187713427, 0.9178547206462656, 0.2825081163482499, 0.49609298314833283
0.4668156576711432, 0.9988674935226944, 0.6663080038776704, 0.05253965741840183, 0.5354382417089213, 0.4104365560124852, 0.4516495176331736, 0.9812447171029323, 0.47795672073933904, 0.05321464006577514
0.8080907827839051, 0.7575218193300427, 0.24515806196746182, 0.1817894840967076, 0.8199261518249081, 0.43508282938009335, 0.6286551300171836, 0.3069632658002893, 0.8373316118591805, 0.6834242932164917
0.6660930245125968, 0.9074401544365355, 0.5215301032801717, 0.34223778767677093, 0.1625361242080462, 0.2513360135587701, 0.5342940782130849, 0.2295751097416272, 0.28128762547081565, 0.5768708695101413
0.8691104713097599, 0.35482628310164865, 0.09756326150716044, 0.831984327347055, 0.03297212815069317, 0.6589555751489699, 0.19055827738667352, 0.40208548019594903, 0.5030181282887165, 0.23158172956045753
0.5999632076077328, 0.8559971091421723, 0.6236502353516034, 0.4516408744342637, 0.14414457875378384, 0.12214573759329939, 0.9682475364348611, 0.29639190896317225, 0.43812470918588886, 0.7743501700922353
0.9654876182568998, 0.8873221741689694, 0.5251769557586483, 0.5144779441127107, 0.14498785640096346, 0.9714938031965393, 0.5054112018490146, 0.9560434819242101, 0.09221682755164673, 0.6672751268209045
0.5096243606446017, 0.04468070632909271, 0.34383376482542216, 0.45327920953198597, 0.6202650514118958, 0.432900897857886, 0.7403190657858458, 0.23705675468446064, 0.19771996686139348, 0.2135739192548427
0.9639636891750674, 0.20875471582380623, 0.7850519611066108, 0.1911135342944723, 0.08463380092050221, 0.02318405514674715, 0.9838390647697854, 0.2533791138363781, 0.6313884303876647, 0.14739638662695453
0.578172485522337, 0.08108178705672586, 0.030476158870229142, 0.5012141783685946, 0.872498028237574, 0.04320242428883547, 0.31013251304777056, 0.690027105434107, 0.25754093873658757, 0.08777096383345417
0.15632555300355044, 0.9096081950608266, 0.3079608349971671, 0.488408870183904, 0.8621762613441092, 0.14544760932123202, 0.8650219312572027, 0.719696986039718, 0.966779033551467, 0.827811562300264
0.39549421636487103, 0.09997868178560221, 0.9333721010204655, 0.9998935406021944, 0.7912227578124408, 0.37660574028741334, 0.5488818417344528, 0.3336831171884326, 0.494415431598732, 0.8444854240410998
0.9018397878928226, 0.24449360972039946, 0.878030199629459, 0.15041442809654237, 0.2698846964826813, 0.1487601877514486, 0.12831726378453845, 0.11046398133608437, 0.5323829163007789, 0.03458996248785251
0.08879760052443642, 0.7704656805194728, 0.7939179369528285, 0.19114506483444538, 0.5094740714642801, 0.2335397939748869, 0.6917274952137245, 0.48722023428699557, 0.7608769085875129, 0.9237749199492019
0.13138686718663295, 0.10657794410598698, 0.5351537590691148, 0.24845165595609398, 0.5251069251513646, 0.5449177881320294, 0.22490178364450342, 0.18311953817111226, 0.06028226260387071, 0.3859079068437794
0.8421710037700418, 0.3267736480699769, 0.6073893043130453, 0.00289811410725338, 0.6156227308191571, 0.5206818408585238, 0.29912987963020543, 0.7720929860953746, 0.5419896771914404, 0.9585450438175006
0.4016534048471171, 0.7758462911525255, 0.34421282403322384, 0.8759698749606813, 0.18884217724411478, 0.8301519585602323, 0.22259463862976647, 0.691320399062188, 0.42965180232331557, 0.11653158782313022
0.826136099048672, 0.03351027297368481, 0.40978909082799353, 0.6190182787124602, 0.6113040939051776, 0.9385721317922088, 0.2267735890250221, 0.19301850667984144, 0.8431020871867251, 0.17536989993307117
0.9781114709132157, 0.9287364278563126, 0.3601975588764864, 0.8149966171270019, 0.7139736075421724, 0.45619178330383736, 0.985678306787228, 0.6857496928613457, 0.11649014602037622, 0.09611178876936988
0.792053468131268, 0.18265154993414123, 0.9022502004581363, 0.8980649574609343, 0.9699036015632362, 0.7600534792504975, 0.83785118623501, 0.37662288038587777, 0.5687413585231458, 0.8565793763264934
0.09808748282421376, 0.20033019580979938, 0.7520960236272558, 0.299883455076538, 0.42180285937550854, 0.47234651820420004, 0.6365082734605942, 0.23897320466123895, 0.3109360160378748, 0.7014301561901631
0.5626851739395524, 0.7555955733098162, 0.24081550303268606, 0.27116366830300687, 0.2814924024214728, 0.9504287310391982, 0.9341526967968481, 0.5056355300021352, 0.9047197596567543, 0.7764062758973056
0.7986331931216384, 0.8033567667301834, 0.6233068451153698, 0.6560272691952097, 0.7610237548467786, 0.0919909879206211, 0.7490798714587593, 0.9375390182233975, 0.579444125800917, 0.08271287757308898
0.7871269987813913, 0.7303885215432295, 0.03181495341052798, 0.5559980810750794, 0.0924134837103674, 0.3403452996995562, 0.3873822400914535, 0.6507480406001591, 0.2458529335089984, 0.917528353309113
0.011438959752634204, 0.7053500243521118, 0.7757529206630821, 0.16149209131069064, 0.3178234945564957, 0.5773968887580397, 0.3091864844107334, 0.6375921781709267, 0.20209001027480133, 0.3756769723903902
0.10263515855331484, 0.5968780463102673, 0.4937206526075074, 0.2970440431433006, 0.09778678390885498, 0.036410342551437824, 0.06993305731926913, 0.7014177381690123, 0.22101251906270092, 0.8479217157300192
0.05440961748367057, 0.3311297847875474, 0.6287458513912793, 0.528193113731577, 0.6857493430527976, 0.617984191573577, 0.9632113844105571, 0.6560715864316248, 0.02843517966356124, 0.06636954108335658
0.5339621570743259, 0.3719322467374404, 0.2034036627668061, 0.6749643355124758, 0.6412344542440956, 0.8030388181569005, 0.39010272535489265, 0.48226933443694564, 0.12903539014500431, 0.004273420181569509
0.16688859974222592, 0.803727383219083, 0.5883366626055082, 0.0533082454821272, 0.06416193509915658, 0.7366290650717655, 0.618249364160175, 0.40360615131704536, 0.7977937889190392, 0.856493657355497
0.18493093446889086, 0.9580523130257929, 0.3484504194401863, 0.5506699909674518, 0.6705158946392628, 0.057184702237548235, 0.34694244689912745, 0.7403213412248668, 0.8374079473837713, 0.12308961040979494
0.22348502726608221, 0.555694255315663, 0.32647890877358976, 0.9718595273296514, 0.40880765689695664, 0.19924938274808723, 0.4186735805579077, 0.031402564168886093, 0.8842229670487155, 0.4723440305072447
0.18389209045954424, 0.12320840426247459, 0.3923355332492172, 0.23594972615476628, 0.3218451644534943, 0.4626583664935777, 0.3575512127020195, 0.9533951595490373, 0.24052087125871413, 0.33105649801219705
0.4080422081035129, 0.9778168118932787, 0.20834322377447279, 0.09964735996370877, 0.29140209835499564, 0.17179659548533122, 0.6090617698536036, 0.9876636829309462, 0.28836859464026854, 0.6448088223665277
0.5075898878878693, 0.8356824639118665, 0.21446102443852155, 0.7072529084145518, 0.3667486359306583, 0.8427303726354355, 0.3145254931555609, 0.37366790268406547, 0.11329632012882684, 0.5535719507625017
0.1527179241905644, 0.8694412482365311, 0.16315462485172194, 0.3371489713136392, 0.3372416467584294, 0.14300067364562818, 0.7030488463777589, 0.4519541166974572, 0.7593202874678404, 0.14488264942940143
0.01820301784165368, 0.08773465288510529, 0.6901543513821998, 0.17055174702091913, 0.7072809031521885, 0.5844931141688033, 0.4815621441598724, 0.4938538534475728, 0.5811139613326314, 0.7789208253778349
0.6071943694523, 0.251409849361652, 0.5070160336686066, 0.8499197256066107, 0.939737078564265, 0.6212279108444114, 0.9881498746305325, 0.3231605479756351, 0.5094255444215134, 0.9650668469984931
0.5809399167216815, 0.6248594450654378, 0.1081108990666968, 0.017159179900978927, 0.8762186848008665, 0.9907272595208694, 0.730369742524533, 0.6845788215981617, 0.3366551186308264, 0.31035928265898527
0.800226976094999, 0.5115593393595027, 0.9301317340821319, 0.640473483821257, 0.7748109463491524, 0.9867531559586081, 0.7577881124466573, 0.3268340657059057, 0.8248101746483469, 0.5002560832578161
0.7223771624999918, 0.8736064822899997, 0.3744325685836475, 0.03760059605003052, 0.7238992468497878, 0.07287621670782285, 0.39285207413857226, 0.43896245787974175, 0.9935678721376354, 0.6748458722647918
0.889308108530568, 0.2275776845140386, 0.8879613233039524, 0.31797274604625325, 0.5892706996220571, 0.2008908993745835, 0.3399431794324306, 0.7371276955174354, 0.44399433873982186, 0.6155448587698736
0.8477868238572657, 0.785023648812357, 0.71522701772887, 0.1814510121340639, 0.49034950937836064, 0.4563519394258565, 0.7825761661796438, 0.7963784147919293, 0.7391875116507712, 0.9145028773094857
0.5919517236433011, 0.9888408018276682, 0.860190522284021, 0.9324105811323515, 0.41822985723377004, 0.65641009830704, 0.539918234081934, 0.4777347975702575, 0.2838753796351211, 0.6237991147129203
0.12109207852361714, 0.8229695530704859, 0.8813128971216707, 0.8059435948742777, 0.3015055820028304, 0.12979641584175683, 0.2735043722887204, 0.9054180037541025, 0.3730790930140725, 0.8518558044466085
0.03702247224495192, 0.8716784624227389, 0.22568712898845367, 0.1877261635652695, 0.49622185177374245, 0.17114114620192022, 0.9907826371982605, 0.8246911636528047, 0.8229097484338329, 0.6903540205945503
0.8426519708730343, 0.8343820387018531, 0.487661243409215, 0.18249597527930772, 0.21627784428144292, 0.2727283338546631, 0.7938461113516182, 0.3547775711849023, 0.6627908977717777, 0.2396579495518556
0.5501228897066891, 0.8781265988083335, 0.7803740597807651, 0.08765747716521122, 0.4461214337137508, 0.1967653367930171, 0.12316893377656069, 0.9983470705050198, 0.9564973668357454, 0.832484774041724
0.5941077646093195, 0.08375839009687502, 0.27594066836261055, 0.40494340673569584, 0.7500464636265204, 0.37029618451897417, 0.37701172837869823, 0.14076846898611828, 0.5286550669357603, 0.940125365886546
0.28485051220606683, 0.1729286045053683, 0.715714649465441, 0.8054453854993582, 0.19355248819532878, 0.180566963410288, 0.8210531687237645, 0.8181622629362493, 0.9959823663631128, 0.30463907453606565
0.6757653161991656, 0.006883026590164931, 0.6978725068986177, 0.5780151625997682, 0.8969045492364692, 0.6210610395641336, 0.19777767576281058, 0.6388390947426427, 0.6258132632725704, 0.2105960386983251
0.19334729426976527, 0.2919262258435559, 0.3693915441232618, 0.38064161302782096, 0.37518853984833656, 0.9442740733795848, 0.2426467740340199, 0.4604923488686141, 0.7651943642145345, 0.4068271906697075
0.19953727038672642, 0.8417065632365499, 0.6873898725409358, 0.7185781707425273, 0.3897091584880352, 0.06674451391840519, 0.4524075258268391, 0.6232059661238558, 0.6423710663553768, 0.7164479689782653
0.2834665183736996, 0.39314151808507847, 0.9586695162384903, 0.7566458723061144, 0.12701008545206627, 0.9945714709770219, 0.8541726877659792, 0.7135300078484538, 0.9554780952680768, 0.39743659929622444
0.4099114742880111, 0.4372099760556776, 0.6460332982583411, 0.830332952350288, 0.7541266956739101, 0.9121022360286749, 0.7645053268137639, 0.7181064860814693, 0.9215549060319085, 0.712549950530132
0.6177427438754457, 0.9354826328418424, 0.9868088941862527, 0.29125117748212737, 0.7651482232582559, 0.5571737742369375, 0.508707935823665, 0.29510778590834663, 0.921291257408285, 0.27162195526723965
0.42529133497995897, 0.15957632911356956, 0.21430083695659274, 0.4570204945457702, 0.24522367966913183, 0.9951959794429244, 0.6149263746876681, 0.12059851743419236, 0.539906043089765, 0.05904716415380429
0.40477984967419667, 0.7542668807580135, 0.13361802866812478, 0.5070062497507763, 0.04494734797085542, 0.37069062322684365, 0.9400832747422498, 0.9971209024871159, 0.4593951341692488, 0.4655486878353573
0.6653196239315486, 0.7479418982929362, 0.5362275170454454, 0.9766202366097841, 0.45655716870999863, 0.4524908042310868, 0.3678407958735608, 0.8080673599772931, 0.43037963638638677, 0.6338244720532372
0.14723261357748674, 0.6886510961185285, 0.7308337155246994, 0.21284949089219385, 0.5125362309206952, 0.5582817403109496, 0.8734469473633362, 0.4508841923399457, 0.21748204682759065, 0.508951539519575
0.09500485897337829, 0.4670306235994539, 0.37988790957632723, 0.009704792147394947, 0.5328095088044337, 0.9508270053872081, 0.6918742924238855, 0.6918546616635222, 0.015031056147814414, 0.5736162194667905
0.4259508824610686, 0.7584222502646383, 0.5456406998152772, 0.43261559838215013, 0.47229998636685355, 0.8111606886390154, 0.37090321937174575, 0.9572796289862766, 0.25699591985220294, 0.1632744101639314
0.09410368564375393, 0.7667127274552965, 0.32627255518971576, 0.5379581106979384, 0.7967590531178613, 0.03881064163257486, 0.031278244332499816, 0.8255735796157277, 0.12110135039908088, 0.9516510492387055
0.283894899718,0.986965471107,1.0
6.46171294737,8.44552709986,9.49946317719
