0.166721711146, 0.114372588981, 0.393147161948, 0.878327131302, 0.834190192878, 0.280422163323, 0.96797603329, 0.358738623233, 0.552712745441, 0.0902315075753, 0.762748278285, 0.717977135592, 0.655388885417, 0.107626002518, 0.208616251504, 0.0949333335699, 0.892115968055, 1.64760899015, 32.72597696, 15.4457290335, 135.926319861, 727.036853286, 525.934771895, 164.957114636, 247.440400453
0.355449769911, 0.913347128536, 0.470565613466, 0.720986841962, 0.580376271332, 0.408891818236, 0.724743769442, 0.842076491186, 0.971359886756, 0.900914803682, 0.618692841777, 0.173360620593, 0.894718712822, 0.975525976054, 0.641209451915, 0.622290225979, 0.207795598313, 7.25214484084, 15.7144796721, 12.947548975, 27.8990071029, 75.3022908866, 75.8070371336, 821.610839775, 518.000721691
0.355449769911, 0.913347128536, 0.470565613466, 0.853041579218, 0.580376271332, 0.408891818236, 0.724743769442, 0.842076491186, 0.423523841651, 0.900914803682, 0.618692841777, 0.173360620593, 0.951738779362, 0.975525976054, 0.641209451915, 0.622290225979, 0.207795598313, 4.49055754139, 9.73046964025, 8.01717491419, 17.2751785152, 92.979094226, 87.0650693893, 943.627497932, 594.928524884
0.921198148221, 0.707555003904, 0.986164471445, 0.0720170150767, 0.843607874741, 0.353913605986, 0.957806082756, 0.28476359307, 0.674228668876, 0.3342937428, 0.68054018692, 0.45325185927, 0.62055582618, 0.066039808318, 0.563156715258, 0.541881915041, 0.0169972349283, 0.0203425158086, 0.306477337258, 0.190829945051, 1.44224231134, 0.168923438167, 68.8458206494, 139.209173689, 1248.29416955
0.275101486249, 0.976540812846, 0.317967099292, 0.524965693803, 0.341018786477, 0.812489252585, 0.553787417063, 0.599665066237, 0.272278757594, 0.560197639229, 0.0562835773017, 0.0913841771977, 0.0335294523214, 0.301424226703, 0.75296275685, 0.362981595771, 0.821761886639, 3.81985843531, 4.5267374128, 19.5245339166, 12.1105249586, 25.6645931951, 19.0698099682, 1080.00073416, 498.434303101
0.0214228534332, 0.472558485737, 0.377722242084, 0.751472967945, 0.261072624923, 0.95934341856, 0.42600825069, 0.515218156832, 0.151756443449, 0.735293445543, 0.36647265184, 0.332610694751, 0.654770629977, 0.0280316412354, 0.709468459785, 0.549234831707, 0.225866866935, 14.8926534709, 11.7787138194, 296.912523084, 129.343571622, 788.369776199, 574.917429518, 943.219954878, 46.9721666073
0.0214228534332, 0.472558485737, 0.377722242084, 0.751472967945, 0.261072624923, 0.95934341856, 0.42600825069, 0.515218156832, 0.151756443449, 0.735293445543, 0.36647265184, 0.332610694751, 0.654770629977, 0.0280316412354, 0.709468459785, 0.549234831707, 0.225866866935, 14.8926534709, 11.7787138194, 296.912523084, 129.343571622, 788.369776199, 574.917429518, 943.219954878, 46.9721666073
0.983778084308, 0.939364110392, 0.0802356233388, 0.581004469391, 0.904822720198, 0.793242735609, 0.876941612587, 0.286677634678, 0.253457215388, 0.379359079686, 0.938085397649, 0.962689966631, 0.648795174444, 0.722229801482, 0.522192487496, 0.634956252717, 0.211343368186, 0.0169892276297, 0.0867932149111, 0.26267152974, 1.84003346906, 2.40674820843, 0.385463169488, 32.0981821266, 1265.13636302
0.00649044753867, 0.785714262883, 0.269988604337, 0.995139687561, 0.157173636475, 0.722130878523, 0.355467616364, 0.833148719039, 0.377559893094, 0.61472182337, 0.461816934986, 0.318918848478, 0.902035757429, 0.0334554075252, 0.85049311213, 0.308247977393, 0.161610647259, 0.904395204579, 0.564955152423, 2.28594127321, 0.635725485765, 340.72068982, 153.838431392, 1068.40101361, 11.5405245456
0.00822428681387, 0.428218251796, 0.221841995971, 0.37582394131, 0.905185120531, 0.428638489571, 0.128308375438, 0.176721895301, 0.36027052003, 0.35754002166, 0.643437820344, 0.0448705854432, 0.230826129641, 0.403051792443, 0.30800303469, 0.677837400673, 0.94139383854, 92.6778254963, 18.9359710249, 75.4513432655, 806.410266715, 546.38574229, 356.597732475, 831.88269739, 17.2495319383
0.333875736941, 0.15225151409, 0.466609800958, 0.847321446274, 0.694805137682, 0.972833452925, 0.963221314906, 0.811939906494, 0.970376078992, 0.575754606814, 0.635895122249, 0.556121848352, 0.2206332795, 0.233188550159, 0.525634543113, 0.810731862085, 0.880534039983, 0.184747006448, 3.19431538571, 74.93503192, 144.279547839, 664.982038813, 616.283557768, 224.587974959, 548.461773278
0.333875736941, 0.662743508974, 0.466609800958, 0.847321446274, 0.694805137682, 0.972833452925, 0.963221314906, 0.811939906494, 0.907695029376, 0.575754606814, 0.635895122249, 0.798621206531, 0.2206332795, 0.233188550159, 0.685958270938, 0.713270197445, 0.880534039983, 0.0640938689997, 1.10819674869, 25.9970443457, 50.0545833804, 230.700743153, 213.805887184, 545.699414297, 365.824290457
0.15570308399, 0.292900429246, 0.695941554836, 0.596068441813, 0.180229156787, 0.043172935192, 0.972591871157, 0.344600600949, 0.0221622865763, 0.75538134371, 0.0256486723033, 0.0425282156262, 0.285367743984, 0.720623676293, 0.0423537755777, 0.376142680764, 0.415073896965, 12.7781092686, 296.618949139, 20.1650565983, 86.570591843, 421.067996245, 1010.12923956, 563.652610124, 316.812822405
0.912988582312, 0.00492030045794, 0.207496307506, 0.310757593933, 0.2165072521, 0.833770403874, 0.740335679809, 0.467559372284, 0.424683816943, 0.300717744522, 0.14886472678, 0.229506841555, 0.0119317425744, 0.34238261832, 0.44475554238, 0.162051389193, 0.839744199628, 15.5012128923, 35.8730737446, 146.24620658, 53.5628939296, 85.2645200651, 61.4490252923, 1.48327518439, 1395.41144136
0.912988582312, 0.00492030045794, 0.207496307506, 0.310757593933, 0.2165072521, 0.833770403874, 0.740335679809, 0.467559372284, 0.424683816943, 0.300717744522, 0.14886472678, 0.229506841555, 0.0119317425744, 0.34238261832, 0.44475554238, 0.162051389193, 0.839744199628, 15.5012128923, 35.8730737446, 146.24620658, 53.5628939296, 85.2645200651, 61.4490252923, 1.48327518439, 1395.41144136
0.308314917358, 0.3390768473, 0.973938374437, 0.154037406605, 0.189238783117, 0.119828682486, 0.819503357045, 0.765883438523, 0.00326847725976, 0.815916296181, 0.0659516586818, 0.0249005119622, 0.0088695740822, 0.232535964109, 0.657330856115, 0.196466155041, 0.6309326717, 8.54445961008, 29.3248139063, 5.81811305912, 9.52491302762, 8.02573488165, 817.750098164, 482.421068072, 499.802711255
0.0250723705079, 0.288915517576, 0.170457211081, 0.854154975994, 0.00879108116236, 0.804630069811, 0.706129583111, 0.123748546777, 0.751234683125, 0.593812611931, 0.700783028187, 0.602996005321, 0.912010583116, 0.738410501573, 0.260584600663, 0.506453456202, 0.0476682147638, 25.5346930062, 51.3305259258, 180.913215256, 2.62083773866, 813.931898362, 229.285584484, 422.737786678, 37.9954646214
0.0250723705079, 0.288915517576, 0.170457211081, 0.854154975994, 0.00879108116236, 0.804630069811, 0.706129583111, 0.123748546777, 0.751234683125, 0.593812611931, 0.700783028187, 0.602996005321, 0.912010583116, 0.738410501573, 0.260584600663, 0.506453456202, 0.0476682147638, 25.5346930062, 51.3305259258, 180.913215256, 2.62083773866, 813.931898362, 229.285584484, 422.737786678, 37.9954646214
0.103535508394, 0.803764672631, 0.522946844954, 0.0635481654973, 0.109392882818, 0.0983884095272, 0.730980220135, 0.00656524060323, 0.254918168105, 0.183439304494, 0.385169805266, 0.507316389125, 0.796148531499, 0.688436636234, 0.219806783168, 0.723858730417, 0.0318589843769, 58.6822187782, 130.502090153, 22.2918709003, 25.1319415806, 14.720588344, 158.76656063, 681.092069238, 117.283087261
0.045302678954, 0.275421483416, 0.551953323437, 0.69504153558, 0.404808096985, 0.264370719698, 0.416337523448, 0.7575958417, 0.151709972451, 0.419410081919, 0.352784640051, 0.916353163336, 0.47701401204, 0.146055006015, 0.311430248961, 0.309801831204, 0.0622610096398, 201.781322105, 154.666570254, 112.097574941, 205.097353556, 664.937609115, 882.756433941, 534.716416039, 90.9110906062
0.995566215767, 0.494070898476, 0.48904927909, 0.991314021338, 0.378534405607, 0.332676028391, 0.271885246467, 0.650528965351, 0.103385322512, 0.898559933275, 0.194184774805, 0.990566420313, 0.549195553527, 0.355328550366, 0.454515253852, 0.401156964396, 0.487115513226, 0.0293040876667, 0.0133359139367, 0.0185440168239, 0.0251253256725, 3.28715513326, 3.17626531682, 4.48685701687, 919.68360376
0.339093316073, 0.972383045712, 0.0052782916824, 0.786636363459, 0.34519136198, 0.923717470831, 0.160454796475, 0.501960942154, 0.425194482751, 0.519190718397, 0.914798411095, 0.819003525647, 0.891419949682, 0.358804904112, 0.666782267336, 0.858042739987, 0.470887993038, 1.21029154065, 0.311671842839, 10.3801205028, 6.2987570009, 35.0451039672, 0.307689485136, 854.941030608, 504.44318799
0.980725870528, 0.423078592649, 0.0052782916824, 0.786636363459, 0.34519136198, 0.923717470831, 0.160454796475, 0.501960942154, 0.425194482751, 0.519190718397, 0.914798411095, 0.819003525647, 0.891419949682, 0.358804904112, 0.666782267336, 0.858042739987, 0.474115671274, 0.756408170404, 0.194788710398, 6.48736911266, 3.93659800045, 21.9024938068, 0.192299815943, 18.171224522, 972.899836158
0.221126668363, 0.642996344315, 0.19291996843, 0.0534159789428, 0.370044369163, 0.509601022903, 0.0907791356785, 0.198847115007, 0.467684992832, 0.413937727404, 0.633319463989, 0.703816215031, 0.902035757429, 0.497333103855, 0.128456020809, 0.375874391684, 0.903501483954, 169.519030945, 24.3378382927, 176.50225637, 161.571038549, 24.7479346105, 92.3296365493, 492.636438986, 210.601069846
0.714920706773, 0.797029551425, 0.0907290521511, 0.960919174895, 0.0258813310528, 0.376344859754, 0.353436430641, 0.85414769571, 0.097537352719, 0.171712085349, 0.69587773605, 0.0678650690218, 0.0795397671113, 0.621425737548, 0.782884208736, 0.417116430976, 0.277614313564, 5.2237024807, 3.24000404045, 4.12605379816, 0.301142349301, 120.546709801, 17.3298492553, 369.634424404, 810.354702662
0.312792515689, 0.0742810078859, 0.0383445403824, 0.261878599801, 0.689772617297, 0.82917151072, 0.86894371204, 0.33481391768, 0.492159383484, 0.213845646586, 0.863446094589, 0.769108697202, 0.224630303031, 0.656527441368, 0.114551875314, 0.0879856264373, 0.317844375524, 20.2791524101, 97.1126050077, 360.795625239, 706.105467495, 348.61551447, 52.5767719148, 102.378308276, 470.579250018
0.753689463118, 0.0774808698301, 0.807587374263, 0.114543563768, 0.918013844547, 0.00377400122019, 0.00804121741766, 0.509743524292, 0.17618996839, 0.530338925974, 0.00503517570974, 0.977250975653, 0.752081430376, 0.98408844909, 0.996619970049, 0.780175716158, 0.321466640168, 12.0033314729, 0.151623521289, 0.0711645071303, 92.6986455609, 17.0019042016, 304.709345581, 39.0389214501, 789.209779087
0.786888848148, 0.974259309106, 0.191426283481, 0.452030064668, 0.418406736285, 0.0478930787838, 0.274730557784, 0.0312032430613, 0.381900532494, 0.797878205749, 0.227692980447, 0.992730145991, 0.836377973008, 0.0153171859901, 0.719301887401, 0.312985461489, 0.610132594289, 5.22591658055, 2.40649918529, 0.433647140278, 4.45235856276, 6.26472733449, 2.98013044396, 248.714624629, 715.599374236
0.577346774838, 0.656228472518, 0.839445984344, 0.790760125614, 0.677381120275, 0.979834354532, 0.25995048504, 0.11670825943, 0.184491345909, 0.382803092145, 0.661187025532, 0.181729119786, 0.383851896969, 0.332216476163, 0.73613646612, 0.49830925552, 0.82099152424, 0.314306417959, 0.135983509592, 10.8077367807, 19.4788267136, 65.325744141, 267.84841948, 461.440871518, 687.636910064
0.0964914543367, 0.687356367944, 0.734153304122, 0.326923782252, 0.0430738798174, 0.865084304136, 0.244524091774, 0.267557756333, 0.209357265782, 0.608234585457, 0.697724589812, 0.484672503289, 0.598783144298, 0.517325676909, 0.153031256615, 0.633594109982, 0.188710134983, 22.1407875994, 8.94868121331, 110.993127046, 7.69342709915, 64.1798956434, 294.452707094, 602.343682523, 104.332421174
0.0368348420182, 0.494504491413, 0.906389487715, 0.260752979281, 0.238013945863, 0.737917389012, 0.734185128247, 0.483780812834, 0.0610111518935, 0.927895317667, 0.144734248011, 0.274462740469, 0.98699777937, 0.00364829032611, 0.254054391193, 0.791068378854, 0.492787531815, 14.6884860102, 33.1100348539, 82.958238199, 35.5136308558, 42.2154471776, 715.720710157, 711.143705864, 58.7648454631
0.168241722209, 0.439528146693, 0.775655507036, 0.521398254558, 0.800940316766, 0.476905012009, 0.496437361813, 0.430296990038, 0.489939342948, 0.921630214578, 0.794327389069, 0.618149205748, 0.763311880451, 0.0152208739531, 0.408306140756, 0.287826835582, 0.248497002745, 22.9578598162, 22.7023345291, 30.0255948488, 136.382528632, 153.306933279, 570.698019368, 502.276715315, 213.420498576
0.308314917358, 0.78038466805, 0.436678541713, 0.483128146467, 0.816917224053, 0.744274728942, 0.819503357045, 0.629571308154, 0.390275323589, 0.185398321732, 0.604356600617, 0.0249005119622, 0.194586124382, 0.161715794609, 0.221179570401, 0.664945746504, 0.934344400801, 4.93578660014, 16.939751621, 41.5362986455, 152.57173536, 150.88851448, 179.482334808, 788.572468501, 440.830317532
0.0728393956661, 0.366824735477, 0.103977761481, 0.155458700042, 0.226207122566, 0.0701705151874, 0.231574037278, 0.92775949298, 0.612663574283, 0.424159531455, 0.157475501516, 0.543943090577, 0.11904475505, 0.406729156679, 0.294273957145, 0.550191634957, 0.269241939729, 761.487903469, 289.89592099, 90.1759647999, 304.199105543, 217.87066986, 148.502919028, 593.417916388, 125.162152318
0.174403650293, 0.159778286053, 0.23824620556, 0.42232552692, 0.98249812857, 0.155414163238, 0.559526311513, 0.0234664968316, 0.902887829567, 0.883174107477, 0.292397781352, 0.967263459175, 0.351448727394, 0.995911841513, 0.21954199267, 0.64469858869, 0.489934669696, 10.4911383083, 12.6624127327, 4.09603691332, 616.257096631, 481.815941222, 307.297771592, 215.521969063, 243.869422349
0.149300037645, 0.378070736357, 0.145918001178, 0.985824811991, 0.1642696191, 0.836061721743, 0.488099734509, 0.715745799239, 0.753084498286, 0.112309048822, 0.403020010388, 0.807831066207, 0.912280619203, 0.936764845684, 0.183032231748, 0.615417883111, 0.81954136672, 2.28614410247, 2.20223356388, 12.0531020195, 3.28949330078, 578.843914399, 135.082127567, 401.418113762, 171.389714821
0.467664236863, 0.668860235456, 0.0976955290396, 0.456402326288, 0.622430570443, 0.587020625981, 0.328649664152, 0.591794708309, 0.606654345969, 0.685338249409, 0.816734071414, 0.789902920343, 0.475317208383, 0.00444452827298, 0.344531839995, 0.573541391301, 0.862551728804, 62.3098867494, 35.365978271, 94.5003263142, 175.941070777, 184.938225622, 43.5354226641, 497.253141468, 517.59747207
0.00356623462329, 0.217942007468, 0.560581661772, 0.527515377823, 0.513459559296, 0.401321257198, 0.0752593280435, 0.536814775181, 0.904989940853, 0.984934404239, 0.075709220881, 0.616086007685, 0.387197860766, 0.561288541434, 0.657689200434, 0.859601070148, 0.259836608204, 269.715055095, 32.0342937765, 198.199341969, 350.763995135, 529.819175319, 870.603973685, 402.364292186, 6.71443434737
0.294930332938, 0.940810239326, 0.505950135223, 0.509730261488, 0.334043063972, 0.517575906852, 0.999359572231, 0.891572908701, 0.730507529303, 0.621248509824, 0.195750921177, 0.290288375462, 0.850760982056, 0.614498539002, 0.70339077458, 0.768428644134, 0.0244864396625, 0.0195827316365, 19.4662857554, 20.571959486, 16.3939072727, 33.740595867, 47.8904601443, 719.65145726, 361.050441643
0.63832841555, 0.714089675649, 0.516097914743, 0.978425467254, 0.0496836695321, 0.968808648215, 0.532207893858, 0.88341765411, 0.726071911749, 0.682237482803, 0.908855623218, 0.777403520274, 0.413043422195, 0.204147227345, 0.33503581516, 0.707268547953, 0.994688284764, 0.109214015346, 0.120864077068, 3.32211395776, 0.260107287315, 98.4084401295, 103.57495829, 296.521010054, 515.678920856
0.168241722209, 0.439528146693, 0.775655507036, 0.521398254558, 0.39890645535, 0.476905012009, 0.496437361813, 0.430296990038, 0.489939342948, 0.921630214578, 0.794327389069, 0.618149205748, 0.763311880451, 0.0152208739531, 0.408306140756, 0.287826835582, 0.248497002745, 60.4542631573, 59.7813958658, 79.0655238326, 84.0493872556, 153.306933279, 570.698019368, 502.276715315, 213.420498576
0.142464174909, 0.60366056911, 0.710773944278, 0.989765527297, 0.692390028603, 0.856283645326, 0.989788043797, 0.291673359534, 0.946694945298, 0.969990891071, 0.133340109067, 0.995650296027, 0.395307031688, 0.971973116071, 0.690941395574, 0.587742886412, 0.8642455362, 0.00637087847239, 0.397130505398, 1.72940395296, 3.38195111158, 237.546199889, 486.450775942, 754.20828831, 211.296033275
0.984149294885, 0.095447169512, 0.474139031666, 0.541723196678, 0.98652446164, 0.804164738491, 0.469217378942, 0.76847235331, 0.93014084828, 0.376608869598, 0.1056966541, 0.0755709513366, 0.777249752717, 0.612278823706, 0.410521061762, 0.549773424874, 0.904404278077, 0.0504800257225, 0.0458199773577, 0.214584725277, 10.6352750679, 12.1320973155, 14.8748905068, 3.31514024371, 891.228402763
0.553528735899, 0.727541533, 0.0794227427017, 0.618740575739, 0.341702468552, 0.292198020145, 0.182920683864, 0.392524353546, 0.32186150865, 0.772113680502, 0.907375206161, 0.40523171417, 0.251858856524, 0.123248010155, 0.168506253307, 0.294684468106, 0.678329442935, 89.2984095081, 26.3884451472, 46.0163002462, 61.8014273183, 177.087515766, 26.8875601469, 473.677552711, 616.472061979
0.011451818512, 0.796830508918, 0.453121889653, 0.440047478085, 0.0144947985306, 0.995173371278, 0.0559766053196, 0.678257281486, 0.659814912728, 0.398547152476, 0.660043832032, 0.530600095762, 0.656469994961, 0.217857226388, 0.726955151384, 0.110436979517, 0.52935881282, 1.55677136624, 0.137237410217, 206.12645922, 4.69411084362, 170.597650601, 230.841370182, 1069.55891337, 20.2650678335
0.453345158593, 0.119038447974, 0.310947746697, 0.957576706153, 0.942040203101, 0.705177464809, 0.015973969227, 0.796531573809, 0.161667038113, 0.674254515553, 0.771870980713, 0.241209715316, 0.0521263016979, 0.204071500174, 0.994045324072, 0.62121493374, 0.702736544538, 1.72324718482, 0.0432485404646, 3.45225143372, 42.2659796604, 635.953771557, 338.685032274, 136.554711541, 634.087719132
0.453761810814, 0.769520204839, 0.0504426161496, 0.581154018301, 0.885795612698, 0.886457713732, 0.813915761195, 0.567204915131, 0.901880595012, 0.425884990265, 0.0803463312634, 0.0560467167291, 0.831518698706, 0.543116228297, 0.514181944184, 0.800946101577, 0.0147689455497, 1.5203524385, 5.05235086441, 29.2684659943, 164.001380565, 215.683759652, 21.6432912458, 721.989047049, 667.309472507
0.448540578115, 0.928091441946, 0.446469471979, 0.545714529998, 0.604674734812, 0.399681698057, 0.758099563666, 0.717182746436, 0.533988864672, 0.707840764211, 0.817121618095, 0.861302160632, 0.124230091697, 0.320730196198, 0.382276945552, 0.120362697783, 0.530729526879, 7.08071511254, 17.7290346318, 13.8556341148, 32.9737492262, 46.8272742449, 52.3100153663, 714.699279526, 611.479465019
0.995767918999, 0.757939019009, 0.878726320448, 0.906127243274, 0.727327782532, 0.534758000897, 0.557786696834, 0.430204920797, 0.796619889279, 0.597941458568, 0.881389873849, 0.878042897645, 0.306392099111, 0.419803846325, 0.821839670984, 0.956837125617, 0.0455771300976, 0.0111647771603, 0.0134007635102, 0.0194589979897, 0.0572343594823, 0.423594990326, 2.22077588696, 5.65878196862, 916.692032783
0.0581034802813, 0.17635777501, 0.483741904713, 0.304389759008, 0.108716440085, 0.51551815299, 0.874251419562, 0.0544497948602, 0.836230806264, 0.882471577662, 0.880563940082, 0.57093089671, 0.180972212014, 0.658105731419, 0.497592747017, 0.701980250314, 0.400865985922, 77.211202384, 385.795511515, 413.110387662, 98.3817609727, 300.016304775, 619.553211144, 255.740867912, 85.5824874518
0.678475795935, 0.820469917449, 0.992191697111, 0.599054592327, 0.00771027515358, 0.968507221706, 0.241104766926, 0.33030059669, 0.0938342853606, 0.487275415137, 0.399852740675, 0.802509716392, 0.0107531715073, 0.338633594782, 0.855998137398, 0.591416551372, 0.633178884333, 0.0356537405511, 0.0141879350205, 0.775069014719, 0.00939902867283, 1.0648469141, 107.423806598, 370.804388666, 698.26389758
0.435167398517, 0.942989358335, 0.109891993333, 0.870940905587, 0.296014609451, 0.563066748206, 0.0924095219813, 0.986330833106, 0.00470774324855, 0.896193944841, 0.678720762542, 0.757127487604, 0.032393731472, 0.104978596957, 0.908740917513, 0.782732065076, 0.0408216229223, 6.6928834191, 0.978397203199, 8.2569592137, 5.35465505523, 58.0960465377, 10.3409955096, 670.49633217, 548.360402005
0.577346774838, 0.656228472518, 0.839445984344, 0.790760125614, 0.677381120275, 0.292198020145, 0.25995048504, 0.11670825943, 0.184491345909, 0.382803092145, 0.661187025532, 0.181729119786, 0.383851896969, 0.332216476163, 0.73613646612, 0.49830925552, 0.82099152424, 8.89704431223, 3.84927332516, 4.79063166342, 19.4788267136, 65.325744141, 267.84841948, 461.440871518, 687.636910064
0.327304476802, 0.862050912029, 0.702715720365, 0.492994895063, 0.932306208486, 0.89534828327, 0.457410842772, 0.493978086364, 0.901988854727, 0.942986695102, 0.114371339577, 0.653849421243, 0.955987073763, 0.729068834118, 0.813670164039, 0.324957362464, 0.982727809182, 0.831608196516, 0.727171701841, 6.65946436374, 63.2446811804, 62.2193550237, 176.48210057, 897.778588234, 519.199706577
0.168648738268, 0.257608408449, 0.693807331971, 0.932421177401, 0.471554662083, 0.741547300507, 0.792995168166, 0.328493623703, 0.586461269963, 0.389822900561, 0.117096474647, 0.95227218798, 0.125720605805, 0.379685260041, 0.537835391917, 0.17311351588, 0.927892736628, 4.41382292783, 13.0923998939, 32.1419122102, 31.9910111947, 444.913993067, 857.413788978, 414.210983429, 285.424477623
0.984149294885, 0.095447169512, 0.474139031666, 0.541723196678, 0.953830286344, 0.804164738491, 0.469217378942, 0.76847235331, 0.93014084828, 0.376608869598, 0.1056966541, 0.0755709513366, 0.777249752717, 0.612278823706, 0.410521061762, 0.571911243416, 0.904404278077, 0.157223299678, 0.142709278141, 0.668337982911, 9.65244944578, 11.0374946654, 13.5328229199, 3.01603604087, 810.818483014
0.907669508064, 0.978673780628, 0.168900992345, 0.00148028224086, 0.152553525579, 0.0982330676325, 0.350029849182, 0.251759933653, 0.217260224208, 0.419410081919, 0.0474143902324, 0.89375822186, 0.962108212333, 0.716421526068, 0.868799511477, 0.901694394865, 0.440818209794, 4.49542124503, 2.75508761895, 0.820088581119, 1.3036952888, 0.0127721362693, 1.49249260476, 169.852048836, 1163.56169385
0.0728393956661, 0.0742810078859, 0.103977761481, 0.0462084807973, 0.226207122566, 0.0701705151874, 0.231574037278, 0.92775949298, 0.4779976473, 0.424159531455, 0.157475501516, 0.543943090577, 0.11904475505, 0.406729156679, 0.294273957145, 0.0879856264373, 0.269241939729, 837.376822191, 318.786580822, 99.1627870884, 334.515202609, 69.9153268456, 158.876089111, 114.526401455, 113.052707886
0.921198148221, 0.60366056911, 0.986164471445, 0.0720170150767, 0.843607874741, 0.353913605986, 0.957806082756, 0.28476359307, 0.66064626178, 0.3342937428, 0.68054018692, 0.381502010476, 0.62055582618, 0.066039808318, 0.690941395574, 0.541881915041, 0.0169972349283, 0.0222441743484, 0.335127443819, 0.208669105068, 1.57706597001, 0.18471473467, 75.2816638851, 104.904014214, 1037.88382817
0.297740599342, 0.827102643648, 0.421513130446, 0.709507405162, 0.100942843758, 0.591929287869, 0.776169081187, 0.530035252848, 0.433999873709, 0.921585548496, 0.877153421934, 0.798621206531, 0.0863965573828, 0.693727455415, 0.928429194158, 0.414045705376, 0.175350410872, 14.2306260679, 38.7930350239, 55.3829321732, 11.0491438659, 142.561259153, 123.791010329, 723.091653081, 379.102299066
0.64181904557, 0.996744048901, 0.199329181565, 0.895704093792, 0.950956557109, 0.0248068615791, 0.931355565041, 0.109873109693, 0.315640113637, 0.648835983879, 0.701053139263, 0.132448992784, 0.348311453204, 0.512367165342, 0.974655813856, 0.898868664746, 0.00562920492435, 0.00297623437054, 0.0274950314879, 0.00107819021781, 0.358552237108, 2.17543120804, 0.713865502342, 453.151526376, 718.5921636
0.418288543511, 0.883689667931, 0.441898250059, 0.139867337012, 0.46278696986, 0.691256933827, 0.19802572513, 0.528671202041, 0.808356596456, 0.29873668853, 0.526710853895, 0.490501427416, 0.212381530644, 0.128718310894, 0.806225122985, 0.501068378489, 0.991572300587, 18.1927199545, 5.84886035437, 36.265081968, 36.4594407836, 12.2506837796, 46.7850489555, 395.830977193, 310.504933269
0.501295393551, 0.809018787378, 0.284581552408, 0.0764233601747, 0.60801857539, 0.27543391013, 0.170215544347, 0.703516924826, 0.427579129236, 0.734465462851, 0.816692071034, 0.876530315283, 0.416786526615, 0.191333057663, 0.397361917121, 0.506157383826, 0.766495373433, 65.4909019383, 17.9401187252, 31.3601487281, 105.722225073, 15.6216137758, 62.5327501196, 467.652228529, 491.510789373
0.212460279216, 0.292900429246, 0.695941554836, 0.836163210892, 0.180229156787, 0.043172935192, 0.972591871157, 0.344600600949, 0.0221622865763, 0.75538134371, 0.879793425478, 0.0425282156262, 0.285367743984, 0.720623676293, 0.0423537755777, 0.376142680764, 0.0867060503886, 5.20347486723, 120.788546611, 8.2115720722, 35.2530949162, 479.511389136, 957.995557257, 534.561989883, 417.391284274
0.616746837574, 0.942989358335, 0.0976955290396, 0.870940905587, 0.296014609451, 0.587020625981, 0.0924095219813, 0.986330833106, 0.00305711988281, 0.991412566267, 0.678720762542, 0.757127487604, 0.454263572911, 0.104978596957, 0.908740917513, 0.782732065076, 0.0200433912727, 4.32488033585, 0.632231365735, 5.76503177678, 3.62936103238, 39.3772381721, 6.2180458737, 453.029369762, 661.992363445
0.00649044753867, 0.785714262883, 0.508400130302, 0.820027925911, 0.157173636475, 0.722130878523, 0.355467616364, 0.833148719039, 0.364180200461, 0.61472182337, 0.461816934986, 0.318918848478, 0.842285236634, 0.0334554075252, 0.85049311213, 0.308247977393, 0.120038849585, 28.8771813659, 18.03891962, 72.9897067168, 20.2986040378, 285.938336601, 305.720843084, 1219.6121916, 13.1738591165
0.753689463118, 0.276867845135, 0.912905785063, 0.114543563768, 0.918013844547, 0.00377400122019, 0.00804121741766, 0.509743524292, 0.17618996839, 0.530338925974, 0.00503517570974, 0.977250975653, 0.752081430376, 0.98408844909, 0.999114493322, 0.780175716158, 0.321466640168, 5.01398371611, 0.0633355721648, 0.0297265538923, 38.7217082522, 7.10196756644, 288.27258572, 135.185530808, 787.502514835
0.103535508394, 0.820469917449, 0.992191697111, 0.599054592327, 0.00771027515358, 0.968507221706, 0.241104766926, 0.33030059669, 0.0938342853606, 0.487275415137, 0.399852740675, 0.802509716392, 0.0107531715073, 0.338633594782, 0.219806783168, 0.591416551372, 0.0318589843769, 0.0620432555949, 0.0246892938927, 1.34874501919, 0.0163558249227, 1.85300527349, 186.934739152, 645.259406338, 110.229854782
0.011451818512, 0.816128285274, 0.453121889653, 0.440047478085, 0.0832743367925, 0.995173371278, 0.0559766053196, 0.678257281486, 0.659814912728, 0.398547152476, 0.660043832032, 0.530600095762, 0.656469994961, 0.217857226388, 0.726955151384, 0.110436979517, 0.52935881282, 1.40155441735, 0.123554237114, 185.574745089, 24.41458501, 154.871581759, 209.561901994, 1079.77901665, 20.2650678335
0.144099511243, 0.796830508918, 0.903506536542, 0.275818120995, 0.553912211211, 0.0241192973845, 0.218625756084, 0.346389938726, 0.419144106425, 0.166341891891, 0.206089460313, 0.916535727102, 0.831808994835, 0.0880529104324, 0.998295259685, 0.719197262209, 0.462053868013, 24.7735507234, 8.85866473221, 0.99726294425, 31.2133096706, 18.8887062631, 294.558041539, 901.769535567, 218.719282366
0.0782688951015, 0.852351598386, 0.9817853646, 0.671559303678, 0.802335761758, 0.230227797885, 0.765762641927, 0.805176812642, 0.938839823177, 0.256102401532, 0.768986014243, 0.216272587337, 0.51351783119, 0.925966740509, 0.249209635184, 0.299354756101, 0.979952132791, 0.354355555825, 0.919224071464, 0.372663946448, 3.28262457359, 6.07860340733, 244.176754851, 1034.30212707, 131.32242477
0.186139384703, 0.114372588981, 0.393147161948, 0.878327131302, 0.834190192878, 0.280422163323, 0.96797603329, 0.358738623233, 0.552712745441, 0.0902315075753, 0.762748278285, 0.623365363846, 0.655388885417, 0.107626002518, 0.341019816546, 0.0949333335699, 0.892115968055, 1.96400872862, 39.0105327092, 18.4118603522, 162.029025244, 866.653881122, 626.933021648, 196.634768887, 331.24118441
0.983778084308, 0.788260375183, 0.0802356233388, 0.282331279206, 0.48617600787, 0.256138398234, 0.876941612587, 0.560316557111, 0.874177259715, 0.0662055704654, 0.73078021764, 0.0609392159275, 0.217633946609, 0.196605496769, 0.631347457331, 0.244656722234, 0.830537405116, 1.30413148942, 6.66244323172, 2.88904726843, 7.06438012239, 4.85246102321, 1.43287722318, 32.9996464113, 1369.84385747
0.00822428681387, 0.428218251796, 0.221841995971, 0.37582394131, 0.905185120531, 0.428638489571, 0.128308375438, 0.176721895301, 0.36027052003, 0.35754002166, 0.643437820344, 0.0448705854432, 0.230826129641, 0.24301344447, 0.30800303469, 0.677837400673, 0.94139383854, 106.167128617, 21.6921109286, 86.4333234181, 923.783677984, 625.912456033, 408.500707969, 952.963633482, 19.7602098028
0.045302678954, 0.275421483416, 0.551953323437, 0.69504153558, 0.404808096985, 0.264370719698, 0.416337523448, 0.7575958417, 0.151709972451, 0.936233939714, 0.352784640051, 0.916353163336, 0.47701401204, 0.146055006015, 0.311430248961, 0.309801831204, 0.0622610096398, 220.348491684, 168.898414947, 122.41237842, 223.969652061, 726.122704042, 963.984410022, 583.919039302, 99.2763923014
0.995566215767, 0.499842381234, 0.48904927909, 0.991314021338, 0.378534405607, 0.332676028391, 0.271885246467, 0.650528965351, 0.843333964886, 0.932790632035, 0.194184774805, 0.990566420313, 0.549195553527, 0.126964877287, 0.454515253852, 0.401156964396, 0.487115513226, 0.037388231784, 0.0170149040976, 0.023659770852, 0.0320566710889, 4.193985475, 4.05250438859, 5.82940050094, 1183.98170176
0.142464174909, 0.707555003904, 0.710773944278, 0.989765527297, 0.692390028603, 0.856283645326, 0.989788043797, 0.291673359534, 0.946694945298, 0.969990891071, 0.133340109067, 0.856964967243, 0.395307031688, 0.971973116071, 0.563156715258, 0.587742886412, 0.8642455362, 0.00649137914328, 0.404641948685, 1.76211440843, 3.44591833048, 242.039218643, 495.65164912, 1115.106462, 283.14495262
0.995767918999, 0.757939019009, 0.878726320448, 0.906127243274, 0.727327782532, 0.534758000897, 0.557786696834, 0.430204920797, 0.796619889279, 0.671476934651, 0.881389873849, 0.878042897645, 0.306392099111, 0.568986582419, 0.821839670984, 0.956837125617, 0.0455771300976, 0.013501915816, 0.0162059643634, 0.0235323776684, 0.0692153092191, 0.512266731109, 2.68565405663, 6.84334283294, 1108.58447761
0.0581034802813, 0.17635777501, 0.483741904713, 0.304389759008, 0.108716440085, 0.51551815299, 0.874251419562, 0.773984926647, 0.836230806264, 0.882471577662, 0.880563940082, 0.83358607845, 0.180972212014, 0.658105731419, 0.497592747017, 0.701980250314, 0.965960231487, 86.1732069983, 430.575297966, 461.060647289, 109.801059838, 334.83958721, 691.465557612, 285.425042844, 95.5161580043
0.907669508064, 0.978673780628, 0.168900992345, 0.00148028224086, 0.152553525579, 0.0938675955287, 0.350029849182, 0.251759933653, 0.217260224208, 0.936233939714, 0.0474143902324, 0.89375822186, 0.962108212333, 0.716421526068, 0.868799511477, 0.901694394865, 0.440818209794, 4.95036108806, 3.03390445515, 0.862347832578, 1.43413429003, 0.014050030508, 1.64182139838, 186.846304931, 1279.97986804
0.64181904557, 0.996744048901, 0.199329181565, 0.895704093792, 0.950956557109, 0.0833523087974, 0.931355565041, 0.109873109693, 0.315640113637, 0.648835983879, 0.701053139263, 0.132448992784, 0.348311453204, 0.512367165342, 0.974655813856, 0.668335443524, 0.00562920492435, 0.00339560976283, 0.0313693028593, 0.00415492861585, 0.412293438158, 2.50149328163, 0.820862434765, 521.071636097, 826.297546359
0.14766424898, 0.485937883898, 0.548881358183, 0.0268715242516, 0.00917484019904, 0.189467185103, 0.332139259517, 0.98124688336, 0.755448247006, 0.95876360267, 0.617765324526, 0.805780012782, 0.576768275262, 0.370562230138, 0.982493985758, 0.211176228042, 0.438730275824, 405.911430945, 233.339042218, 143.608280771, 7.0583683077, 20.6857452542, 571.931760167, 720.708039629, 246.243895053
0.312792515689, 0.366824735477, 0.0383445403824, 0.240450467835, 0.689772617297, 0.82917151072, 0.86894371204, 0.33481391768, 0.492159383484, 0.213845646586, 0.863446094589, 0.991589792674, 0.224630303031, 0.656527441368, 0.114551875314, 0.550191634957, 0.748344532412, 20.7793660815, 99.5080233029, 369.695154207, 723.522546925, 324.870673776, 53.123833365, 573.432134148, 563.175644729
0.175912662492, 0.508228897526, 0.305277184449, 0.474249584187, 0.720145174946, 0.945924087221, 0.640721244911, 0.809560297161, 0.404356569033, 0.543326272384, 0.353000791494, 0.691824659757, 0.632847538409, 0.8919422776, 0.148807141501, 0.88304395109, 0.153050729776, 9.3596613992, 14.7854654301, 205.514271598, 438.579964546, 446.956214444, 342.838828066, 762.566913848, 301.941570178
0.14766424898, 0.485937883898, 0.554851088618, 0.0268715242516, 0.00917484019904, 0.189467185103, 0.332139259517, 0.354720473621, 0.755448247006, 0.0197057775282, 0.617765324526, 0.805780012782, 0.576768275262, 0.370562230138, 0.982493985758, 0.211176228042, 0.438730275824, 400.322060202, 230.125980658, 141.630805238, 6.96117509187, 20.4009040535, 574.879572256, 718.678007006, 245.550294992
0.221126668363, 0.642996344315, 0.19291996843, 0.0534159789428, 0.370044369163, 0.509601022903, 0.0907791356785, 0.198847115007, 0.467684992832, 0.413937727404, 0.633319463989, 0.703816215031, 0.842285236634, 0.497333103855, 0.128456020809, 0.375874391684, 0.903501483954, 219.720130732, 31.5452075299, 228.771357576, 209.418432342, 32.0767491276, 119.671990219, 638.525020904, 272.968140161
0.241559615264, 0.442565733705, 0.637727491164, 0.35927350849, 0.263745769455, 0.424880111232, 0.439774144588, 0.587184309643, 0.284741970226, 0.423947774642, 0.399033295567, 0.454702378176, 0.0843334977869, 0.760285636877, 0.69965535718, 0.528347216421, 0.762652345862, 165.773365072, 137.040621871, 169.4925444, 120.419264644, 189.366506658, 553.511219225, 548.040113132, 341.187780779
0.472205256495, 0.423078592649, 0.096748943817, 0.326149038652, 0.364113456885, 0.992546068447, 0.849445239756, 0.881353079491, 0.958546706629, 0.264260972464, 0.14396430477, 0.628478371965, 0.693715221338, 0.365724265249, 0.69980814613, 0.00588510864987, 0.474115671274, 1.25678468266, 5.21486134877, 458.117791649, 294.919993779, 306.432553114, 95.7400232022, 495.466216704, 736.130107466
0.382481404236, 0.217942007468, 0.560581661772, 0.555132362891, 0.513459559296, 0.401321257198, 0.817505699653, 0.536814775181, 0.904989940853, 0.984934404239, 0.075709220881, 0.30154912338, 0.387197860766, 0.561288541434, 0.657689200434, 0.859601070148, 0.259836608204, 58.0915222527, 197.067070052, 149.921248773, 265.323666834, 437.422099512, 691.908910628, 319.777358589, 652.817820452
0.459495126217, 0.437431102595, 0.0869060227576, 0.757561066105, 0.651383495699, 0.470619154258, 0.234566334163, 0.423382580469, 0.214054863816, 0.835159566665, 0.579275551052, 0.564337261853, 0.638834099154, 0.413880491821, 0.308588233284, 0.225278444737, 0.612417996723, 70.2257393443, 27.1133063969, 68.6317110354, 167.047316974, 488.696418219, 72.3106619499, 435.973072235, 604.985163472
0.0368348420182, 0.494504491413, 0.906389487715, 0.260752979281, 0.384048575041, 0.737917389012, 0.734185128247, 0.483780812834, 0.0610111518935, 0.927895317667, 0.653699888593, 0.274462740469, 0.98699777937, 0.00364829032611, 0.254054391193, 0.54622174162, 0.492787531815, 15.1168402247, 34.0756090432, 85.3775148306, 64.182058654, 49.1145263602, 832.687701678, 827.36269832, 68.3685177943
0.10087894718, 0.638876029029, 0.222540790955, 0.835153974905, 0.263745769455, 0.230850025697, 0.90983015199, 0.0292402181438, 0.691117020855, 0.348868421004, 0.326697296818, 0.873344238864, 0.124432578552, 0.431366289994, 0.63148980077, 0.00714288549325, 0.762652345862, 18.6723929143, 130.948611566, 50.1838070628, 62.2116540792, 583.448000483, 220.023535542, 1008.35657623, 191.058953508
