0.998009426003, 0.162877207829, 0.0052782916824, 0.885072722103, 0.2165072521, 0.103580435115, 0.740335679809, 0.530162889875, 0.645892185143, 0.536734567296, 0.861353026465, 0.229506841555, 0.0119317425744, 0.900834280364, 0.457762234652, 0.376142680764, 0.839744199628, 0.273420011482, 0.632751533916, 0.113151768747, 0.247163628335, 4.05975121712, 0.0342167114398, 1.07952719373, 1364.2756846
0.907669508064, 0.996744048901, 0.168900992345, 0.00148028224086, 0.0869818368128, 0.0982330676325, 0.989988992447, 0.687903400971, 0.211094397918, 0.419410081919, 0.205786728915, 0.89375822186, 0.991390923864, 0.592084159354, 0.868799511477, 0.901694394865, 0.0867060503886, 0.00480819353833, 0.305737334093, 0.0475604387455, 0.042545712075, 0.000726314321583, 0.0848737228322, 63.2887565032, 433.31841052
0.000227846501758, 0.275421483416, 0.551953323437, 0.69504153558, 0.404808096985, 0.264370719698, 0.416337523448, 0.407505198905, 0.890360208673, 0.51362182823, 0.880563940082, 0.910864593033, 0.768065514113, 0.211115892175, 0.497592747017, 0.65469995519, 0.0622610096398, 121.992508395, 93.5079752344, 67.7717055738, 123.997307404, 402.006518818, 533.694945373, 323.277676011, 0.275964754529
0.886597627207, 0.981436535155, 0.992191697111, 0.599054592327, 0.00771027515358, 0.987865114173, 0.00346991034038, 0.33030059669, 0.0938342853606, 0.730009731718, 0.399852740675, 0.332214138238, 0.0107531715073, 0.211115892175, 0.126577367671, 0.851681821132, 0.0318589843769, 0.000726434005325, 3.95948404027e-06, 0.0381060946904, 0.00046161969966, 0.0522984161216, 5.27596489637, 180.897487169, 1005.18806547
0.0373735711631, 0.158314636262, 0.191426283481, 0.222057674575, 0.180229156787, 0.043172935192, 0.972591871157, 0.344600600949, 0.0221622865763, 0.75538134371, 0.682141734766, 0.0425282156262, 0.285367743984, 0.720623676293, 0.0421096998261, 0.376142680764, 0.782548886011, 45.1557427489, 1048.20272547, 71.2600032705, 305.926275375, 398.295307693, 361.373105862, 309.830125852, 73.9864205864
0.997537937087, 0.996744048901, 0.0052782916824, 0.885072722103, 0.2165072521, 0.0345370001537, 0.740335679809, 0.530162889875, 0.645892185143, 0.139650778455, 0.920932829947, 0.89375822186, 0.0119317425744, 0.982151495431, 0.457762234652, 0.376142680764, 0.782548886011, 0.00147920692836, 0.00342319659715, 0.000202505619433, 0.00132144358158, 0.0217051846374, 0.000182937327873, 4.31412283606, 1115.51906776
0.886597627207, 0.893100139451, 0.710773944278, 0.999857959964, 0.643050556456, 0.856283645326, 0.989788043797, 0.291673359534, 0.98941006711, 0.991826415186, 0.133340109067, 0.875847672253, 0.651791823203, 0.915691824211, 0.563156715258, 0.587742886412, 0.870068603768, 5.4167284158e-06, 0.000337653292665, 0.00147039557809, 0.00240266363886, 12.7156178781, 26.0358744701, 170.93000499, 962.942160089
0.0728393956661, 0.070634198474, 0.0525337575001, 0.0462084807973, 0.226207122566, 0.89129402515, 0.933638425532, 0.065768908945, 0.550242772866, 0.449217450981, 0.135145150597, 0.66769760907, 0.11904475505, 0.991681776302, 0.294273957145, 0.28072368863, 0.269241939729, 20.0332213725, 191.486078073, 1116.54913532, 420.438226128, 87.8736624491, 100.217660724, 135.456877167, 140.586854449
0.980725870528, 0.844405414245, 0.992191697111, 0.885072722103, 0.959158818672, 0.00377400122019, 0.740335679809, 0.509743524292, 0.308376389187, 0.136545489098, 0.00503517570974, 0.977250975653, 0.752081430376, 0.206438203928, 0.996619970049, 0.780175716158, 0.321466640168, 0.00031184902379, 0.000721684367884, 4.66067364086e-06, 0.0122381220359, 0.0671911356339, 5.56838565558, 22.329422908, 759.893357728
0.174403650293, 0.159778286053, 0.207496307506, 0.0382393756309, 0.95292799497, 0.89129402515, 0.382879075307, 0.00896912917684, 0.0742123763893, 0.758002273396, 0.0312172240254, 0.746209428509, 0.875914522648, 0.995911841513, 0.21954199267, 0.453507263745, 0.76259340543, 11.9270446531, 8.18470633677, 83.8886336767, 1149.1864657, 69.2998331164, 390.179790278, 312.423900985, 353.516797347
0.0728393956661, 0.0742810078859, 0.931227001778, 0.0462084807973, 0.636389708405, 0.94521073879, 0.231574037278, 0.407505198905, 0.65889381766, 0.424159531455, 0.157475501516, 0.98540323459, 0.656469994961, 0.991681776302, 0.726955151384, 0.28072368863, 0.269241939729, 5.15443060414, 1.96227464725, 63.9264717804, 99.850045697, 8.6300861315, 1097.29423646, 129.37101945, 127.706309506
0.997537937087, 0.00492030045794, 0.207496307506, 0.885072722103, 0.2165072521, 0.0345370001537, 0.740335679809, 0.467559372284, 0.308376389187, 0.139650778455, 0.914798411095, 0.229506841555, 0.0119317425744, 0.900834280364, 0.856231799976, 0.376142680764, 0.839744199628, 0.271761766808, 0.628914006242, 0.0372045883985, 0.242777285303, 3.98770396006, 1.3700632249, 0.033071001092, 1106.41734652
0.00317528294991, 0.316446762891, 0.0459722867105, 0.304389759008, 0.161582986005, 0.264370719698, 0.197358867769, 0.931732392685, 0.988201493468, 0.936233939714, 0.075709220881, 0.992714743183, 0.47587677122, 0.3673770283, 0.311430248961, 0.634956252717, 0.862551728804, 759.890535979, 243.422707954, 351.817570249, 226.216114562, 466.888851236, 73.402505333, 551.923631871, 5.77295811509
0.174403650293, 0.932538315308, 0.23824620556, 0.0382393756309, 0.95292799497, 0.906643397287, 0.382879075307, 0.00896912917684, 0.644642748442, 0.861352310927, 0.0312172240254, 0.967263459175, 0.875914522648, 0.0479755640339, 0.21954199267, 0.453507263745, 0.76259340543, 1.28963201112, 0.884985308643, 10.5892582619, 144.503037847, 8.71402222918, 57.0111221479, 1466.19550418, 414.351867409
0.0373735711631, 0.158314636262, 0.191426283481, 0.869519841248, 0.180229156787, 0.043172935192, 0.972591871157, 0.344600600949, 0.0221622865763, 0.75538134371, 0.682141734766, 0.0425282156262, 0.285367743984, 0.720623676293, 0.0421096998261, 0.376142680764, 0.0867060503886, 9.6836626589, 224.787390788, 15.2817292051, 65.6059820719, 1129.82049972, 357.840654506, 306.801511296, 73.2631973374
0.0728393956661, 0.070634198474, 0.0525337575001, 0.0462084807973, 0.226207122566, 0.0689704674692, 0.853416379406, 0.687903400971, 0.550242772866, 0.424159531455, 0.205786728915, 0.66769760907, 0.11904475505, 0.991681776302, 0.294273957145, 0.28072368863, 0.269241939729, 172.504385928, 735.907995319, 82.210244244, 282.133543915, 58.9673018838, 67.2506970721, 90.8978452191, 94.3402978335
0.168241722209, 0.029789168548, 0.0709858079518, 0.401737942023, 0.114031793436, 0.0152404333326, 0.488099734509, 0.391871977132, 0.913762749939, 0.112309048822, 0.116056877123, 0.647014022144, 0.351448727394, 0.936764845684, 0.183032231748, 0.428084777907, 0.489934669696, 527.0752692, 507.729520317, 17.5234446998, 132.546834984, 543.626265722, 103.169449241, 43.4165604896, 251.169989387
0.308314917358, 0.00492030045794, 0.207496307506, 0.012862608662, 0.161582986005, 0.915909539596, 0.740335679809, 0.391871977132, 0.645892185143, 0.112309048822, 0.783514309189, 0.96988105253, 0.530601101562, 0.978709124368, 0.457762234652, 0.376142680764, 0.780911581988, 44.7963274762, 103.668143274, 849.996209401, 222.433905711, 17.9005574939, 299.46718446, 7.22862960211, 492.048165789
0.0341930667806, 0.159778286053, 0.23824620556, 0.335817913844, 0.98249812857, 0.836061721743, 0.470672846498, 0.00896912917684, 0.151709972451, 0.883174107477, 0.133376065191, 0.967263459175, 0.642048911703, 0.995911841513, 0.21954199267, 0.314546147192, 0.880534039983, 4.28419615303, 3.90660356276, 22.0151095673, 827.882721316, 482.478428699, 376.439975772, 264.01455628, 57.1524807342
0.0728393956661, 0.0742810078859, 0.0525337575001, 0.0462084807973, 0.226207122566, 0.0345370001537, 0.231574037278, 0.407505198905, 0.4779976473, 0.424159531455, 0.157475501516, 0.991318078812, 0.114357573488, 0.991681776302, 0.294273957145, 0.28072368863, 0.269241939729, 635.241889783, 241.834482007, 36.9113078836, 252.598010401, 52.794229739, 60.2104664435, 85.6212320505, 84.5194820835
0.0581034802813, 0.17635777501, 0.483741904713, 0.304389759008, 0.108716440085, 0.0345370001537, 0.874251419562, 0.0544497948602, 0.836230806264, 0.882471577662, 0.880563940082, 0.57093089671, 0.180972212014, 0.3673770283, 0.497592747017, 0.701980250314, 0.400865985922, 106.794561149, 533.612494995, 29.5518576406, 93.9851352182, 286.608744275, 591.8657254, 244.311951869, 81.7578540569
0.174403650293, 0.159778286053, 0.23824620556, 0.0382393756309, 0.95292799497, 0.89129402515, 0.382879075307, 0.00896912917684, 0.0742123763893, 0.758002273396, 0.0312172240254, 0.967263459175, 0.875914522648, 0.995911841513, 0.21954199267, 0.453507263745, 0.76259340543, 11.4074222782, 7.82812541765, 80.233879936, 1099.1201653, 66.2806657608, 433.638454476, 304.130463056, 344.132529349
0.011451818512, 0.816128285274, 0.876016187091, 0.265723968365, 0.0832743367925, 0.995173371278, 0.0559766053196, 0.678257281486, 0.659814912728, 0.0902315075753, 0.692003939036, 0.513999331922, 0.656469994961, 0.217857226388, 0.726955151384, 0.110436979517, 0.52935881282, 0.337504231902, 0.0297527355193, 44.6877131751, 5.87920501624, 19.988344538, 249.968960942, 857.478106936, 16.0929706309
0.174403650293, 0.159778286053, 0.23824620556, 0.0382393756309, 0.501595335257, 0.836061721743, 0.559526311513, 0.00896912917684, 0.902887829567, 0.883174107477, 0.133376065191, 0.73140016075, 0.875914522648, 0.995911841513, 0.234846167423, 0.376142680764, 0.76259340543, 99.7945529612, 120.448304171, 593.931925333, 617.269876868, 52.3670247895, 342.609046462, 240.287379664, 271.89221002
0.174403650293, 0.932538315308, 0.23824620556, 0.0382393756309, 0.95292799497, 0.89129402515, 0.382879075307, 0.00896912917684, 0.644642748442, 0.758002273396, 0.0312172240254, 0.967263459175, 0.875914522648, 0.995911841513, 0.21954199267, 0.453507263745, 0.76259340543, 1.31747033856, 0.904088828552, 9.26640168003, 126.940002831, 7.65491177852, 50.0819367863, 1287.99272476, 363.99115206
0.00317528294991, 0.936829482849, 0.377722242084, 0.581004469391, 0.904822720198, 0.793242735609, 0.876941612587, 0.286677634678, 0.253457215388, 0.379359079686, 0.133376065191, 0.962689966631, 0.47587677122, 0.722229801482, 0.000708448405007, 0.634956252717, 0.225866866935, 0.528482598057, 2.69986986517, 8.17090308627, 57.2377796942, 74.866531533, 63.8190694201, 1146.52099717, 5.74684541859
0.308314917358, 0.00492030045794, 0.207496307506, 0.012862608662, 0.161582986005, 0.760559827431, 0.740335679809, 0.467559372284, 0.645892185143, 0.300717744522, 0.783514309189, 0.96988105253, 0.425568580755, 0.900834280364, 0.457762234652, 0.0912038208703, 0.780911581988, 114.88501778, 265.868144875, 733.400693992, 204.548358046, 16.4612028539, 275.387516458, 6.64738728256, 452.483375095
0.011451818512, 0.389719861612, 0.792768723855, 0.440047478085, 0.576888204657, 0.178295335706, 0.0559766053196, 0.678257281486, 0.0107871043632, 0.882471577662, 0.749091621423, 0.709604983696, 0.134827296577, 0.233989423615, 0.550890028666, 0.236050557677, 0.52935881282, 149.68531506, 13.1955311049, 43.220267753, 199.553654733, 209.757063977, 974.862449108, 722.443119463, 22.617524731
0.00356623462329, 0.217942007468, 0.265138386991, 0.913265498492, 0.513459559296, 0.401321257198, 0.00449927332369, 0.536814775181, 0.904989940853, 0.984934404239, 0.749091621423, 0.95852612857, 0.387197860766, 0.561288541434, 0.883968271159, 0.110436979517, 0.258590922096, 76.2041526489, 0.538577396891, 55.60895275, 98.4141432461, 994.42361433, 444.002929806, 391.136766419, 6.52707556302
0.0581034802813, 0.17635777501, 0.632611198175, 0.304389759008, 0.108716440085, 0.351926886223, 0.874251419562, 0.0544497948602, 0.869475861133, 0.882471577662, 0.880563940082, 0.57093089671, 0.180972212014, 0.652270036039, 0.497592747017, 0.701980250314, 0.400865985922, 70.4105434068, 351.815161155, 221.364456023, 72.7027443634, 221.707850066, 740.135631101, 251.112005236, 84.0334601685
0.00356623462329, 0.936829482849, 0.634600513838, 0.527515377823, 0.665610348578, 0.401321257198, 0.0270578063458, 0.328493623703, 0.199268883266, 0.996358380492, 0.075709220881, 0.616086007685, 0.387197860766, 0.561288541434, 0.657689200434, 0.859601070148, 0.225866866935, 15.1737377809, 0.645307415811, 11.0825625026, 32.4400603895, 40.8842499149, 85.7958137083, 1026.24618788, 5.77733407944
0.0373735711631, 0.265410857061, 0.191426283481, 0.836163210892, 0.66959878691, 0.679953648926, 0.972591871157, 0.344600600949, 0.0221622865763, 0.75538134371, 0.682141734766, 0.0425282156262, 0.583215176817, 0.720623676293, 0.0423537755777, 0.376142680764, 0.0867060503886, 2.8683434129, 66.5830124801, 121.205476396, 242.145232773, 1059.56189611, 339.753280146, 508.019014262, 73.736032252
0.907669508064, 0.996744048901, 0.168900992345, 0.00148028224086, 0.35536350763, 0.0982330676325, 0.350029849182, 0.687903400971, 0.211094397918, 0.419410081919, 0.0474143902324, 0.89375822186, 0.991390923864, 0.592084159354, 0.868799511477, 0.901694394865, 0.782548886011, 0.33346802277, 0.204370974548, 0.0608337467695, 0.247166388338, 0.00108506218205, 0.126795333864, 94.5489221266, 647.347031541
0.0244103988729, 0.459736450276, 0.0525337575001, 0.0462084807973, 0.021647687084, 0.51551815299, 0.488099734509, 0.407505198905, 0.254918168105, 0.424159531455, 0.0132793171979, 0.976581097646, 0.11904475505, 0.688436636234, 0.779496098296, 0.28072368863, 0.269241939729, 323.988579051, 312.096915644, 472.342874304, 22.1890564095, 47.4565700612, 54.1230023303, 578.408707036, 33.5691380567
0.00822428681387, 0.188134305013, 0.269988604337, 0.37582394131, 0.238013945863, 0.443039801632, 0.197652619761, 0.510284890624, 0.311003751112, 0.35754002166, 0.929722658952, 0.703816215031, 0.230826129641, 0.217857226388, 0.17379160153, 0.110436979517, 0.94139383854, 473.210660441, 151.828706113, 415.143157628, 254.050173539, 466.091417853, 378.046984093, 279.687251236, 12.4070040915
0.00356623462329, 0.217942007468, 0.0459722867105, 0.527515377823, 0.513459559296, 0.51551815299, 0.0321824274477, 0.352103922155, 0.988201493468, 0.984934404239, 0.075709220881, 0.616086007685, 0.387197860766, 0.561288541434, 0.497592747017, 0.859601070148, 0.862551728804, 323.082270693, 16.3463943143, 339.663810656, 489.329400843, 739.118333723, 72.546923617, 358.333482907, 5.97967238189
0.103535508394, 0.803764672631, 0.522946844954, 0.0635481654973, 0.109392882818, 0.0983884095272, 0.730980220135, 0.00656524060323, 0.254918168105, 0.183439304494, 0.385169805266, 0.507316389125, 0.796148531499, 0.688436636234, 0.219806783168, 0.723858730417, 0.0318589843769, 58.6822187782, 130.502090153, 22.2918709003, 25.1319415806, 14.720588344, 158.76656063, 681.092069238, 117.283087261
0.0373735711631, 0.149828418288, 0.496090878935, 0.836163210892, 0.66959878691, 0.679953648926, 0.972591871157, 0.344600600949, 0.0221622865763, 0.75538134371, 0.888332729306, 0.0425282156262, 0.583215176817, 0.720623676293, 0.0423537755777, 0.376142680764, 0.0867060503886, 2.23757489699, 51.940948431, 94.5515554873, 188.895824622, 826.556921283, 844.272530454, 288.08368674, 72.6114405727
0.0341930667806, 0.159778286053, 0.23824620556, 0.316222981953, 0.98249812857, 0.82917151072, 0.559526311513, 0.000158410109403, 0.904989940853, 0.883174107477, 0.133376065191, 0.967263459175, 0.912280619203, 0.995911841513, 0.21954199267, 0.453507263745, 0.568029378549, 3.43428281541, 4.14505129675, 19.5764826493, 738.325369988, 400.363245998, 329.958739496, 231.415141339, 50.0955310696
0.980725870528, 0.844405414245, 0.992191697111, 0.114543563768, 0.959158818672, 0.00377400122019, 0.00804121741766, 0.509743524292, 0.4779976473, 0.136545489098, 0.00503517570974, 0.977250975653, 0.752081430376, 0.211115892175, 0.996619970049, 0.780175716158, 0.321466640168, 0.00475632938221, 6.00809376103e-05, 2.8198991005e-05, 0.07404566803, 0.0134960510634, 6.14842100073, 24.6553851032, 839.048257063
0.00356623462329, 0.217942007468, 0.310626208866, 0.527515377823, 0.513459559296, 0.401321257198, 0.488099734509, 0.536814775181, 0.904989940853, 0.984934404239, 0.075709220881, 0.616086007685, 0.387197860766, 0.410900576546, 0.657689200434, 0.859601070148, 0.862551728804, 235.925714977, 227.266307291, 239.04363573, 423.048330268, 639.002635879, 460.163105041, 349.809873432, 5.83743506776
0.0581034802813, 0.17635777501, 0.483741904713, 0.304389759008, 0.108716440085, 0.351926886223, 0.874251419562, 0.0544497948602, 0.812329433563, 0.882471577662, 0.880563940082, 0.57093089671, 0.180972212014, 0.658105731419, 0.497592747017, 0.701980250314, 0.400865985922, 81.2905851199, 406.178661896, 255.570334841, 83.9369836273, 255.966791129, 528.588096267, 218.192039159, 73.0169472166
0.00356623462329, 0.298821830737, 0.0459722867105, 0.527515377823, 0.513459559296, 0.215267161819, 0.0321824274477, 0.446868257467, 0.988201493468, 0.984934404239, 0.075709220881, 0.616086007685, 0.387197860766, 0.561288541434, 0.657689200434, 0.950762534536, 0.926004696325, 478.271613524, 24.1982216085, 168.397656563, 529.560624148, 799.886467993, 78.5115181807, 551.913699974, 6.83501975186
0.0901605749207, 0.159778286053, 0.23824620556, 0.0382393756309, 0.501595335257, 0.836061721743, 0.729535498327, 0.00896912917684, 0.902887829567, 0.912315905917, 0.133376065191, 0.878289911912, 0.875914522648, 0.995911841513, 0.234846167423, 0.376142680764, 0.76259340543, 61.6299332858, 136.230060969, 567.746070432, 590.055075405, 50.0582158936, 327.50376184, 229.693353329, 131.866239897
0.011451818512, 0.389719861612, 0.792768723855, 0.440047478085, 0.576888204657, 0.995173371278, 0.0559766053196, 0.678257281486, 0.0107871043632, 0.984934404239, 0.749091621423, 0.709604983696, 0.387139186312, 0.233989423615, 0.550890028666, 0.236050557677, 0.52935881282, 1.04622227693, 0.0922298796805, 138.526503107, 176.80114938, 185.841196701, 863.711575316, 640.0723357, 20.038742833
0.997537937087, 0.00492030045794, 0.0052782916824, 0.885072722103, 0.2165072521, 0.0345370001537, 0.740335679809, 0.530162889875, 0.645892185143, 0.139650778455, 0.920932829947, 0.229506841555, 0.0119317425744, 0.900834280364, 0.457762234652, 0.376142680764, 0.839744199628, 0.335294032855, 0.775941060247, 0.0459022497217, 0.299533580572, 4.91994646011, 0.0414666759912, 0.0386554812387, 1293.25068998
0.00356623462329, 0.217942007468, 0.348626651413, 0.527515377823, 0.513459559296, 0.401321257198, 0.0752593280435, 0.536814775181, 0.904989940853, 0.984934404239, 0.075709220881, 0.616086007685, 0.387197860766, 0.535803213803, 0.370616788813, 0.453507263745, 0.259836608204, 339.629096963, 40.3380458809, 249.575477009, 441.687094082, 667.155965782, 552.045158219, 377.858259351, 6.30549112904
0.000565762604546, 0.217942007468, 0.0459722867105, 0.42232552692, 0.397004243721, 0.401321257198, 0.319834683623, 0.536814775181, 0.904989940853, 0.557306502641, 0.075709220881, 0.882981953222, 0.387197860766, 0.410900576546, 0.657689200434, 0.507871975058, 0.0162396267653, 378.434621, 207.918239882, 315.085189483, 384.528133681, 514.625583999, 60.4548323024, 298.606605731, 0.79051353103
0.312792515689, 0.0235609880322, 0.0149211513043, 0.261878599801, 0.689772617297, 0.82917151072, 0.853853895679, 0.890322808758, 0.492159383484, 0.213845646586, 0.075709220881, 0.769108697202, 0.224630303031, 0.461232130247, 0.114551875314, 0.0879856264373, 0.317844375524, 17.9288366307, 76.722119554, 286.538925964, 560.779255955, 276.865649423, 16.2318862402, 25.6447380145, 370.869094326
0.00356623462329, 0.217942007468, 0.0459722867105, 0.527515377823, 0.513459559296, 0.286695191564, 0.0752593280435, 0.536814775181, 0.904989940853, 0.984934404239, 0.075709220881, 0.616086007685, 0.387197860766, 0.410900576546, 0.657689200434, 0.859601070148, 0.862551728804, 409.375373711, 48.6218723747, 199.313527509, 477.689816723, 721.537068413, 70.8212639313, 349.809873432, 5.83743506776
0.00356623462329, 0.217942007468, 0.0459722867105, 0.42232552692, 0.513459559296, 0.995173371278, 0.0752593280435, 0.536814775181, 0.998442841974, 0.996362736785, 0.075709220881, 0.273101985506, 0.387197860766, 0.410900576546, 0.657689200434, 0.83000836171, 0.862551728804, 3.94779742536, 0.468883364519, 524.353964394, 547.024045683, 592.22399581, 69.5705838679, 343.632346932, 5.73434789795
0.308314917358, 0.00492030045794, 0.23824620556, 0.012862608662, 0.404808096985, 0.760559827431, 0.740335679809, 0.467559372284, 0.645892185143, 0.300717744522, 0.783514309189, 0.967263459175, 0.530601101562, 0.900834280364, 0.457762234652, 0.376142680764, 0.780911581988, 104.252978975, 241.26336622, 665.528095905, 528.176288847, 17.9717052151, 349.365738621, 7.38651698038, 502.795458036
0.00822428681387, 0.00492030045794, 0.207496307506, 0.012862608662, 0.404808096985, 0.760559827431, 0.740335679809, 0.467559372284, 0.645892185143, 0.300717744522, 0.783514309189, 0.96988105253, 0.530601101562, 0.900834280364, 0.457762234652, 0.376142680764, 0.780911581988, 118.236437858, 273.624037296, 754.795422896, 599.020608982, 20.38225121, 340.984652845, 8.23079082894, 13.7586769463
0.149040749934, 0.0526944852542, 0.0383445403824, 0.261878599801, 0.689772617297, 0.82917151072, 0.697873706719, 0.33481391768, 0.492159383484, 0.213845646586, 0.963013119899, 0.769108697202, 0.47587677122, 0.821816031958, 0.114551875314, 0.0879856264373, 0.317844375524, 44.9440600435, 87.484105523, 357.690775265, 700.02903145, 345.615481224, 52.1243191203, 71.8386325702, 207.219861915
0.0341930667806, 0.159778286053, 0.23824620556, 0.316222981953, 0.576888204657, 0.82917151072, 0.559526311513, 0.000158410109403, 0.968371526133, 0.883174107477, 0.133376065191, 0.967263459175, 0.912280619203, 0.995911841513, 0.21954199267, 0.453507263745, 0.52935881282, 87.4084280674, 105.498713293, 498.255288641, 659.505732694, 454.154384101, 374.290621361, 262.507115817, 56.8261579616
0.174403650293, 0.880621520094, 0.23824620556, 0.705786175404, 0.98249812857, 0.836061721743, 0.559526311513, 0.00896912917684, 0.413015228707, 0.165519806611, 0.125007541586, 0.967263459175, 0.912280619203, 0.995911841513, 0.668032277717, 0.453507263745, 0.4594720689, 0.373281621434, 0.450536997722, 2.22160293855, 83.5438352389, 167.778532222, 73.6168472679, 1061.29938796, 303.566022228
0.23751711319, 0.188134305013, 0.0565789459184, 0.527515377823, 0.513459559296, 0.401321257198, 0.0752593280435, 0.536814775181, 0.904989940853, 0.984934404239, 0.075709220881, 0.616086007685, 0.387197860766, 0.410900576546, 0.657689200434, 0.944042509786, 0.862551728804, 352.742661293, 41.8955554239, 259.211942501, 458.741263391, 692.915810134, 83.7787665562, 287.359639857, 386.210952644
0.00356623462329, 0.151241966722, 0.849304708992, 0.489711513424, 0.689772617297, 0.401321257198, 0.0270578063458, 0.328493623703, 0.904989940853, 0.984934404239, 0.075709220881, 0.616086007685, 0.387197860766, 0.561288541434, 0.657689200434, 0.863260244117, 0.590205973365, 60.1881551673, 2.55967668839, 43.9600974521, 140.728951259, 154.201535023, 918.963413951, 228.903725647, 5.44863796494
0.0368161227546, 0.120422739123, 0.483741904713, 0.304389759008, 0.108716440085, 0.0154185445714, 0.559526311513, 0.00199696931204, 0.836230806264, 0.882471577662, 0.880563940082, 0.57093089671, 0.180972212014, 0.3673770283, 0.93923625672, 0.701980250314, 0.400865985922, 358.10746585, 432.222357762, 13.5969918457, 96.8250792153, 295.26918596, 609.750101584, 169.472056895, 52.1801366765
0.011451818512, 0.389719861612, 0.792768723855, 0.440047478085, 0.576888204657, 0.178295335706, 0.0559766053196, 0.678257281486, 0.0107871043632, 0.882471577662, 0.749091621423, 0.709604983696, 0.134827296577, 0.233989423615, 0.550890028666, 0.236050557677, 0.52935881282, 149.68531506, 13.1955311049, 43.220267753, 199.553654733, 209.757063977, 974.862449108, 722.443119463, 22.617524731
0.00317528294991, 0.275421483416, 0.551953323437, 0.304389759008, 0.161582986005, 0.264370719698, 0.197358867769, 0.931732392685, 0.669619396755, 0.936233939714, 0.495817238862, 0.992714743183, 0.47587677122, 0.3673770283, 0.311430248961, 0.634956252717, 0.390580351779, 425.8210146, 136.407152833, 197.148546566, 126.765067942, 261.631215189, 669.909045534, 405.787315875, 4.8274748539
0.174403650293, 0.159778286053, 0.23824620556, 0.42232552692, 0.98249812857, 0.836061721743, 0.559526311513, 0.00896912917684, 0.902887829567, 0.883174107477, 0.133376065191, 0.967263459175, 0.912280619203, 0.995911841513, 0.313909070026, 0.453507263745, 0.4594720689, 2.90025600372, 3.50050084844, 17.2610085534, 649.103775305, 507.496868043, 323.676830293, 227.009351365, 256.86773198
0.236530975191, 0.816128285274, 0.855452595772, 0.265723968365, 0.0832743367925, 0.401321257198, 0.146251870738, 0.678257281486, 0.659814912728, 0.101139710252, 0.692003939036, 0.332214138238, 0.656469994961, 0.217857226388, 0.894076912399, 0.110436979517, 0.52935881282, 37.952060353, 8.87549097673, 28.4415435897, 6.34767342835, 21.5810612405, 230.421160183, 795.907981432, 323.516450145
0.126743745767, 0.130928630201, 0.52910536903, 0.00790480998871, 0.471554662083, 0.481847639136, 0.496437361813, 0.555611702947, 0.922604419819, 0.921630214578, 0.794327389069, 0.508747477334, 0.763311880451, 0.0152208739531, 0.408306140756, 0.520472954191, 0.248497002745, 235.939008543, 233.312963111, 313.413588397, 417.363286369, 7.68001444804, 677.841279645, 191.429005518, 189.128572406
0.174403650293, 0.159778286053, 0.23824620556, 0.705786175404, 0.98249812857, 0.941398729658, 0.559526311513, 0.00896912917684, 0.902887829567, 0.165519806611, 0.787236462844, 0.967263459175, 0.912280619203, 0.995911841513, 0.21954199267, 0.453507263745, 0.0975743840203, 0.496373100863, 0.599103823417, 8.4281748541, 307.795524801, 618.136349952, 271.22212039, 190.220466414, 215.240030818
0.000227846501758, 0.275421483416, 0.551953323437, 0.304389759008, 0.404808096985, 0.264370719698, 0.0559766053196, 0.931732392685, 0.669619396755, 0.936233939714, 0.352784640051, 0.916353163336, 0.901508432147, 0.3673770283, 0.311430248961, 0.309801831204, 0.0622610096398, 440.840908, 38.8623954962, 195.126834013, 357.010374979, 311.541293343, 797.704243041, 483.19733224, 0.412479558831
0.000227846501758, 0.275421483416, 0.307201483733, 0.69504153558, 0.404808096985, 0.264370719698, 0.416337523448, 0.663555405125, 0.366408427597, 0.936233939714, 0.880563940082, 0.916353163336, 0.624746691382, 0.018346072037, 0.497592747017, 0.65469995519, 0.0622610096398, 265.343955496, 203.387702619, 147.409153761, 269.704561782, 874.397954775, 516.156734884, 513.675137435, 0.438496820935
0.011451818512, 0.389719861612, 0.792768723855, 0.440047478085, 0.98249812857, 0.995173371278, 0.0559766053196, 0.678257281486, 0.0107871043632, 0.984934404239, 0.138380631993, 0.709604983696, 0.387139186312, 0.453620939026, 0.140717412753, 0.236050557677, 0.568029378549, 0.0479097266343, 0.00422348904285, 6.34355341286, 230.691335819, 190.945605246, 887.434715412, 657.652887038, 20.5891371048
0.000227846501758, 0.275421483416, 0.493819887272, 0.304389759008, 0.404808096985, 0.264370719698, 0.416337523448, 0.931732392685, 0.996101462797, 0.926907854517, 0.352784640051, 0.916353163336, 0.901508432147, 0.3673770283, 0.173552561462, 0.309801831204, 0.0622610096398, 363.745277401, 278.812894647, 202.075014017, 369.722990141, 322.634821282, 687.708314431, 453.564620959, 0.387183707921
0.00356623462329, 0.181740175428, 0.348626651413, 0.527515377823, 0.513459559296, 0.0154185445714, 0.0752593280435, 0.536814775181, 0.904989940853, 0.984934404239, 0.075709220881, 0.616086007685, 0.387197860766, 0.290997048706, 0.370616788813, 0.453507263745, 0.259836608204, 373.769728456, 44.3929586428, 9.11788474149, 392.773952, 593.274036736, 490.910785897, 276.724987625, 5.50461496927
0.921198148221, 0.83132905108, 0.986164471445, 0.0043080197356, 0.843607874741, 0.353913605986, 0.0752593280435, 0.530035252848, 0.780263990765, 0.3342937428, 0.68054018692, 0.230468629623, 0.151025268232, 0.936764845684, 0.690941395574, 0.541881915041, 0.00130519923341, 0.173812907224, 0.020643911517, 0.108747026746, 0.821881299415, 0.00573392304758, 38.9828511322, 143.709043634, 1196.81399537
0.0581034802813, 0.231976290827, 0.483741904713, 0.304389759008, 0.108716440085, 0.901735642456, 0.874251419562, 0.0544497948602, 0.812329433563, 0.888536887016, 0.880563940082, 0.57093089671, 0.180972212014, 0.658105731419, 0.497592747017, 0.701980250314, 0.400865985922, 13.7401361556, 68.6543233726, 449.999085316, 78.536518994, 239.498012493, 494.578995677, 273.863236885, 70.3322045912
0.886597627207, 0.820469917449, 0.992191697111, 0.599054592327, 0.00771027515358, 0.987865114173, 0.598471589292, 0.33030059669, 0.0938342853606, 0.487275415137, 0.399852740675, 0.802509716392, 0.00692777034682, 0.211115892175, 0.126577367671, 0.591416551372, 0.0318589843769, 0.00228261248845, 0.00312593688849, 0.203036370047, 0.0024595957398, 0.278655702055, 28.1113236546, 97.0343773183, 561.123778002
0.0244103988729, 0.459736450276, 0.0525337575001, 0.0462084807973, 0.226207122566, 0.51551815299, 0.488099734509, 0.407505198905, 0.4779976473, 0.424159531455, 0.0132793171979, 0.976581097646, 0.11904475505, 0.991681776302, 0.779496098296, 0.28072368863, 0.269241939729, 265.323588162, 255.585162155, 386.815197685, 198.220292339, 41.4290185267, 47.2487342294, 504.943888884, 29.3054563506
0.308314917358, 0.00492030045794, 0.207496307506, 0.012862608662, 0.404808096985, 0.760559827431, 0.740335679809, 0.467559372284, 0.645892185143, 0.300717744522, 0.783514309189, 0.96988105253, 0.530601101562, 0.900834280364, 0.457762234652, 0.376142680764, 0.780911581988, 104.648110665, 242.17778423, 668.050529735, 530.178142333, 18.0398202015, 301.796978432, 7.28486687467, 495.876200746
0.168241722209, 0.0699179385169, 0.588980594884, 0.00790480998871, 0.471554662083, 0.476905012009, 0.496437361813, 0.555611702947, 0.588115060742, 0.921630214578, 0.794327389069, 0.508747477334, 0.763311880451, 0.0152208739531, 0.408306140756, 0.127986669059, 0.248497002745, 208.805837331, 206.481789185, 273.088150374, 366.688235654, 6.74752916638, 721.373823544, 99.5919403429, 245.878875807
0.0581034802813, 0.382068698966, 0.483741904713, 0.304389759008, 0.108716440085, 0.0345370001537, 0.559526311513, 0.00199696931204, 0.836230806264, 0.882471577662, 0.880563940082, 0.57093089671, 0.769252365815, 0.3673770283, 0.497592747017, 0.701980250314, 0.400865985922, 257.590227052, 310.901798735, 21.9250959236, 69.7293933301, 212.640582099, 439.116652535, 436.273548734, 70.6999418145
0.312792515689, 0.0235609880322, 0.6709832476, 0.261878599801, 0.689772617297, 0.82917151072, 0.853853895679, 0.890322808758, 0.492159383484, 0.213845646586, 0.075709220881, 0.769108697202, 0.224630303031, 0.461232130247, 0.114551875314, 0.0879856264373, 0.351607513995, 10.4602742913, 44.7622135934, 167.176254793, 327.177103288, 161.532546392, 710.798244405, 30.271962743, 437.787096893
0.980725870528, 0.921701055728, 0.0052782916824, 0.786636363459, 0.717657338074, 0.923717470831, 0.160454796475, 0.291673359534, 0.425194482751, 0.519190718397, 0.861353026465, 0.819003525647, 0.891419949682, 0.0567018788231, 0.894427418458, 0.858042739987, 0.00618107157722, 0.0570997704789, 0.0147042180278, 0.489718781259, 1.03828687457, 3.30039661016, 0.0289768674869, 28.272860504, 940.666051393
0.0373735711631, 0.265410857061, 0.191426283481, 0.885072722103, 0.180229156787, 0.03094377853, 0.981591625328, 0.344600600949, 0.0221622865763, 0.75538134371, 0.682141734766, 0.0128913367748, 0.539330323051, 0.991681776302, 0.0423537755777, 0.376142680764, 0.0706390203901, 5.57260471185, 192.664566995, 9.3760273664, 56.1391877503, 1101.13592786, 347.096594519, 518.999168236, 75.3297383236
0.0581034802813, 0.120422739123, 0.483741904713, 0.304389759008, 0.178558297051, 0.178295335706, 0.874251419562, 0.362951289122, 0.812329433563, 0.882471577662, 0.880563940082, 0.57093089671, 0.180972212014, 0.658105731419, 0.497592747017, 0.701980250314, 0.400865985922, 86.2177883996, 430.798054561, 126.36562307, 131.693259166, 246.550151565, 509.142122207, 141.509386351, 68.8779427772
0.236530975191, 0.816128285274, 0.813390758363, 0.265723968365, 0.0832743367925, 0.401321257198, 0.146251870738, 0.678257281486, 0.659814912728, 0.101139710252, 0.692003939036, 0.802509716392, 0.656469994961, 0.217857226388, 0.894076912399, 0.110436979517, 0.52935881282, 41.2680193428, 9.65096308072, 30.9265468087, 6.9022842867, 23.4666483038, 191.795295786, 674.244532048, 274.063337254
0.000976074458729, 0.217942007468, 0.377722242084, 0.708447265988, 0.904822720198, 0.793242735609, 0.876941612587, 0.328493623703, 0.253457215388, 0.379359079686, 0.588203521882, 0.962689966631, 0.47587677122, 0.870508375498, 0.657689200434, 0.634956252717, 0.225866866935, 4.16967982316, 21.3017286536, 64.4676851444, 451.600896588, 926.504433133, 696.600960787, 444.002529484, 2.02788945872
0.0373735711631, 0.15225151409, 0.466609800958, 0.221847478823, 0.603101412224, 0.743774036687, 0.197652619761, 0.85985713117, 0.097537352719, 0.575754606814, 0.209833187484, 0.556121848352, 0.539330323051, 0.212088170465, 0.685958270938, 0.810731862085, 0.726803890102, 137.304196834, 44.0537804657, 338.717964587, 511.919775639, 229.078757897, 603.942485386, 220.090602897, 54.6074229431
0.00356623462329, 0.217942007468, 0.310626208866, 0.38961045398, 0.513459559296, 0.401321257198, 0.261699187072, 0.536814775181, 0.904989940853, 0.984934404239, 0.075709220881, 0.616086007685, 0.387197860766, 0.410900576546, 0.411012159009, 0.859601070148, 0.862551728804, 305.285567863, 133.07740115, 243.017963494, 430.081911059, 418.166934569, 386.306638616, 293.665169763, 4.9005230851
0.168241722209, 0.446757966253, 0.775655507036, 0.00790480998871, 0.471554662083, 0.476905012009, 0.496437361813, 0.365828244694, 0.00326847725976, 0.921630214578, 0.794327389069, 0.508747477334, 0.763311880451, 0.0152208739531, 0.408306140756, 0.520472954191, 0.248497002745, 82.3500719194, 81.4335001682, 107.702107906, 144.616659018, 2.66113016395, 582.791421061, 524.896570948, 220.021114199
0.0222386494173, 0.739966747101, 0.710298503292, 0.955704707001, 0.00879108116236, 0.804630069811, 0.73195042479, 0.123748546777, 0.998149615962, 0.593812611931, 0.700783028187, 0.332214138238, 0.387197860766, 0.720994946247, 0.260584600663, 0.506453456202, 0.0476682147638, 1.22153663331, 2.7276544623, 9.43107574673, 0.136625283002, 141.972301728, 290.849546848, 748.154177052, 28.4891392749
0.236530975191, 0.816128285274, 0.855452595772, 0.265723968365, 0.0832743367925, 0.560255291341, 0.0559766053196, 0.678257281486, 0.921381928959, 0.101139710252, 0.692003939036, 0.332214138238, 0.656469994961, 0.217857226388, 0.726955151384, 0.110436979517, 0.52935881282, 30.8320935427, 2.7180077699, 37.4446985757, 6.39122647868, 21.7291345554, 232.002140127, 801.3689146, 325.736181263
0.00356623462329, 0.298821830737, 0.0459722867105, 0.527515377823, 0.513459559296, 0.215267161819, 0.0321824274477, 0.446868257467, 0.988201493468, 0.984934404239, 0.075709220881, 0.616086007685, 0.387197860766, 0.561288541434, 0.657689200434, 0.950762534536, 0.926004696325, 478.271613524, 24.1982216085, 168.397656563, 529.560624148, 799.886467993, 78.5115181807, 551.913699974, 6.83501975186
0.00356623462329, 0.217942007468, 0.0459722867105, 0.14821143951, 0.513459559296, 0.51551815299, 0.0752593280435, 0.884515916468, 0.988201493468, 0.984934404239, 0.075709220881, 0.967263459175, 0.387197860766, 0.561288541434, 0.293172437433, 0.859601070148, 0.862551728804, 457.996390158, 54.3966331644, 484.266955687, 697.648827577, 229.144826921, 71.8473149762, 354.877882195, 5.92200721486
0.000227846501758, 0.275421483416, 0.307201483733, 0.69504153558, 0.404808096985, 0.264370719698, 0.416337523448, 0.663555405125, 0.366408427597, 0.936233939714, 0.880563940082, 0.916353163336, 0.624746691382, 0.018346072037, 0.497592747017, 0.65469995519, 0.0622610096398, 265.343955496, 203.387702619, 147.409153761, 269.704561782, 874.397954775, 516.156734884, 513.675137435, 0.438496820935
0.00356623462329, 0.217942007468, 0.767720592826, 0.42232552692, 0.513459559296, 0.797047288292, 0.0752593280435, 0.555611702947, 0.904989940853, 0.973579400535, 0.075709220881, 0.662453768483, 0.387197860766, 0.410900576546, 0.612445468173, 0.561953348808, 0.809309362789, 52.4812219678, 6.23324078694, 160.12498248, 175.906466951, 190.441410334, 809.663851204, 308.876280545, 5.15435774857
