0.998009426003, 0.162877207829, 0.0052782916824, 0.885072722103, 0.2165072521, 0.103580435115, 0.740335679809, 0.530162889875, 0.645892185143, 0.536734567296, 0.861353026465, 0.229506841555, 0.0119317425744, 0.900834280364, 0.457762234652, 0.376142680764, 0.839744199628, 0.273420011482, 0.632751533916, 0.113151768747, 0.247163628335, 4.05975121712, 0.0342167114398, 1.07952719373, 1364.2756846
0.000227846501758, 0.275421483416, 0.551953323437, 0.69504153558, 0.404808096985, 0.264370719698, 0.416337523448, 0.407505198905, 0.890360208673, 0.51362182823, 0.880563940082, 0.910864593033, 0.768065514113, 0.211115892175, 0.497592747017, 0.65469995519, 0.0622610096398, 121.992508395, 93.5079752344, 67.7717055738, 123.997307404, 402.006518818, 533.694945373, 323.277676011, 0.275964754529
0.886597627207, 0.981436535155, 0.992191697111, 0.599054592327, 0.00771027515358, 0.987865114173, 0.00346991034038, 0.33030059669, 0.0938342853606, 0.730009731718, 0.399852740675, 0.332214138238, 0.0107531715073, 0.211115892175, 0.126577367671, 0.851681821132, 0.0318589843769, 0.000726434005325, 3.95948404027e-06, 0.0381060946904, 0.00046161969966, 0.0522984161216, 5.27596489637, 180.897487169, 1005.18806547
0.0373735711631, 0.158314636262, 0.191426283481, 0.222057674575, 0.180229156787, 0.043172935192, 0.972591871157, 0.344600600949, 0.0221622865763, 0.75538134371, 0.682141734766, 0.0425282156262, 0.285367743984, 0.720623676293, 0.0421096998261, 0.376142680764, 0.782548886011, 45.1557427489, 1048.20272547, 71.2600032705, 305.926275375, 398.295307693, 361.373105862, 309.830125852, 73.9864205864
0.174403650293, 0.932538315308, 0.0660692458775, 0.304389759008, 0.95292799497, 0.906643397287, 0.382879075307, 0.00896912917684, 0.644642748442, 0.861352310927, 0.075709220881, 0.967263459175, 0.875914522648, 0.0479755640339, 0.21954199267, 0.453507263745, 0.76259340543, 1.18852068671, 0.815599595611, 9.75902613514, 133.173531901, 69.2051828556, 15.665582315, 1421.67475059, 401.770150076
0.886597627207, 0.893100139451, 0.710773944278, 0.999857959964, 0.643050556456, 0.856283645326, 0.989788043797, 0.291673359534, 0.98941006711, 0.991826415186, 0.133340109067, 0.875847672253, 0.651791823203, 0.915691824211, 0.563156715258, 0.587742886412, 0.870068603768, 5.4167284158e-06, 0.000337653292665, 0.00147039557809, 0.00240266363886, 12.7156178781, 26.0358744701, 170.93000499, 962.942160089
0.0728393956661, 0.070634198474, 0.0525337575001, 0.0462084807973, 0.226207122566, 0.89129402515, 0.933638425532, 0.065768908945, 0.550242772866, 0.449217450981, 0.135145150597, 0.66769760907, 0.11904475505, 0.991681776302, 0.294273957145, 0.28072368863, 0.269241939729, 20.0332213725, 191.486078073, 1116.54913532, 420.438226128, 87.8736624491, 100.217660724, 135.456877167, 140.586854449
0.997537937087, 0.996744048901, 0.0052782916824, 0.885072722103, 0.180229156787, 0.0345370001537, 0.991093345797, 0.530162889875, 0.645892185143, 0.139650778455, 0.920932829947, 0.89375822186, 0.0119317425744, 0.982151495431, 0.0897846445468, 0.376142680764, 0.782548886011, 4.59069521292e-05, 0.00328107119904, 0.000178192328535, 0.000956020097043, 0.018751751117, 0.00015804496942, 3.72709834362, 963.729923257
0.980725870528, 0.844405414245, 0.992191697111, 0.885072722103, 0.959158818672, 0.00377400122019, 0.740335679809, 0.509743524292, 0.308376389187, 0.136545489098, 0.00503517570974, 0.977250975653, 0.752081430376, 0.206438203928, 0.996619970049, 0.780175716158, 0.321466640168, 0.00031184902379, 0.000721684367884, 4.66067364086e-06, 0.0122381220359, 0.0671911356339, 5.56838565558, 22.329422908, 759.893357728
0.174403650293, 0.159778286053, 0.207496307506, 0.0382393756309, 0.95292799497, 0.89129402515, 0.382879075307, 0.00896912917684, 0.0742123763893, 0.758002273396, 0.0312172240254, 0.746209428509, 0.875914522648, 0.995911841513, 0.21954199267, 0.453507263745, 0.76259340543, 11.9270446531, 8.18470633677, 83.8886336767, 1149.1864657, 69.2998331164, 390.179790278, 312.423900985, 353.516797347
0.0728393956661, 0.0742810078859, 0.931227001778, 0.0462084807973, 0.636389708405, 0.94521073879, 0.231574037278, 0.407505198905, 0.65889381766, 0.424159531455, 0.157475501516, 0.98540323459, 0.656469994961, 0.991681776302, 0.726955151384, 0.28072368863, 0.269241939729, 5.15443060414, 1.96227464725, 63.9264717804, 99.850045697, 8.6300861315, 1097.29423646, 129.37101945, 127.706309506
0.921198148221, 0.83132905108, 0.999061091274, 0.0043080197356, 0.843607874741, 0.353913605986, 0.0752593280435, 0.530035252848, 0.780263990765, 0.3342937428, 0.68054018692, 0.230468629623, 0.151025268232, 0.936764845684, 0.690941395574, 0.541881915041, 0.00130519923341, 0.0117962420216, 0.00140105001646, 0.00738038542199, 0.055779003273, 0.000389146842331, 38.9920166204, 143.709043634, 1196.81399537
0.00317528294991, 0.316446762891, 0.0459722867105, 0.304389759008, 0.161582986005, 0.264370719698, 0.197358867769, 0.931732392685, 0.988201493468, 0.936233939714, 0.075709220881, 0.992714743183, 0.47587677122, 0.3673770283, 0.311430248961, 0.634956252717, 0.862551728804, 759.890535979, 243.422707954, 351.817570249, 226.216114562, 466.888851236, 73.402505333, 551.923631871, 5.77295811509
0.997537937087, 0.00492030045794, 0.207496307506, 0.0462084807973, 0.2165072521, 0.0345370001537, 0.740335679809, 0.467559372284, 0.308376389187, 0.139650778455, 0.914798411095, 0.229506841555, 0.0119317425744, 0.900834280364, 0.856231799976, 0.376142680764, 0.839744199628, 1.50959984849, 3.49353222011, 0.206666455217, 1.34859497498, 0.293967080013, 1.3700632249, 0.033071001092, 1106.41734652
0.0373735711631, 0.158314636262, 0.191426283481, 0.869519841248, 0.180229156787, 0.043172935192, 0.972591871157, 0.344600600949, 0.0221622865763, 0.75538134371, 0.682141734766, 0.0425282156262, 0.285367743984, 0.720623676293, 0.0421096998261, 0.376142680764, 0.0867060503886, 9.6836626589, 224.787390788, 15.2817292051, 65.6059820719, 1129.82049972, 357.840654506, 306.801511296, 73.2631973374
0.0728393956661, 0.070634198474, 0.0525337575001, 0.0462084807973, 0.226207122566, 0.0689704674692, 0.853416379406, 0.687903400971, 0.550242772866, 0.424159531455, 0.205786728915, 0.66769760907, 0.11904475505, 0.991681776302, 0.294273957145, 0.28072368863, 0.269241939729, 172.504385928, 735.907995319, 82.210244244, 282.133543915, 58.9673018838, 67.2506970721, 90.8978452191, 94.3402978335
0.0728393956661, 0.070634198474, 0.0525337575001, 0.0462084807973, 0.310860194735, 0.89129402515, 0.933638425532, 0.065768908945, 0.550242772866, 0.449217450981, 0.135145150597, 0.66769760907, 0.11904475505, 0.915691824211, 0.294273957145, 0.28072368863, 0.113874476564, 17.8653326023, 170.764472168, 995.722120689, 536.737443837, 83.1916765975, 94.8779758112, 128.239615877, 133.096263467
0.0341930667806, 0.159778286053, 0.23824620556, 0.335817913844, 0.98249812857, 0.836061721743, 0.470672846498, 0.00896912917684, 0.151709972451, 0.883174107477, 0.133376065191, 0.967263459175, 0.642048911703, 0.995911841513, 0.21954199267, 0.314546147192, 0.880534039983, 4.28419615303, 3.90660356276, 22.0151095673, 827.882721316, 482.478428699, 376.439975772, 264.01455628, 57.1524807342
0.0373735711631, 0.158314636262, 0.191426283481, 0.222057674575, 0.2165072521, 0.043172935192, 0.972591871157, 0.344600600949, 0.0221622865763, 0.75538134371, 0.682141734766, 0.0425282156262, 0.285367743984, 0.720623676293, 0.0421096998261, 0.376142680764, 0.782548886011, 44.3342547025, 1029.13347854, 69.9636179757, 365.322758945, 398.295307693, 361.373105862, 309.830125852, 73.9864205864
0.168241722209, 0.029789168548, 0.0709858079518, 0.401737942023, 0.0755147820259, 0.0152404333326, 0.488099734509, 0.391871977132, 0.645892185143, 0.112309048822, 0.116056877123, 0.647014022144, 0.4330387255, 0.936764845684, 0.183032231748, 0.376142680764, 0.489934669696, 569.608789925, 548.701892457, 18.9375383632, 94.2851435805, 582.186883242, 110.487487244, 46.4961934813, 268.986034166
0.174403650293, 0.159778286053, 0.23824620556, 0.0382393756309, 0.95292799497, 0.89129402515, 0.382879075307, 0.00896912917684, 0.0742123763893, 0.758002273396, 0.0312172240254, 0.967263459175, 0.875914522648, 0.901398340455, 0.21954199267, 0.453507263745, 0.76259340543, 11.3054034004, 7.75811691344, 79.516332168, 1089.29051201, 65.6879044009, 429.760338331, 301.410562994, 341.054882742
0.00822428681387, 0.00492030045794, 0.207496307506, 0.012862608662, 0.404808096985, 0.760559827431, 0.740335679809, 0.467559372284, 0.645892185143, 0.300717744522, 0.783514309189, 0.96988105253, 0.530601101562, 0.900834280364, 0.457762234652, 0.376142680764, 0.780911581988, 118.236437858, 273.624037296, 754.795422896, 599.020608982, 20.38225121, 340.984652845, 8.23079082894, 13.7586769463
0.168241722209, 0.029789168548, 0.0709858079518, 0.401737942023, 0.114031793436, 0.0152404333326, 0.488099734509, 0.391871977132, 0.913762749939, 0.112309048822, 0.116056877123, 0.647014022144, 0.351448727394, 0.936764845684, 0.183032231748, 0.428084777907, 0.489934669696, 527.0752692, 507.729520317, 17.5234446998, 132.546834984, 543.626265722, 103.169449241, 43.4165604896, 251.169989387
0.308314917358, 0.00492030045794, 0.207496307506, 0.012862608662, 0.161582986005, 0.760559827431, 0.740335679809, 0.467559372284, 0.645892185143, 0.300717744522, 0.783514309189, 0.96988105253, 0.425568580755, 0.900834280364, 0.457762234652, 0.0912038208703, 0.780911581988, 114.88501778, 265.868144875, 733.400693992, 204.548358046, 16.4612028539, 275.387516458, 6.64738728256, 452.483375095
0.0728393956661, 0.070634198474, 0.0525337575001, 0.0462084807973, 0.226207122566, 0.345822842472, 0.948247081025, 0.687903400971, 0.0221622865763, 0.424159531455, 0.205786728915, 0.66769760907, 0.393286471293, 0.991681776302, 0.294273957145, 0.0328667798906, 0.269241939729, 48.787859468, 598.823542898, 362.774506663, 260.434320369, 54.4320571634, 62.0783666603, 83.9067847593, 87.0844742839
0.0728393956661, 0.0742810078859, 0.931227001778, 0.885072722103, 0.636389708405, 0.94521073879, 0.231574037278, 0.407505198905, 0.65889381766, 0.424159531455, 0.157475501516, 0.98540323459, 0.384340446457, 0.991681776302, 0.726955151384, 0.28072368863, 0.269241939729, 0.804862521833, 0.306408494441, 9.98209603359, 15.5915494371, 101.543899113, 951.782230579, 112.215150115, 110.771197079
0.174403650293, 0.932538315308, 0.23824620556, 0.0382393756309, 0.95292799497, 0.89129402515, 0.382879075307, 0.00896912917684, 0.644642748442, 0.565077096525, 0.338025914978, 0.967263459175, 0.875914522648, 0.995911841513, 0.21954199267, 0.453507263745, 0.225866866935, 1.23509466621, 0.847560098502, 8.68701401085, 119.002998274, 7.1762835422, 46.9505317788, 1207.46015899, 341.232373359
0.00822428681387, 0.188134305013, 0.269988604337, 0.37582394131, 0.238013945863, 0.443039801632, 0.197652619761, 0.510284890624, 0.311003751112, 0.35754002166, 0.929722658952, 0.703816215031, 0.230826129641, 0.217857226388, 0.17379160153, 0.110436979517, 0.94139383854, 473.210660441, 151.828706113, 415.143157628, 254.050173539, 466.091417853, 378.046984093, 279.687251236, 12.4070040915
0.0373735711631, 0.936829482849, 0.04213327779, 0.836163210892, 0.66959878691, 0.679953648926, 0.972591871157, 0.344600600949, 0.736831032509, 0.75538134371, 0.682141734766, 0.0425282156262, 0.583215176817, 0.720623676293, 0.0423537755777, 0.376142680764, 0.0867060503886, 0.342273940396, 7.9452236934, 14.4632179735, 28.8947280847, 126.435497104, 8.66547602878, 1316.13796858, 77.7368268016
0.0244103988729, 0.839598604651, 0.0410848009023, 0.0462084807973, 0.021647687084, 0.51551815299, 0.488099734509, 0.0290115944636, 0.254918168105, 0.424159531455, 0.0132793171979, 0.976581097646, 0.11904475505, 0.688436636234, 0.38202501323, 0.28072368863, 0.782548886011, 112.172974846, 108.055782616, 163.536954028, 7.6824080459, 16.4306552266, 14.6419629516, 881.948128644, 34.9368860284
0.174403650293, 0.106223623407, 0.23824620556, 0.0382393756309, 0.501595335257, 0.836061721743, 0.559526311513, 0.00896912917684, 0.902887829567, 0.883174107477, 0.133376065191, 0.73140016075, 0.875914522648, 0.995911841513, 0.234846167423, 0.376142680764, 0.76259340543, 101.591482317, 122.617130898, 604.626434007, 628.384615393, 53.3099604643, 348.778163263, 160.689046737, 271.89221002
0.0728393956661, 0.0742810078859, 0.0437879456552, 0.0246740412743, 0.226207122566, 0.0345370001537, 0.231574037278, 0.407505198905, 0.4779976473, 0.424159531455, 0.157475501516, 0.991318078812, 0.114357573488, 0.992076438922, 0.294273957145, 0.28072368863, 0.269241939729, 636.094877676, 242.159211671, 36.9608715211, 252.937193078, 28.1930288827, 50.1245387558, 85.4856573271, 84.3856518977
0.000976074458729, 0.217942007468, 0.377722242084, 0.708447265988, 0.904822720198, 0.793242735609, 0.876941612587, 0.328493623703, 0.253457215388, 0.379359079686, 0.588203521882, 0.962689966631, 0.47587677122, 0.870508375498, 0.657689200434, 0.634956252717, 0.225866866935, 4.16967982316, 21.3017286536, 64.4676851444, 451.600896588, 926.504433133, 696.600960787, 444.002529484, 2.02788945872
0.00356623462329, 0.217942007468, 0.265138386991, 0.913265498492, 0.513459559296, 0.401321257198, 0.00449927332369, 0.536814775181, 0.904989940853, 0.984934404239, 0.749091621423, 0.95852612857, 0.387197860766, 0.561288541434, 0.883968271159, 0.110436979517, 0.258590922096, 76.2041526489, 0.538577396891, 55.60895275, 98.4141432461, 994.42361433, 444.002929806, 391.136766419, 6.52707556302
0.174403650293, 0.880621520094, 0.23824620556, 0.705786175404, 0.98249812857, 0.836061721743, 0.559526311513, 0.00896912917684, 0.413015228707, 0.165519806611, 0.125007541586, 0.967263459175, 0.912280619203, 0.995911841513, 0.668032277717, 0.453507263745, 0.4594720689, 0.373281621434, 0.450536997722, 2.22160293855, 83.5438352389, 167.778532222, 73.6168472679, 1061.29938796, 303.566022228
0.00356623462329, 0.936829482849, 0.634600513838, 0.527515377823, 0.665610348578, 0.401321257198, 0.0270578063458, 0.328493623703, 0.199268883266, 0.996358380492, 0.075709220881, 0.616086007685, 0.387197860766, 0.561288541434, 0.657689200434, 0.859601070148, 0.225866866935, 15.1737377809, 0.645307415811, 11.0825625026, 32.4400603895, 40.8842499149, 85.7958137083, 1026.24618788, 5.77733407944
0.0373735711631, 0.149828418288, 0.496090878935, 0.836163210892, 0.66959878691, 0.679953648926, 0.972591871157, 0.344600600949, 0.0221622865763, 0.75538134371, 0.888332729306, 0.0425282156262, 0.583215176817, 0.720623676293, 0.0423537755777, 0.376142680764, 0.0867060503886, 2.23757489699, 51.940948431, 94.5515554873, 188.895824622, 826.556921283, 844.272530454, 288.08368674, 72.6114405727
0.886597627207, 0.820469917449, 0.992191697111, 0.599054592327, 0.00771027515358, 0.987865114173, 0.598471589292, 0.33030059669, 0.0938342853606, 0.487275415137, 0.399852740675, 0.802509716392, 0.00692777034682, 0.211115892175, 0.126577367671, 0.591416551372, 0.0318589843769, 0.00228261248845, 0.00312593688849, 0.203036370047, 0.0024595957398, 0.278655702055, 28.1113236546, 97.0343773183, 561.123778002
0.00356623462329, 0.217942007468, 0.310626208866, 0.38961045398, 0.513459559296, 0.401321257198, 0.261699187072, 0.536814775181, 0.904989940853, 0.984934404239, 0.075709220881, 0.616086007685, 0.387197860766, 0.410900576546, 0.411012159009, 0.859601070148, 0.862551728804, 305.285567863, 133.07740115, 243.017963494, 430.081911059, 418.166934569, 386.306638616, 293.665169763, 4.9005230851
0.0341930667806, 0.159778286053, 0.23824620556, 0.316222981953, 0.576888204657, 0.82917151072, 0.559526311513, 0.000158410109403, 0.968371526133, 0.883174107477, 0.133376065191, 0.967263459175, 0.912280619203, 0.995911841513, 0.21954199267, 0.453507263745, 0.52935881282, 87.4084280674, 105.498713293, 498.255288641, 659.505732694, 454.154384101, 374.290621361, 262.507115817, 56.8261579616
0.126743745767, 0.130928630201, 0.52910536903, 0.00790480998871, 0.471554662083, 0.481847639136, 0.496437361813, 0.555611702947, 0.922604419819, 0.921630214578, 0.794327389069, 0.508747477334, 0.459584827757, 0.0113474869607, 0.408306140756, 0.520472954191, 0.248497002745, 233.720932143, 231.119574317, 310.467168946, 413.439629736, 7.60781418363, 671.468854182, 189.629370256, 187.35056365
0.00356623462329, 0.150449669154, 0.310626208866, 0.38961045398, 0.471554662083, 0.401321257198, 0.261699187072, 0.536814775181, 0.00326847725976, 0.417623966818, 0.075709220881, 0.616086007685, 0.763311880451, 0.410900576546, 0.411012159009, 0.859601070148, 0.862551728804, 389.195211409, 169.654555362, 309.812967382, 480.597056578, 499.884058502, 461.797704155, 237.229362808, 5.67599183255
0.168241722209, 0.0699179385169, 0.588980594884, 0.00790480998871, 0.471554662083, 0.476905012009, 0.496437361813, 0.555611702947, 0.588115060742, 0.921630214578, 0.794327389069, 0.508747477334, 0.763311880451, 0.0152208739531, 0.408306140756, 0.127986669059, 0.248497002745, 208.805837331, 206.481789185, 273.088150374, 366.688235654, 6.74752916638, 721.373823544, 99.5919403429, 245.878875807
0.168241722209, 0.0699179385169, 0.442542237895, 0.696247808754, 0.471554662083, 0.476905012009, 0.496437361813, 0.555611702947, 0.588115060742, 0.921630214578, 0.794327389069, 0.736016569907, 0.763311880451, 0.0152208739531, 0.230610759081, 0.127986669059, 0.221649251257, 143.624933776, 142.026361316, 187.840857391, 252.22270716, 722.98840805, 678.798643551, 116.864938212, 288.523544475
0.000565762604546, 0.217942007468, 0.0459722867105, 0.643252466201, 0.397004243721, 0.401321257198, 0.0752593280435, 0.536814775181, 0.904989940853, 0.557306502641, 0.075709220881, 0.882981953222, 0.387197860766, 0.410900576546, 0.370616788813, 0.507871975058, 0.259836608204, 306.80100807, 36.4390249555, 225.451849151, 275.140126171, 750.870572996, 64.1247357056, 316.733484209, 0.838501560892
0.0373735711631, 0.265410857061, 0.191426283481, 0.836163210892, 0.66959878691, 0.679953648926, 0.972591871157, 0.344600600949, 0.0221622865763, 0.75538134371, 0.682141734766, 0.0425282156262, 0.583215176817, 0.720623676293, 0.0423537755777, 0.376142680764, 0.0867060503886, 2.8683434129, 66.5830124801, 121.205476396, 242.145232773, 1059.56189611, 339.753280146, 508.019014262, 73.736032252
0.0244103988729, 0.459736450276, 0.0525337575001, 0.0462084807973, 0.021647687084, 0.51551815299, 0.488099734509, 0.407505198905, 0.254918168105, 0.424159531455, 0.0132793171979, 0.976581097646, 0.11904475505, 0.688436636234, 0.779496098296, 0.28072368863, 0.269241939729, 323.988579051, 312.096915644, 472.342874304, 22.1890564095, 47.4565700612, 54.1230023303, 578.408707036, 33.5691380567
0.00356623462329, 0.217942007468, 0.348626651413, 0.527515377823, 0.513459559296, 0.401321257198, 0.0752593280435, 0.536814775181, 0.904989940853, 0.984934404239, 0.075709220881, 0.616086007685, 0.387197860766, 0.535803213803, 0.370616788813, 0.453507263745, 0.259836608204, 339.629096963, 40.3380458809, 249.575477009, 441.687094082, 667.155965782, 552.045158219, 377.858259351, 6.30549112904
0.00356623462329, 0.217942007468, 0.0459722867105, 0.527515377823, 0.513459559296, 0.286695191564, 0.0752593280435, 0.536814775181, 0.904989940853, 0.984934404239, 0.075709220881, 0.616086007685, 0.387197860766, 0.410900576546, 0.657689200434, 0.859601070148, 0.862551728804, 409.375373711, 48.6218723747, 199.313527509, 477.689816723, 721.537068413, 70.8212639313, 349.809873432, 5.83743506776
0.980725870528, 0.844405414245, 0.992191697111, 0.114543563768, 0.959158818672, 0.00377400122019, 0.00804121741766, 0.509743524292, 0.4779976473, 0.136545489098, 0.00503517570974, 0.977250975653, 0.752081430376, 0.211115892175, 0.996619970049, 0.780175716158, 0.321466640168, 0.00475632938221, 6.00809376103e-05, 2.8198991005e-05, 0.07404566803, 0.0134960510634, 6.14842100073, 24.6553851032, 839.048257063
0.0581034802813, 0.17635777501, 0.632611198175, 0.304389759008, 0.108716440085, 0.351926886223, 0.874251419562, 0.0544497948602, 0.869475861133, 0.882471577662, 0.880563940082, 0.57093089671, 0.180972212014, 0.652270036039, 0.497592747017, 0.701980250314, 0.400865985922, 70.4105434068, 351.815161155, 221.364456023, 72.7027443634, 221.707850066, 740.135631101, 251.112005236, 84.0334601685
0.149040749934, 0.0526944852542, 0.0383445403824, 0.012862608662, 0.689772617297, 0.828386468054, 0.697873706719, 0.467559372284, 0.492159383484, 0.213845646586, 0.963013119899, 0.769108697202, 0.47587677122, 0.821816031958, 0.114551875314, 0.0879856264373, 0.317844375524, 48.3962136795, 94.2037604159, 383.315363179, 750.433392816, 17.1618951828, 51.2265255353, 70.6012780193, 203.650689869
0.0581034802813, 0.382068698966, 0.483741904713, 0.304389759008, 0.108716440085, 0.0345370001537, 0.559526311513, 0.00199696931204, 0.836230806264, 0.882471577662, 0.880563940082, 0.57093089671, 0.769252365815, 0.3673770283, 0.497592747017, 0.701980250314, 0.400865985922, 257.590227052, 310.901798735, 21.9250959236, 69.7293933301, 212.640582099, 439.116652535, 436.273548734, 70.6999418145
0.168241722209, 0.446757966253, 0.775655507036, 0.00790480998871, 0.471554662083, 0.476905012009, 0.496437361813, 0.365828244694, 0.00326847725976, 0.921630214578, 0.794327389069, 0.508747477334, 0.763311880451, 0.0152208739531, 0.408306140756, 0.520472954191, 0.248497002745, 82.3500719194, 81.4335001682, 107.702107906, 144.616659018, 2.66113016395, 582.791421061, 524.896570948, 220.021114199
0.0581034802813, 0.17635777501, 0.483741904713, 0.304389759008, 0.108716440085, 0.0345370001537, 0.874251419562, 0.0544497948602, 0.836230806264, 0.882471577662, 0.880563940082, 0.588466718699, 0.20980965519, 0.3673770283, 0.497592747017, 0.701980250314, 0.400865985922, 89.3428824363, 446.412981089, 24.7226835762, 78.6266903125, 239.772990959, 495.146844121, 204.388067694, 68.3975126133
0.997537937087, 0.00492030045794, 0.0052782916824, 0.885072722103, 0.2165072521, 0.0345370001537, 0.740335679809, 0.530162889875, 0.645892185143, 0.139650778455, 0.926376549903, 0.109612944342, 0.0119317425744, 0.900834280364, 0.457762234652, 0.376142680764, 0.839744199628, 0.317677970868, 0.735173779961, 0.0434905847435, 0.283796342192, 4.66145667705, 0.0392880522667, 0.0366245552845, 1225.30440377
0.0581034802813, 0.120422739123, 0.483741904713, 0.669056010339, 0.178558297051, 0.178295335706, 0.874251419562, 0.678257281486, 0.812329433563, 0.882471577662, 0.880563940082, 0.00108760944318, 0.180972212014, 0.658105731419, 0.497592747017, 0.39778378846, 0.400865985922, 36.0330310669, 180.043584644, 52.8120299348, 55.0386107894, 347.384059267, 380.32112072, 105.705275721, 51.4507349664
0.0901605749207, 0.159778286053, 0.23824620556, 0.0382393756309, 0.501595335257, 0.836061721743, 0.729535498327, 0.00896912917684, 0.902887829567, 0.912315905917, 0.133376065191, 0.878289911912, 0.875914522648, 0.995911841513, 0.234846167423, 0.376142680764, 0.76259340543, 61.6299332858, 136.230060969, 567.746070432, 590.055075405, 50.0582158936, 327.50376184, 229.693353329, 131.866239897
0.0581034802813, 0.17635777501, 0.483741904713, 0.304389759008, 0.108716440085, 0.351926886223, 0.874251419562, 0.0544497948602, 0.812329433563, 0.882471577662, 0.880563940082, 0.57093089671, 0.180972212014, 0.658105731419, 0.497592747017, 0.701980250314, 0.400865985922, 81.2905851199, 406.178661896, 255.570334841, 83.9369836273, 255.966791129, 528.588096267, 218.192039159, 73.0169472166
0.00356623462329, 0.217942007468, 0.348626651413, 0.527515377823, 0.513459559296, 0.401321257198, 0.319834683623, 0.536814775181, 0.904989940853, 0.989364195498, 0.075709220881, 0.616086007685, 0.387197860766, 0.535803213803, 0.839667892156, 0.453507263745, 0.00041825423448, 267.914316573, 147.196556684, 223.065830974, 394.77155309, 596.291357148, 493.407499123, 337.722550399, 5.63572845881
0.00356623462329, 0.151241966722, 0.849304708992, 0.489711513424, 0.689772617297, 0.401321257198, 0.0270578063458, 0.328493623703, 0.904989940853, 0.984934404239, 0.075709220881, 0.616086007685, 0.387197860766, 0.561288541434, 0.657689200434, 0.863260244117, 0.590205973365, 60.1881551673, 2.55967668839, 43.9600974521, 140.728951259, 154.201535023, 918.963413951, 228.903725647, 5.44863796494
0.000227846501758, 0.275421483416, 0.551953323437, 0.304389759008, 0.404808096985, 0.264370719698, 0.0559766053196, 0.931732392685, 0.669619396755, 0.936233939714, 0.352784640051, 0.916353163336, 0.901508432147, 0.3673770283, 0.311430248961, 0.309801831204, 0.0622610096398, 440.840908, 38.8623954962, 195.126834013, 357.010374979, 311.541293343, 797.704243041, 483.19733224, 0.412479558831
0.000227846501758, 0.181740175428, 0.380034680044, 0.304389759008, 0.404808096985, 0.264370719698, 0.416337523448, 0.931732392685, 0.996101462797, 0.987604638017, 0.314138148317, 0.916353163336, 0.901508432147, 0.3673770283, 0.173552561462, 0.309801831204, 0.259836608204, 345.936178272, 265.162115413, 192.181348917, 351.621220054, 306.838504816, 453.251484542, 236.647556234, 0.300751999121
0.000227846501758, 0.275421483416, 0.551953323437, 0.304389759008, 0.404808096985, 0.264370719698, 0.0391923762234, 0.931732392685, 0.669619396755, 0.936233939714, 0.352784640051, 0.916353163336, 0.901508432147, 0.239580170819, 0.311430248961, 0.309801831204, 0.0622610096398, 456.375924142, 28.1315296143, 201.604560098, 368.862232414, 321.883690238, 824.186041964, 499.238283136, 0.426172855353
0.0728393956661, 0.0742810078859, 0.0525337575001, 0.0462084807973, 0.226207122566, 0.0345370001537, 0.231574037278, 0.407505198905, 0.4779976473, 0.424159531455, 0.157475501516, 0.991318078812, 0.114357573488, 0.991681776302, 0.294273957145, 0.28072368863, 0.269241939729, 635.241889783, 241.834482007, 36.9113078836, 252.598010401, 52.794229739, 60.2104664435, 85.6212320505, 84.5194820835
0.300779721798, 0.54007946197, 0.433092427747, 0.0382393756309, 0.501595335257, 0.836061721743, 0.459831949818, 0.00896912917684, 0.902887829567, 0.912315905917, 0.133376065191, 0.878289911912, 0.983801858322, 0.995911841513, 0.234846167423, 0.376142680764, 0.76259340543, 55.2165572568, 48.6540449015, 279.441731497, 290.422110407, 24.6383995478, 332.105571511, 599.012550605, 408.077121442
0.011451818512, 0.389719861612, 0.792768723855, 0.48128609857, 0.576888204657, 0.995173371278, 0.0559766053196, 0.678257281486, 0.0107871043632, 0.984934404239, 0.749091621423, 0.709604983696, 0.387139186312, 0.233989423615, 0.550890028666, 0.236050557677, 0.52935881282, 0.987993127088, 0.0870966803571, 130.816592235, 166.961002743, 199.990877309, 863.711575316, 640.0723357, 20.038742833
0.236530975191, 0.419169149044, 0.813390758363, 0.265723968365, 0.0832743367925, 0.401321257198, 0.146251870738, 0.362951289122, 0.659814912728, 0.101139710252, 0.381751322681, 0.802509716392, 0.656469994961, 0.217857226388, 0.914967233397, 0.110436979517, 0.52935881282, 140.07356002, 32.7576844702, 104.972120776, 23.4280090905, 79.6514352277, 650.999255686, 526.045519724, 334.982341347
0.00356623462329, 0.217942007468, 0.0459722867105, 0.42232552692, 0.513459559296, 0.99637756733, 0.0752593280435, 0.536814775181, 0.998442841974, 0.996362736785, 0.075709220881, 0.273101985506, 0.201889036935, 0.410900576546, 0.457762234652, 0.83000836171, 0.862551728804, 2.89095228868, 0.343360940222, 511.632148804, 533.745511433, 577.848271974, 67.8818182862, 335.290969759, 5.59515157639
0.0244103988729, 0.459736450276, 0.0991435719193, 0.0462084807973, 0.226207122566, 0.51551815299, 0.488099734509, 0.407505198905, 0.4779976473, 0.487275415137, 0.399852740675, 0.976581097646, 0.11904475505, 0.991681776302, 0.779496098296, 0.28072368863, 0.269241939729, 221.549443173, 213.417701573, 322.996881851, 165.517117032, 34.5938936276, 74.895330513, 425.349093368, 24.6860088099
0.000976074458729, 0.217942007468, 0.377722242084, 0.706159293974, 0.904822720198, 0.743774036687, 0.969260021211, 0.328493623703, 0.253457215388, 0.379359079686, 0.588203521882, 0.85053964019, 0.47587677122, 0.212088170465, 0.657689200434, 0.634956252717, 0.225866866935, 1.21235322653, 25.088114336, 59.00003973, 425.710910473, 865.530615627, 651.916329968, 415.52124647, 1.89780710612
0.00317528294991, 0.275421483416, 0.551953323437, 0.304389759008, 0.161582986005, 0.264370719698, 0.197358867769, 0.931732392685, 0.669619396755, 0.936233939714, 0.495817238862, 0.992714743183, 0.47587677122, 0.3673770283, 0.311430248961, 0.634956252717, 0.390580351779, 425.8210146, 136.407152833, 197.148546566, 126.765067942, 261.631215189, 669.909045534, 405.787315875, 4.8274748539
0.174403650293, 0.159778286053, 0.23824620556, 0.705786175404, 0.98249812857, 0.941398729658, 0.559526311513, 0.00896912917684, 0.902887829567, 0.165519806611, 0.787236462844, 0.967263459175, 0.912280619203, 0.995911841513, 0.21954199267, 0.453507263745, 0.0975743840203, 0.496373100863, 0.599103823417, 8.4281748541, 307.795524801, 618.136349952, 271.22212039, 190.220466414, 215.240030818
0.0721688186555, 0.803764672631, 0.522946844954, 0.0635481654973, 0.109392882818, 0.0983884095272, 0.730980220135, 0.00656524060323, 0.254918168105, 0.183439304494, 0.385169805266, 0.507316389125, 0.796148531499, 0.688436636234, 0.219806783168, 0.723858730417, 0.63388779745, 58.3583080954, 129.78175234, 22.1688255337, 24.9932197578, 14.6393345005, 157.890210244, 677.332617026, 80.9291610886
0.886597627207, 0.893100139451, 0.710773944278, 0.999857959964, 0.643050556456, 0.937765141673, 0.32571114621, 0.291673359534, 0.98941006711, 0.991826415186, 0.133340109067, 0.875847672253, 0.651791823203, 0.991681776302, 0.563156715258, 0.587742886412, 0.870068603768, 0.000125173964506, 7.028458512e-05, 0.00146380240801, 0.00234238388143, 12.3965992902, 25.3826676823, 166.641589802, 938.783172999
0.174403650293, 0.444016728475, 0.23824620556, 0.841732270261, 0.98249812857, 0.836061721743, 0.559526311513, 0.00896912917684, 0.413015228707, 0.165519806611, 0.133376065191, 0.967263459175, 0.912280619203, 0.995911841513, 0.668032277717, 0.453507263745, 0.52935881282, 0.84220920409, 1.01651510408, 5.01244726567, 188.494109924, 742.798728657, 300.98367716, 689.926895055, 301.868619738
0.0581034802813, 0.17635777501, 0.632611198175, 0.304389759008, 0.108716440085, 0.351926886223, 0.874251419562, 0.0544497948602, 0.869475861133, 0.882471577662, 0.880563940082, 0.57093089671, 0.180972212014, 0.652270036039, 0.497592747017, 0.701980250314, 0.400865985922, 70.4105434068, 351.815161155, 221.364456023, 72.7027443634, 221.707850066, 740.135631101, 251.112005236, 84.0334601685
0.312792515689, 0.0235609880322, 0.0149211513043, 0.261878599801, 0.689772617297, 0.82917151072, 0.853853895679, 0.890322808758, 0.492159383484, 0.213845646586, 0.075709220881, 0.769108697202, 0.224630303031, 0.461232130247, 0.114551875314, 0.0879856264373, 0.317844375524, 17.9288366307, 76.722119554, 286.538925964, 560.779255955, 276.865649423, 16.2318862402, 25.6447380145, 370.869094326
0.312792515689, 0.0235609880322, 0.6709832476, 0.261878599801, 0.689772617297, 0.82917151072, 0.853853895679, 0.890322808758, 0.492159383484, 0.213845646586, 0.075709220881, 0.932115906514, 0.224630303031, 0.189695110769, 0.114551875314, 0.0879856264373, 0.351607513995, 9.01838720051, 38.5920065666, 144.131994484, 282.077670091, 139.266237986, 612.818900441, 26.099151297, 377.440728726
0.168241722209, 0.446757966253, 0.775655507036, 0.389492599407, 0.513459559296, 0.476905012009, 0.496437361813, 0.365828244694, 0.904989940853, 0.921630214578, 0.794327389069, 0.508747477334, 0.387197860766, 0.00987078351139, 0.27522405074, 0.520472954191, 0.248497002745, 57.119466512, 56.4837161328, 74.7040871056, 114.437870662, 111.223688182, 526.581496148, 474.270573767, 198.800193881
0.0373735711631, 0.15225151409, 0.466609800958, 0.221847478823, 0.603101412224, 0.743774036687, 0.197652619761, 0.85985713117, 0.097537352719, 0.575754606814, 0.209833187484, 0.556121848352, 0.539330323051, 0.212088170465, 0.685958270938, 0.810731862085, 0.726803890102, 137.304196834, 44.0537804657, 338.717964587, 511.919775639, 229.078757897, 603.942485386, 220.090602897, 54.6074229431
0.00356623462329, 0.275421483416, 0.348626651413, 0.527515377823, 0.457733101664, 0.00312193694947, 0.0752593280435, 0.536814775181, 0.904989940853, 0.984934404239, 0.075709220881, 0.970114560775, 0.418147197986, 0.290997048706, 0.370616788813, 0.453507263745, 0.0622610096398, 437.405830979, 51.951074382, 2.16009992705, 385.561271763, 638.315922574, 528.181163843, 468.482177781, 6.25954907376
0.236530975191, 0.937619361511, 0.855452595772, 0.265723968365, 0.0832743367925, 0.401321257198, 0.146251870738, 0.678257281486, 0.659814912728, 0.101139710252, 0.692003939036, 0.332214138238, 0.656469994961, 0.217857226388, 0.894076912399, 0.110436979517, 0.52935881282, 13.0355709282, 3.04850622267, 9.76894944096, 2.18026495622, 7.41254761635, 79.1438290561, 826.316778716, 323.516450145
0.000227846501758, 0.275421483416, 0.308038291518, 0.69504153558, 0.404808096985, 0.264370719698, 0.416337523448, 0.663555405125, 0.366408427597, 0.936233939714, 0.075709220881, 0.916353163336, 0.624746691382, 0.00713401688903, 0.497592747017, 0.65469995519, 0.0622610096398, 261.890499314, 200.740608142, 145.490621068, 266.194352233, 863.017650229, 511.069138229, 507.339432104, 0.433088370256
0.174403650293, 0.159778286053, 0.23824620556, 0.0382393756309, 0.501595335257, 0.836061721743, 0.559526311513, 0.00896912917684, 0.902887829567, 0.883174107477, 0.133376065191, 0.73140016075, 0.875914522648, 0.995911841513, 0.234846167423, 0.376142680764, 0.76259340543, 99.7945529612, 120.448304171, 593.931925333, 617.269876868, 52.3670247895, 342.609046462, 240.287379664, 271.89221002
0.00822428681387, 0.00492030045794, 0.207496307506, 0.261878599801, 0.404808096985, 0.760559827431, 0.740335679809, 0.191449520321, 0.645892185143, 0.300717744522, 0.783514309189, 0.425253979956, 0.530601101562, 0.900834280364, 0.457762234652, 0.376142680764, 0.780911581988, 90.7779953163, 210.079413979, 579.50676294, 459.908053912, 337.83562387, 285.565460168, 6.89306557057, 11.5225212651
0.011451818512, 0.389719861612, 0.792768723855, 0.440047478085, 0.576888204657, 0.995173371278, 0.0559766053196, 0.678257281486, 0.0107871043632, 0.984934404239, 0.749091621423, 0.709604983696, 0.387139186312, 0.233989423615, 0.550890028666, 0.236050557677, 0.52935881282, 1.04622227693, 0.0922298796805, 138.526503107, 176.80114938, 185.841196701, 863.711575316, 640.0723357, 20.038742833
0.000565762604546, 0.217942007468, 0.0459722867105, 0.42232552692, 0.397004243721, 0.401321257198, 0.319834683623, 0.536814775181, 0.904989940853, 0.557306502641, 0.075709220881, 0.882981953222, 0.387197860766, 0.410900576546, 0.657689200434, 0.507871975058, 0.0162396267653, 378.434621, 207.918239882, 315.085189483, 384.528133681, 514.625583999, 60.4548323024, 298.606605731, 0.79051353103
0.0222386494173, 0.739966747101, 0.710298503292, 0.265723968365, 0.00879108116236, 0.804630069811, 0.73195042479, 0.123748546777, 0.998149615962, 0.593812611931, 0.700783028187, 0.332214138238, 0.387197860766, 0.217857226388, 0.260584600663, 0.506453456202, 0.00355308700947, 11.972665265, 26.7346004575, 92.4369437033, 1.33910742872, 43.004819769, 216.802256677, 557.681851957, 21.2360987064
0.00356623462329, 0.046724676275, 0.318678224055, 0.489711513424, 0.689772617297, 0.401321257198, 0.0270578063458, 0.328493623703, 0.904989940853, 0.984934404239, 0.0160524382001, 0.616086007685, 0.387197860766, 0.561288541434, 0.657689200434, 0.863260244117, 0.590205973365, 220.733874878, 9.38735125361, 161.219140604, 516.108969157, 565.518285834, 444.759459617, 68.1383118593, 5.20534482535
0.980725870528, 0.159778286053, 0.992191697111, 0.885072722103, 0.959158818672, 0.00377400122019, 0.740335679809, 0.509743524292, 0.308376389187, 0.136545489098, 0.00503517570974, 0.977250975653, 0.875914522648, 0.206438203928, 0.275490005911, 0.780175716158, 0.321466640168, 0.00121213156538, 0.00280512791709, 1.81156559907e-05, 0.0475685761024, 0.261166430555, 21.6438581057, 5.54958159868, 737.84349538
0.23751711319, 0.188134305013, 0.0565789459184, 0.527515377823, 0.513459559296, 0.401321257198, 0.0752593280435, 0.536814775181, 0.904989940853, 0.984934404239, 0.075709220881, 0.616086007685, 0.387197860766, 0.410900576546, 0.029312588928, 0.944042509786, 0.862551728804, 338.720472342, 40.2301277372, 248.907776787, 440.505429224, 665.37109416, 80.4484018919, 275.936549856, 370.858335716
