0.998009426003, 0.162877207829, 0.0052782916824, 0.885072722103, 0.2165072521, 0.103580435115, 0.740335679809, 0.530162889875, 0.645892185143, 0.536734567296, 0.861353026465, 0.229506841555, 0.0119317425744, 0.900834280364, 0.457762234652, 0.376142680764, 0.839744199628, 0.273420011482, 0.632751533916, 0.113151768747, 0.247163628335, 4.05975121712, 0.0342167114398, 1.07952719373, 1364.2756846
0.0728393956661, 0.0742810078859, 0.931227001778, 0.0462084807973, 0.636389708405, 0.94521073879, 0.231574037278, 0.407505198905, 0.65889381766, 0.424159531455, 0.0575015366593, 0.996054345261, 0.656469994961, 0.991681776302, 0.726955151384, 0.28072368863, 0.269241939729, 5.02856885868, 1.91435949791, 62.3655045393, 97.4118906415, 8.41935525016, 1070.50032294, 126.212016338, 124.587955559
0.921198148221, 0.83132905108, 0.999061091274, 0.0043080197356, 0.843607874741, 0.353913605986, 0.0752593280435, 0.530035252848, 0.780263990765, 0.3342937428, 0.68054018692, 0.230468629623, 0.151025268232, 0.936764845684, 0.690941395574, 0.541881915041, 0.00130519923341, 0.0117962420216, 0.00140105001646, 0.00738038542199, 0.055779003273, 0.000389146842331, 38.9920166204, 143.709043634, 1196.81399537
0.000227846501758, 0.275421483416, 0.551953323437, 0.69504153558, 0.404808096985, 0.264370719698, 0.416337523448, 0.407505198905, 0.890360208673, 0.51362182823, 0.880563940082, 0.910864593033, 0.768065514113, 0.211115892175, 0.497592747017, 0.65469995519, 0.0622610096398, 121.992508395, 93.5079752344, 67.7717055738, 123.997307404, 402.006518818, 533.694945373, 323.277676011, 0.275964754529
0.886597627207, 0.981436535155, 0.992191697111, 0.599054592327, 0.00771027515358, 0.987865114173, 0.00346991034038, 0.33030059669, 0.0938342853606, 0.730009731718, 0.399852740675, 0.332214138238, 0.0107531715073, 0.211115892175, 0.126577367671, 0.851681821132, 0.0318589843769, 0.000726434005325, 3.95948404027e-06, 0.0381060946904, 0.00046161969966, 0.0522984161216, 5.27596489637, 180.897487169, 1005.18806547
0.998182491552, 0.00492030045794, 0.0052782916824, 0.885072722103, 0.610559266992, 0.0345370001537, 0.740335679809, 0.561081385954, 0.645892185143, 0.139650778455, 0.926376549903, 0.109612944342, 0.0119317425744, 0.900834280364, 0.497592747017, 0.376142680764, 0.839744199628, 0.126275044253, 0.29222706675, 0.0172872405916, 0.454471302078, 3.0416460871, 0.0256358384784, 0.0238978806392, 1083.06548338
0.0373735711631, 0.158314636262, 0.191426283481, 0.903226642252, 0.180229156787, 0.043172935192, 0.972591871157, 0.344600600949, 0.0221622865763, 0.75538134371, 0.546412644053, 0.0425282156262, 0.285367743984, 0.720623676293, 0.0421096998261, 0.376142680764, 0.0867060503886, 7.99961227673, 185.695437186, 12.6241395291, 54.1966854996, 1266.50136712, 397.316504996, 340.646884754, 81.3453618095
0.174403650293, 0.932538315308, 0.0660692458775, 0.304389759008, 0.95292799497, 0.906643397287, 0.382879075307, 0.00896912917684, 0.644642748442, 0.861352310927, 0.075709220881, 0.967263459175, 0.875914522648, 0.0479755640339, 0.21954199267, 0.453507263745, 0.76259340543, 1.18852068671, 0.815599595611, 9.75902613514, 133.173531901, 69.2051828556, 15.665582315, 1421.67475059, 401.770150076
0.0341930667806, 0.070634198474, 0.0525337575001, 0.0462084807973, 0.310860194735, 0.89129402515, 0.933638425532, 0.065768908945, 0.550242772866, 0.449217450981, 0.135145150597, 0.66769760907, 0.11904475505, 0.915691824211, 0.294273957145, 0.28072368863, 0.113874476564, 17.9569789617, 171.640467176, 1000.83001928, 539.490822894, 83.6184368743, 95.3646849734, 128.89746503, 62.58593231
0.886597627207, 0.893100139451, 0.710773944278, 0.999857959964, 0.643050556456, 0.856283645326, 0.989788043797, 0.291673359534, 0.98941006711, 0.991826415186, 0.133340109067, 0.875847672253, 0.651791823203, 0.915691824211, 0.563156715258, 0.587742886412, 0.870068603768, 5.4167284158e-06, 0.000337653292665, 0.00147039557809, 0.00240266363886, 12.7156178781, 26.0358744701, 170.93000499, 962.942160089
0.980725870528, 0.844405414245, 0.992191697111, 0.885072722103, 0.992096856365, 0.00377400122019, 0.740335679809, 0.509743524292, 0.308376389187, 0.136545489098, 0.00503517570974, 0.992246850468, 0.752081430376, 0.206438203928, 0.83557761503, 0.780175716158, 0.321466640168, 6.62004936769e-05, 0.00015320189511, 9.89385479365e-07, 0.0134432445676, 0.0736614826661, 6.10460798998, 24.4796933846, 833.069286154
0.997537937087, 0.996744048901, 0.0052782916824, 0.885072722103, 0.180229156787, 0.0345370001537, 0.991093345797, 0.530162889875, 0.645892185143, 0.139650778455, 0.920932829947, 0.89375822186, 0.0119317425744, 0.982151495431, 0.0897846445468, 0.376142680764, 0.782548886011, 4.59069521292e-05, 0.00328107119904, 0.000178192328535, 0.000956020097043, 0.018751751117, 0.00015804496942, 3.72709834362, 963.729923257
0.00317528294991, 0.316446762891, 0.0459722867105, 0.304389759008, 0.161582986005, 0.264370719698, 0.197358867769, 0.931732392685, 0.988201493468, 0.936233939714, 0.075709220881, 0.992714743183, 0.47587677122, 0.3673770283, 0.311430248961, 0.634956252717, 0.862551728804, 759.890535979, 243.422707954, 351.817570249, 226.216114562, 466.888851236, 73.402505333, 551.923631871, 5.77295811509
0.0373735711631, 0.158314636262, 0.191426283481, 0.222057674575, 0.180229156787, 0.043172935192, 0.972591871157, 0.33030059669, 0.0221622865763, 0.75538134371, 0.682141734766, 0.0425282156262, 0.285367743984, 0.720623676293, 0.0421096998261, 0.376142680764, 0.782548886011, 42.966251473, 997.377944769, 67.8047803911, 291.092660197, 378.982944562, 343.85100979, 294.807222533, 70.3990004146
0.174403650293, 0.159778286053, 0.207496307506, 0.0170532255585, 0.95292799497, 0.89129402515, 0.382879075307, 0.000780416177287, 0.0742123763893, 0.758002273396, 0.0312172240254, 0.746209428509, 0.875914522648, 0.995911841513, 0.21954199267, 0.453507263745, 0.76259340543, 11.8114704514, 8.10539575074, 83.0757448051, 1138.0507391, 30.5759671702, 385.84048695, 308.949343596, 349.585233864
0.308314917358, 0.00492030045794, 0.00586740970557, 0.012862608662, 0.161582986005, 0.760559827431, 0.740335679809, 0.467559372284, 0.645892185143, 0.0779390184856, 0.783514309189, 0.96988105253, 0.425568580755, 0.900834280364, 0.457762234652, 0.0912038208703, 0.780911581988, 133.165547071, 308.173142548, 850.099573683, 237.096137755, 19.0805130715, 8.70460869271, 7.29977135806, 496.89073934
0.0341930667806, 0.159778286053, 0.23824620556, 0.335817913844, 0.98249812857, 0.836061721743, 0.470672846498, 0.00896912917684, 0.151709972451, 0.883174107477, 0.133376065191, 0.967263459175, 0.642048911703, 0.995911841513, 0.21954199267, 0.314546147192, 0.880534039983, 4.28419615303, 3.90660356276, 22.0151095673, 827.882721316, 482.478428699, 376.439975772, 264.01455628, 57.1524807342
0.174403650293, 0.159778286053, 0.23824620556, 0.0382393756309, 0.95292799497, 0.89129402515, 0.382879075307, 0.00896912917684, 0.0742123763893, 0.758002273396, 0.0312172240254, 0.967263459175, 0.875914522648, 0.901398340455, 0.21954199267, 0.453507263745, 0.76259340543, 11.3054034004, 7.75811691344, 79.516332168, 1089.29051201, 65.6879044009, 429.760338331, 301.410562994, 341.054882742
0.0728393956661, 0.070634198474, 0.0525337575001, 0.0462084807973, 0.226207122566, 0.0689704674692, 0.853416379406, 0.687903400971, 0.550242772866, 0.424159531455, 0.205786728915, 0.66769760907, 0.11904475505, 0.991681776302, 0.294273957145, 0.28072368863, 0.269241939729, 172.504385928, 735.907995319, 82.210244244, 282.133543915, 58.9673018838, 67.2506970721, 90.8978452191, 94.3402978335
0.149040749934, 0.0526944852542, 0.0383445403824, 0.012862608662, 0.689772617297, 0.828386468054, 0.697873706719, 0.467559372284, 0.492159383484, 0.213845646586, 0.963013119899, 0.769108697202, 0.47587677122, 0.821816031958, 0.114551875314, 0.0879856264373, 0.317844375524, 48.3962136795, 94.2037604159, 383.315363179, 750.433392816, 17.1618951828, 51.2265255353, 70.6012780193, 203.650689869
0.0728393956661, 0.070634198474, 0.0525337575001, 0.0462084807973, 0.226207122566, 0.345822842472, 0.948247081025, 0.687903400971, 0.0221622865763, 0.424159531455, 0.205786728915, 0.66769760907, 0.393286471293, 0.991681776302, 0.294273957145, 0.0328667798906, 0.269241939729, 48.787859468, 598.823542898, 362.774506663, 260.434320369, 54.4320571634, 62.0783666603, 83.9067847593, 87.0844742839
0.174403650293, 0.0742810078859, 0.0437879456552, 0.0015957419248, 0.226207122566, 0.0345370001537, 0.231574037278, 0.407505198905, 0.4779976473, 0.424159531455, 0.157475501516, 0.991318078812, 0.0341574128016, 0.992076438922, 0.294273957145, 0.28072368863, 0.269241939729, 719.71726157, 273.993976062, 41.8198262083, 286.188853801, 2.06199447172, 56.6716032971, 96.6514481707, 233.308737896
0.000227846501758, 0.937619361511, 0.308038291518, 0.69504153558, 0.721143416072, 0.264370719698, 0.416337523448, 0.115756071251, 0.659814912728, 0.936233939714, 0.075709220881, 0.332214138238, 0.624746691382, 0.00713401688903, 0.894076912399, 0.65469995519, 0.0622610096398, 15.1790778986, 11.6348524914, 8.43258337551, 44.6263280643, 94.8806981024, 56.1872594389, 1228.65890597, 0.441857142119
0.0341930667806, 0.159778286053, 0.23824620556, 0.316222981953, 0.576888204657, 0.82917151072, 0.559526311513, 0.536814775181, 0.968371526133, 0.883174107477, 0.133376065191, 0.616086007685, 0.912280619203, 0.995911841513, 0.21954199267, 0.534116453974, 0.52935881282, 85.6690403357, 103.399337161, 488.340236334, 646.381870318, 445.11691962, 366.842409223, 257.283344302, 55.6953434145
0.308314917358, 0.00492030045794, 0.207496307506, 0.012862608662, 0.161582986005, 0.760559827431, 0.740335679809, 0.467559372284, 0.645892185143, 0.300717744522, 0.783514309189, 0.96988105253, 0.425568580755, 0.900834280364, 0.457762234652, 0.0912038208703, 0.780911581988, 114.88501778, 265.868144875, 733.400693992, 204.548358046, 16.4612028539, 275.387516458, 6.64738728256, 452.483375095
0.0244103988729, 0.459736450276, 0.0525337575001, 0.00540149326441, 0.315872064847, 0.0349466353273, 0.488099734509, 0.536814775181, 0.254918168105, 0.424159531455, 0.0132793171979, 0.976581097646, 0.11904475505, 0.535803213803, 0.779496098296, 0.28072368863, 0.269241939729, 550.899766946, 530.679564683, 42.0320955553, 414.710084142, 7.39138262989, 72.0514741247, 770.009020087, 44.689056001
0.168241722209, 0.029789168548, 0.0709858079518, 0.401737942023, 0.0755147820259, 0.0152404333326, 0.488099734509, 0.391871977132, 0.645892185143, 0.112309048822, 0.116056877123, 0.647014022144, 0.4330387255, 0.936764845684, 0.183032231748, 0.376142680764, 0.489934669696, 569.608789925, 548.701892457, 18.9375383632, 94.2851435805, 582.186883242, 110.487487244, 46.4961934813, 268.986034166
0.00822428681387, 0.00492030045794, 0.207496307506, 0.261878599801, 0.404808096985, 0.842515162826, 0.740335679809, 0.191449520321, 0.350470279414, 0.300717744522, 0.783514309189, 0.425253979956, 0.530601101562, 0.995911841513, 0.457762234652, 0.376142680764, 0.780911581988, 61.537021912, 142.40963855, 614.281634634, 467.665959611, 343.534364932, 290.382488033, 7.00934044816, 11.7168875795
0.0373735711631, 0.158314636262, 0.191426283481, 0.222057674575, 0.2165072521, 0.043172935192, 0.972591871157, 0.217062401393, 0.0221622865763, 0.75538134371, 0.682141734766, 0.0425282156262, 0.285367743984, 0.720623676293, 0.0421096998261, 0.376142680764, 0.489934669696, 38.0233584929, 882.638299753, 60.0044310117, 313.319764191, 341.598733803, 309.932336657, 265.726401091, 63.4545953787
0.0728393956661, 0.070634198474, 0.0525337575001, 0.0462084807973, 0.226207122566, 0.89129402515, 0.933638425532, 0.530162889875, 0.550242772866, 0.213675115722, 0.135145150597, 0.66769760907, 0.11904475505, 0.991681776302, 0.294273957145, 0.28072368863, 0.269241939729, 16.7968729423, 160.551678824, 936.171652624, 352.51681859, 73.6777533519, 84.0275900937, 113.573943632, 117.875177817
0.0728393956661, 0.070634198474, 0.237102551435, 0.0462084807973, 0.226207122566, 0.0460731792416, 0.948247081025, 0.687903400971, 0.0221622865763, 0.424159531455, 0.205786728915, 0.66769760907, 0.393286471293, 0.461335524137, 0.294273957145, 0.0328667798906, 0.269241939729, 62.7597586115, 770.315021256, 56.0314940289, 287.544624783, 60.0982444672, 323.753650973, 99.1214878165, 102.875383457
0.00822428681387, 0.00492030045794, 0.207496307506, 0.012862608662, 0.404808096985, 0.760559827431, 0.740335679809, 0.467559372284, 0.645892185143, 0.300717744522, 0.783514309189, 0.96988105253, 0.530601101562, 0.900834280364, 0.457762234652, 0.376142680764, 0.780911581988, 118.236437858, 273.624037296, 754.795422896, 599.020608982, 20.38225121, 340.984652845, 8.23079082894, 13.7586769463
0.168241722209, 0.029789168548, 0.207496307506, 0.401737942023, 0.114031793436, 0.0152404333326, 0.488099734509, 0.391871977132, 0.913762749939, 0.112309048822, 0.116056877123, 0.647014022144, 0.351448727394, 0.936764845684, 0.183032231748, 0.428084777907, 0.489934669696, 502.446048471, 484.004289487, 16.704607595, 126.353174521, 518.223648534, 296.874871672, 43.4165604896, 251.169989387
0.0373735711631, 0.265410857061, 0.191426283481, 0.836163210892, 0.66959878691, 0.679953648926, 0.972591871157, 0.344600600949, 0.0221622865763, 0.75538134371, 0.682141734766, 0.0425282156262, 0.583215176817, 0.720623676293, 0.0423537755777, 0.376142680764, 0.0867060503886, 2.8683434129, 66.5830124801, 121.205476396, 242.145232773, 1059.56189611, 339.753280146, 508.019014262, 73.736032252
0.168241722209, 0.0699179385169, 0.442542237895, 0.696247808754, 0.471554662083, 0.476905012009, 0.496437361813, 0.555611702947, 0.588115060742, 0.921630214578, 0.794327389069, 0.736016569907, 0.763311880451, 0.0152208739531, 0.230610759081, 0.127986669059, 0.221649251257, 143.624933776, 142.026361316, 187.840857391, 252.22270716, 722.98840805, 678.798643551, 116.864938212, 288.523544475
0.0373735711631, 0.265410857061, 0.191426283481, 0.836163210892, 0.397004243721, 0.679953648926, 0.972591871157, 0.344600600949, 0.0221622865763, 0.75538134371, 0.682141734766, 0.0425282156262, 0.583215176817, 0.391610762493, 0.0423537755777, 0.376142680764, 0.0440454160165, 5.07136754527, 117.721932123, 214.297045653, 175.927672164, 1144.64832621, 367.036626052, 548.814671885, 79.6572868542
0.399764221695, 0.00492030045794, 0.207496307506, 0.591331254857, 0.202203017965, 0.760559827431, 0.740335679809, 0.467559372284, 0.645892185143, 0.300717744522, 0.783514309189, 0.96988105253, 0.530601101562, 0.900834280364, 0.457762234652, 0.376142680764, 0.780911581988, 67.6633293777, 156.587205236, 431.947817759, 152.674767729, 653.947099208, 275.959617116, 6.66119682151, 625.702433145
0.00822428681387, 0.188134305013, 0.269988604337, 0.37582394131, 0.238013945863, 0.443039801632, 0.197652619761, 0.510284890624, 0.311003751112, 0.35754002166, 0.929722658952, 0.703816215031, 0.230826129641, 0.217857226388, 0.17379160153, 0.110436979517, 0.94139383854, 473.210660441, 151.828706113, 415.143157628, 254.050173539, 466.091417853, 378.046984093, 279.687251236, 12.4070040915
0.168241722209, 0.0699179385169, 0.588980594884, 0.00790480998871, 0.471554662083, 0.476905012009, 0.496437361813, 0.555611702947, 0.588115060742, 0.980075971475, 0.794327389069, 0.508747477334, 0.763311880451, 0.0152208739531, 0.408306140756, 0.127986669059, 0.248497002745, 207.681170951, 205.369640553, 271.617247715, 364.713185839, 6.71118574182, 717.488372368, 99.0555199612, 244.55452727
0.0728393956661, 0.070634198474, 0.0370002894671, 0.0462084807973, 0.226207122566, 0.03363545314, 0.944740077785, 0.687903400971, 0.550242772866, 0.424159531455, 0.205786728915, 0.66769760907, 0.11904475505, 0.962385633606, 0.294273957145, 0.28072368863, 0.269241939729, 78.3086826462, 899.885190834, 47.7690729193, 335.655412951, 70.1536364296, 56.2865227656, 107.955827166, 112.044293934
0.00317528294991, 0.316446762891, 0.207496307506, 0.304389759008, 0.161582986005, 0.264370719698, 0.197358867769, 0.467559372284, 0.988201493468, 0.936233939714, 0.075709220881, 0.992714743183, 0.47587677122, 0.900834280364, 0.311430248961, 0.634956252717, 0.862551728804, 630.621765947, 202.012856712, 291.96812822, 187.733362763, 387.464059528, 284.615834661, 482.227765317, 5.04395994364
0.0244103988729, 0.459736450276, 0.0525337575001, 0.0462084807973, 0.021647687084, 0.51551815299, 0.488099734509, 0.407505198905, 0.254918168105, 0.424159531455, 0.0132793171979, 0.976581097646, 0.11904475505, 0.688436636234, 0.779496098296, 0.28072368863, 0.269241939729, 323.988579051, 312.096915644, 472.342874304, 22.1890564095, 47.4565700612, 54.1230023303, 578.408707036, 33.5691380567
0.168241722209, 0.029789168548, 0.0709858079518, 0.401737942023, 0.114031793436, 0.0152404333326, 0.488099734509, 0.391871977132, 0.913762749939, 0.112309048822, 0.116056877123, 0.647014022144, 0.351448727394, 0.936764845684, 0.183032231748, 0.428084777907, 0.489934669696, 527.0752692, 507.729520317, 17.5234446998, 132.546834984, 543.626265722, 103.169449241, 43.4165604896, 251.169989387
0.0721688186555, 0.803764672631, 0.522946844954, 0.0635481654973, 0.109392882818, 0.0983884095272, 0.730980220135, 0.00656524060323, 0.254918168105, 0.183439304494, 0.385169805266, 0.507316389125, 0.796148531499, 0.688436636234, 0.219806783168, 0.723858730417, 0.63388779745, 58.3583080954, 129.78175234, 22.1688255337, 24.9932197578, 14.6393345005, 157.890210244, 677.332617026, 80.9291610886
0.00356623462329, 0.936829482849, 0.634600513838, 0.921344206278, 0.665610348578, 0.401321257198, 0.0270578063458, 0.328493623703, 0.199268883266, 0.996358380492, 0.075709220881, 0.336815272785, 0.387197860766, 0.561288541434, 0.657689200434, 0.453507263745, 0.8078751055, 2.85541091345, 0.121434669838, 2.08552898277, 6.10460677565, 56.8166398507, 88.5473667645, 1059.15887572, 5.96261865867
0.0901605749207, 0.159778286053, 0.23824620556, 0.0175232733079, 0.501595335257, 0.836061721743, 0.729535498327, 0.00896912917684, 0.902887829567, 0.912315905917, 0.322813379407, 0.878289911912, 0.180972212014, 0.995911841513, 0.234846167423, 0.376142680764, 0.286769840215, 45.259702836, 100.044438604, 416.94055249, 433.323807862, 16.8301026615, 240.168976298, 168.441477501, 96.7017284514
0.00356623462329, 0.150449669154, 0.310626208866, 0.38961045398, 0.471554662083, 0.401321257198, 0.261699187072, 0.536814775181, 0.00326847725976, 0.417623966818, 0.075709220881, 0.616086007685, 0.763311880451, 0.410900576546, 0.411012159009, 0.859601070148, 0.862551728804, 389.195211409, 169.654555362, 309.812967382, 480.597056578, 499.884058502, 461.797704155, 237.229362808, 5.67599183255
0.23751711319, 0.188134305013, 0.0565789459184, 0.527515377823, 0.513459559296, 0.401321257198, 0.0752593280435, 0.536814775181, 0.904989940853, 0.984934404239, 0.075709220881, 0.616086007685, 0.387197860766, 0.410900576546, 0.029312588928, 0.944042509786, 0.862551728804, 338.720472342, 40.2301277372, 248.907776787, 440.505429224, 665.37109416, 80.4484018919, 275.936549856, 370.858335716
0.00356623462329, 0.217942007468, 0.348626651413, 0.527515377823, 0.513459559296, 0.401321257198, 0.319834683623, 0.536814775181, 0.904989940853, 0.989364195498, 0.075709220881, 0.616086007685, 0.387197860766, 0.535803213803, 0.839667892156, 0.453507263745, 0.00041825423448, 267.914316573, 147.196556684, 223.065830974, 394.77155309, 596.291357148, 493.407499123, 337.722550399, 5.63572845881
0.0728393956661, 0.0742810078859, 0.931227001778, 0.885072722103, 0.636389708405, 0.94521073879, 0.231574037278, 0.407505198905, 0.65889381766, 0.424159531455, 0.157475501516, 0.98540323459, 0.384340446457, 0.991681776302, 0.726955151384, 0.28072368863, 0.269241939729, 0.804862521833, 0.306408494441, 9.98209603359, 15.5915494371, 101.543899113, 951.782230579, 112.215150115, 110.771197079
0.00822428681387, 0.00492030045794, 0.207496307506, 0.261878599801, 0.404808096985, 0.760559827431, 0.740335679809, 0.191449520321, 0.645892185143, 0.300717744522, 0.783514309189, 0.425253979956, 0.530601101562, 0.900834280364, 0.457762234652, 0.376142680764, 0.780911581988, 90.7779953163, 210.079413979, 579.50676294, 459.908053912, 337.83562387, 285.565460168, 6.89306557057, 11.5225212651
0.0581034802813, 0.17635777501, 0.483741904713, 0.304389759008, 0.108716440085, 0.0345370001537, 0.874251419562, 0.0544497948602, 0.836230806264, 0.882471577662, 0.880563940082, 0.588466718699, 0.20980965519, 0.3673770283, 0.497592747017, 0.701980250314, 0.400865985922, 89.3428824363, 446.412981089, 24.7226835762, 78.6266903125, 239.772990959, 495.146844121, 204.388067694, 68.3975126133
0.23751711319, 0.730449492035, 0.0565789459184, 0.430236782276, 0.513459559296, 0.401321257198, 0.0408652643346, 0.536814775181, 0.904989940853, 0.984934404239, 0.075709220881, 0.616086007685, 0.387197860766, 0.410900576546, 0.029312588928, 0.944387909758, 0.862551728804, 168.89162895, 10.8562388436, 123.497658457, 218.560423258, 242.740050741, 34.5789317287, 864.474913926, 371.150742216
0.00356623462329, 0.217942007468, 0.265138386991, 0.913265498492, 0.513459559296, 0.401321257198, 0.00449927332369, 0.536814775181, 0.904989940853, 0.984934404239, 0.749091621423, 0.95852612857, 0.387197860766, 0.561288541434, 0.883968271159, 0.110436979517, 0.258590922096, 76.2041526489, 0.538577396891, 55.60895275, 98.4141432461, 994.42361433, 444.002929806, 391.136766419, 6.52707556302
0.00356623462329, 0.217942007468, 0.265138386991, 0.913265498492, 0.579615381647, 0.401321257198, 0.00449927332369, 0.328493623703, 0.904989940853, 0.984934404239, 0.749091621423, 0.95852612857, 0.387197860766, 0.561288541434, 0.883968271159, 0.110436979517, 0.258590922096, 65.0528972973, 0.459765234161, 47.4714745366, 103.693640173, 957.707508828, 427.609455054, 376.695215983, 6.2860829
0.000565762604546, 0.217942007468, 0.0459722867105, 0.643252466201, 0.397004243721, 0.401321257198, 0.0752593280435, 0.536814775181, 0.904989940853, 0.557306502641, 0.075709220881, 0.882981953222, 0.387197860766, 0.410900576546, 0.370616788813, 0.507871975058, 0.259836608204, 306.80100807, 36.4390249555, 225.451849151, 275.140126171, 750.870572996, 64.1247357056, 316.733484209, 0.838501560892
0.00317528294991, 0.275421483416, 0.551953323437, 0.304389759008, 0.161582986005, 0.264370719698, 0.197358867769, 0.588202439717, 0.669619396755, 0.936233939714, 0.495817238862, 0.992714743183, 0.47587677122, 0.3673770283, 0.311430248961, 0.634956252717, 0.390580351779, 367.450708052, 117.708856945, 170.123997039, 109.388481015, 225.767568939, 578.079861424, 350.163170497, 4.16573863747
0.0728393956661, 0.0742810078859, 0.0437879456552, 0.0246740412743, 0.226207122566, 0.0345370001537, 0.231574037278, 0.407505198905, 0.4779976473, 0.424159531455, 0.157475501516, 0.991318078812, 0.114357573488, 0.992076438922, 0.294273957145, 0.28072368863, 0.269241939729, 636.094877676, 242.159211671, 36.9608715211, 252.937193078, 28.1930288827, 50.1245387558, 85.4856573271, 84.3856518977
0.000227846501758, 0.181740175428, 0.380034680044, 0.304389759008, 0.404808096985, 0.264370719698, 0.416337523448, 0.931732392685, 0.996101462797, 0.987604638017, 0.314138148317, 0.916353163336, 0.901508432147, 0.3673770283, 0.173552561462, 0.309801831204, 0.259836608204, 345.936178272, 265.162115413, 192.181348917, 351.621220054, 306.838504816, 453.251484542, 236.647556234, 0.300751999121
0.174403650293, 0.159778286053, 0.23824620556, 0.0382393756309, 0.501595335257, 0.200334672857, 0.559526311513, 0.00896912917684, 0.902887829567, 0.883174107477, 0.0228452702236, 0.73140016075, 0.875914522648, 0.900834280364, 0.234846167423, 0.376142680764, 0.76259340543, 348.108928148, 420.154495594, 177.602372745, 576.688124935, 48.9242104078, 320.084578876, 224.4899413, 254.016945678
0.000976074458729, 0.217942007468, 0.377722242084, 0.708447265988, 0.513459559296, 0.793242735609, 0.876941612587, 0.536814775181, 0.253457215388, 0.755191431042, 0.90009556951, 0.297307099577, 0.47587677122, 0.870508375498, 0.657689200434, 0.634956252717, 0.271053695445, 19.2246893032, 98.2135637159, 297.234144961, 327.179927897, 919.458431351, 691.303358924, 440.625921125, 2.01246750041
0.0373735711631, 0.158314636262, 0.191426283481, 0.869519841248, 0.180229156787, 0.043172935192, 0.972591871157, 0.344600600949, 0.0221622865763, 0.75538134371, 0.682141734766, 0.0425282156262, 0.285367743984, 0.720623676293, 0.0421096998261, 0.376142680764, 0.0867060503886, 9.6836626589, 224.787390788, 15.2817292051, 65.6059820719, 1129.82049972, 357.840654506, 306.801511296, 73.2631973374
0.0373735711631, 0.149828418288, 0.496090878935, 0.836163210892, 0.66959878691, 0.679953648926, 0.972591871157, 0.344600600949, 0.0221622865763, 0.75538134371, 0.888332729306, 0.0425282156262, 0.583215176817, 0.720623676293, 0.0423537755777, 0.376142680764, 0.0867060503886, 2.23757489699, 51.940948431, 94.5515554873, 188.895824622, 826.556921283, 844.272530454, 288.08368674, 72.6114405727
0.174403650293, 0.444016728475, 0.23824620556, 0.841732270261, 0.98249812857, 0.836061721743, 0.559526311513, 0.00896912917684, 0.413015228707, 0.165519806611, 0.133376065191, 0.967263459175, 0.912280619203, 0.995911841513, 0.668032277717, 0.453507263745, 0.52935881282, 0.84220920409, 1.01651510408, 5.01244726567, 188.494109924, 742.798728657, 300.98367716, 689.926895055, 301.868619738
0.174403650293, 0.893100139451, 0.710773944278, 0.999857959964, 0.643050556456, 0.786430770048, 0.989788043797, 0.291673359534, 0.98941006711, 0.991826415186, 0.133340109067, 0.875847672253, 0.651791823203, 0.285895757817, 0.563156715258, 0.587742886412, 0.870068603768, 4.23683948956e-05, 0.00264104583861, 0.00757598633993, 0.0127775396544, 67.622578974, 138.460670523, 909.018175307, 259.094834175
0.312792515689, 0.0235609880322, 0.775655507036, 0.261878599801, 0.689772617297, 0.82917151072, 0.853853895679, 0.890322808758, 0.492159383484, 0.921630214578, 0.075709220881, 0.630290034031, 0.224630303031, 0.189695110769, 0.270601177516, 0.520472954191, 0.351607513995, 7.33931167463, 31.4068090052, 117.29698518, 229.559442417, 113.337152598, 770.757303999, 30.406976849, 439.739644008
0.168241722209, 0.446757966253, 0.775655507036, 0.00790480998871, 0.471554662083, 0.476905012009, 0.496437361813, 0.365828244694, 0.00326847725976, 0.921630214578, 0.794327389069, 0.508747477334, 0.763311880451, 0.0152208739531, 0.408306140756, 0.520472954191, 0.248497002745, 82.3500719194, 81.4335001682, 107.702107906, 144.616659018, 2.66113016395, 582.791421061, 524.896570948, 220.021114199
0.011451818512, 0.389719861612, 0.792768723855, 0.48128609857, 0.576888204657, 0.995173371278, 0.0559766053196, 0.678257281486, 0.0107871043632, 0.984934404239, 0.749091621423, 0.709604983696, 0.387139186312, 0.233989423615, 0.550890028666, 0.236050557677, 0.52935881282, 0.987993127088, 0.0870966803571, 130.816592235, 166.961002743, 199.990877309, 863.711575316, 640.0723357, 20.038742833
0.00356623462329, 0.217942007468, 0.348626651413, 0.527515377823, 0.513459559296, 0.357093301065, 0.0752593280435, 0.27952916678, 0.918399901885, 0.984934404239, 0.075709220881, 0.616086007685, 0.387197860766, 0.688436636234, 0.370616788813, 0.453507263745, 0.259836608204, 302.523107279, 35.9309349245, 191.390835111, 375.324147852, 566.916597057, 469.101047688, 321.085517553, 5.35809879098
0.0581034802813, 0.17635777501, 0.483741904713, 0.304389759008, 0.108716440085, 0.351926886223, 0.874251419562, 0.0544497948602, 0.812329433563, 0.882471577662, 0.880563940082, 0.57093089671, 0.180972212014, 0.658105731419, 0.497592747017, 0.701980250314, 0.400865985922, 81.2905851199, 406.178661896, 255.570334841, 83.9369836273, 255.966791129, 528.588096267, 218.192039159, 73.0169472166
0.000227846501758, 0.275421483416, 0.551953323437, 0.304389759008, 0.404808096985, 0.122320931195, 0.0391923762234, 0.931732392685, 0.669619396755, 0.936233939714, 0.314138148317, 0.916353163336, 0.901508432147, 0.3673770283, 0.311430248961, 0.309801831204, 0.0622610096398, 407.967539097, 25.1475818523, 79.5171431486, 307.367341799, 268.22083028, 686.781813385, 416.007740906, 0.355123420578
0.312792515689, 0.0235609880322, 0.6709832476, 0.261878599801, 0.689772617297, 0.82917151072, 0.853853895679, 0.890322808758, 0.492159383484, 0.213845646586, 0.075709220881, 0.932115906514, 0.224630303031, 0.189695110769, 0.114551875314, 0.0879856264373, 0.351607513995, 9.01838720051, 38.5920065666, 144.131994484, 282.077670091, 139.266237986, 612.818900441, 26.099151297, 377.440728726
0.00537712188556, 0.389719861612, 0.792768723855, 0.440047478085, 0.576888204657, 0.995173371278, 0.0559766053196, 0.678257281486, 0.0107871043632, 0.984934404239, 0.749091621423, 0.709604983696, 0.387139186312, 0.233989423615, 0.550890028666, 0.236050557677, 0.0162396267653, 0.993723293562, 0.0876018240308, 131.575302828, 167.929343832, 176.515765471, 820.370900366, 607.953781499, 8.93615891822
0.997537937087, 0.00492030045794, 0.0459722867105, 0.0462084807973, 0.2165072521, 0.372176963355, 0.740335679809, 0.931732392685, 0.308376389187, 0.139650778455, 0.914798411095, 0.229506841555, 0.0119317425744, 0.3673770283, 0.856231799976, 0.338351894105, 0.839744199628, 1.60183332392, 3.70697992182, 2.67245529991, 1.71344665553, 0.373497543315, 0.372562728675, 0.0399099414785, 1335.21968166
0.149040749934, 0.241576732754, 0.0383445403824, 0.012862608662, 0.689772617297, 0.927617413439, 0.697873706719, 0.467559372284, 0.492159383484, 0.213845646586, 0.880563940082, 0.769108697202, 0.47587677122, 0.821816031958, 0.114551875314, 0.0879856264373, 0.317844375524, 16.8172414923, 32.7349449047, 322.286273026, 612.119746691, 13.9987572949, 41.7848780914, 276.8273062, 178.225378679
0.000976074458729, 0.217942007468, 0.377722242084, 0.708447265988, 0.904822720198, 0.793242735609, 0.876941612587, 0.328493623703, 0.253457215388, 0.379359079686, 0.588203521882, 0.962689966631, 0.47587677122, 0.870508375498, 0.657689200434, 0.634956252717, 0.225866866935, 4.16967982316, 21.3017286536, 64.4676851444, 451.600896588, 926.504433133, 696.600960787, 444.002529484, 2.02788945872
0.0581034802813, 0.17635777501, 0.0149211513043, 0.304389759008, 0.108716440085, 0.351926886223, 0.874251419562, 0.0544497948602, 0.869475861133, 0.806220094278, 0.880563940082, 0.519568603822, 0.180972212014, 0.652270036039, 0.497592747017, 0.701980250314, 0.400865985922, 113.388981065, 566.562345869, 356.484823123, 117.08033634, 357.037824119, 18.1903703291, 220.691874138, 73.8535053211
0.886597627207, 0.893100139451, 0.710773944278, 0.999857959964, 0.643050556456, 0.946050273337, 0.32571114621, 0.291673359534, 0.98941006711, 0.991826415186, 0.133340109067, 0.875847672253, 0.651791823203, 0.998343336913, 0.668032277717, 0.587742886412, 0.52935881282, 0.000102621795981, 5.76216498637e-05, 0.00138547183198, 0.00221440022686, 11.7192713364, 23.9958042401, 157.536592182, 887.489743991
0.174403650293, 0.932538315308, 0.23824620556, 0.0382393756309, 0.95292799497, 0.89129402515, 0.382879075307, 0.00896912917684, 0.256270027397, 0.791667304677, 0.929722658952, 0.967263459175, 0.616629542567, 0.995911841513, 0.21954199267, 0.453507263745, 0.225866866935, 1.0194093123, 0.699550148494, 7.16999532186, 98.2214302688, 5.92308465966, 38.7515310546, 996.600636362, 281.642750616
0.0585387035579, 0.127280512047, 0.23824620556, 0.384450334151, 0.99855527128, 0.897429120172, 0.470672846498, 0.00896912917684, 0.151709972451, 0.883174107477, 0.133376065191, 0.967263459175, 0.642048911703, 0.995911841513, 0.21954199267, 0.314546147192, 0.97828876952, 0.218554146079, 0.199291623266, 1.81985656601, 812.44077921, 560.477888843, 387.645034224, 214.880241641, 99.7703045733
0.00356623462329, 0.046724676275, 0.318678224055, 0.489711513424, 0.689772617297, 0.401321257198, 0.0147065142044, 0.328493623703, 0.904989940853, 0.984934404239, 0.00920431927656, 0.616086007685, 0.387197860766, 0.561288541434, 0.657689200434, 0.863260244117, 0.00355308700947, 215.693420082, 4.98360696824, 157.437440295, 504.002655721, 552.25298329, 434.326784071, 66.5399986935, 5.08324360301
0.997537937087, 0.00492030045794, 0.0052782916824, 0.885072722103, 0.2165072521, 0.0345370001537, 0.740335679809, 0.530162889875, 0.645892185143, 0.139650778455, 0.926376549903, 0.109612944342, 0.0119317425744, 0.900834280364, 0.457762234652, 0.376142680764, 0.839744199628, 0.317677970868, 0.735173779961, 0.0434905847435, 0.283796342192, 4.66145667705, 0.0392880522667, 0.0366245552845, 1225.30440377
0.126743745767, 0.130928630201, 0.52910536903, 0.00790480998871, 0.471554662083, 0.481847639136, 0.496437361813, 0.555611702947, 0.922604419819, 0.921630214578, 0.794327389069, 0.508747477334, 0.459584827757, 0.0113474869607, 0.408306140756, 0.520472954191, 0.248497002745, 233.720932143, 231.119574317, 310.467168946, 413.439629736, 7.60781418363, 671.468854182, 189.629370256, 187.35056365
0.980725870528, 0.159778286053, 0.992191697111, 0.885072722103, 0.959158818672, 0.0015703630468, 0.740335679809, 0.509743524292, 0.308376389187, 0.136545489098, 0.00503517570974, 0.977250975653, 0.875914522648, 0.206438203928, 0.476126608553, 0.780175716158, 0.321466640168, 0.00119740672065, 0.00277105152291, 7.4462878307e-06, 0.0469900353789, 0.257990060185, 21.3806201795, 5.48208622219, 728.869661294
0.236530975191, 0.937619361511, 0.855452595772, 0.265723968365, 0.0832743367925, 0.401321257198, 0.146251870738, 0.678257281486, 0.659814912728, 0.101139710252, 0.692003939036, 0.332214138238, 0.656469994961, 0.217857226388, 0.894076912399, 0.110436979517, 0.52935881282, 13.0355709282, 3.04850622267, 9.76894944096, 2.18026495622, 7.41254761635, 79.1438290561, 826.316778716, 323.516450145
0.0728393956661, 0.106223623407, 0.23824620556, 0.0382393756309, 0.501595335257, 0.836061721743, 0.559526311513, 0.00896912917684, 0.902887829567, 0.498729493863, 0.133376065191, 0.73140016075, 0.875914522648, 0.996306258067, 0.234846167423, 0.376142680764, 0.76259340543, 97.9734899626, 118.250349038, 583.093784164, 606.005861954, 51.4114250262, 336.357075398, 154.966404156, 107.226162111
0.000186009268348, 0.389719861612, 0.792768723855, 0.48128609857, 0.576888204657, 0.995173371278, 0.0559766053196, 0.678257281486, 0.0107871043632, 0.984934404239, 0.749091621423, 0.709604983696, 0.281526842757, 0.233989423615, 0.550890028666, 0.236050557677, 0.52935881282, 1.01717510292, 0.089669221756, 134.680471981, 171.892466144, 205.897931506, 889.222694398, 658.977907935, 0.335062297982
0.312792515689, 0.0235609880322, 0.0149211513043, 0.261878599801, 0.689772617297, 0.82917151072, 0.853853895679, 0.890322808758, 0.492159383484, 0.213845646586, 0.075709220881, 0.769108697202, 0.224630303031, 0.461232130247, 0.114551875314, 0.0879856264373, 0.317844375524, 17.9288366307, 76.722119554, 286.538925964, 560.779255955, 276.865649423, 16.2318862402, 25.6447380145, 370.869094326
0.168241722209, 0.0699179385169, 0.442542237895, 0.696247808754, 0.690571157867, 0.476905012009, 0.496437361813, 0.555611702947, 0.588115060742, 0.921630214578, 0.966003801088, 0.736016569907, 0.763311880451, 0.0152208739531, 0.230610759081, 0.127986669059, 0.221649251257, 104.109209406, 102.950454372, 136.159945512, 378.446558047, 827.93141866, 777.32743386, 133.828084944, 330.403233073
0.00356623462329, 0.275421483416, 0.348626651413, 0.527515377823, 0.457733101664, 0.00312193694947, 0.0752593280435, 0.536814775181, 0.904989940853, 0.984934404239, 0.075709220881, 0.970114560775, 0.418147197986, 0.290997048706, 0.370616788813, 0.453507263745, 0.0622610096398, 437.405830979, 51.951074382, 2.16009992705, 385.561271763, 638.315922574, 528.181163843, 468.482177781, 6.25954907376
0.0318424321581, 0.936829482849, 0.04213327779, 0.836163210892, 0.66959878691, 0.679953648926, 0.972591871157, 0.344600600949, 0.736831032509, 0.75538134371, 0.682141734766, 0.0425282156262, 0.583215176817, 0.720623676293, 0.0423537755777, 0.376142680764, 0.0867060503886, 0.342435799898, 7.94898094689, 14.4700575513, 28.908392246, 126.49528777, 8.66957388572, 1316.76036313, 66.2425177882
0.0244103988729, 0.459736450276, 0.0991435719193, 0.0462084807973, 0.226207122566, 0.51551815299, 0.488099734509, 0.407505198905, 0.4779976473, 0.487275415137, 0.399852740675, 0.976581097646, 0.11904475505, 0.991681776302, 0.779496098296, 0.28072368863, 0.269241939729, 221.549443173, 213.417701573, 322.996881851, 165.517117032, 34.5938936276, 74.895330513, 425.349093368, 24.6860088099
