0.998009426003, 0.162877207829, 0.0052782916824, 0.885072722103, 0.2165072521, 0.103580435115, 0.740335679809, 0.530162889875, 0.645892185143, 0.536734567296, 0.861353026465, 0.229506841555, 0.0119317425744, 0.900834280364, 0.457762234652, 0.376142680764, 0.839744199628, 0.273420011482, 0.632751533916, 0.113151768747, 0.247163628335, 4.05975121712, 0.0342167114398, 1.07952719373, 1364.2756846
0.921198148221, 0.83132905108, 0.999061091274, 0.0043080197356, 0.843607874741, 0.353913605986, 0.0752593280435, 0.530035252848, 0.780263990765, 0.3342937428, 0.68054018692, 0.230468629623, 0.151025268232, 0.936764845684, 0.690941395574, 0.541881915041, 0.00130519923341, 0.0117962420216, 0.00140105001646, 0.00738038542199, 0.055779003273, 0.000389146842331, 38.9920166204, 143.709043634, 1196.81399537
0.00317528294991, 0.316446762891, 0.0459722867105, 0.304389759008, 0.161582986005, 0.264370719698, 0.197358867769, 0.931732392685, 0.988201493468, 0.936233939714, 0.075709220881, 0.992714743183, 0.47587677122, 0.3673770283, 0.311430248961, 0.634956252717, 0.862551728804, 759.890535979, 243.422707954, 351.817570249, 226.216114562, 466.888851236, 73.402505333, 551.923631871, 5.77295811509
0.000227846501758, 0.275421483416, 0.551953323437, 0.69504153558, 0.404808096985, 0.264370719698, 0.416337523448, 0.407505198905, 0.890360208673, 0.51362182823, 0.880563940082, 0.910864593033, 0.768065514113, 0.211115892175, 0.497592747017, 0.65469995519, 0.0622610096398, 121.992508395, 93.5079752344, 67.7717055738, 123.997307404, 402.006518818, 533.694945373, 323.277676011, 0.275964754529
0.886597627207, 0.981436535155, 0.992191697111, 0.599054592327, 0.00771027515358, 0.987865114173, 0.00346991034038, 0.33030059669, 0.0938342853606, 0.730009731718, 0.399852740675, 0.332214138238, 0.0107531715073, 0.211115892175, 0.126577367671, 0.851681821132, 0.0318589843769, 0.000726434005325, 3.95948404027e-06, 0.0381060946904, 0.00046161969966, 0.0522984161216, 5.27596489637, 180.897487169, 1005.18806547
0.998182491552, 0.00492030045794, 0.0052782916824, 0.885072722103, 0.610559266992, 0.0345370001537, 0.740335679809, 0.561081385954, 0.645892185143, 0.139650778455, 0.926376549903, 0.109612944342, 0.0119317425744, 0.900834280364, 0.497592747017, 0.376142680764, 0.839744199628, 0.126275044253, 0.29222706675, 0.0172872405916, 0.454471302078, 3.0416460871, 0.0256358384784, 0.0238978806392, 1083.06548338
0.886597627207, 0.893100139451, 0.710773944278, 0.999857959964, 0.643050556456, 0.856283645326, 0.989788043797, 0.291673359534, 0.98941006711, 0.991826415186, 0.133340109067, 0.875847672253, 0.651791823203, 0.915691824211, 0.563156715258, 0.587742886412, 0.870068603768, 5.4167284158e-06, 0.000337653292665, 0.00147039557809, 0.00240266363886, 12.7156178781, 26.0358744701, 170.93000499, 962.942160089
0.174403650293, 0.932538315308, 0.0660692458775, 0.304389759008, 0.95292799497, 0.906643397287, 0.382879075307, 0.00896912917684, 0.644642748442, 0.861352310927, 0.075709220881, 0.967263459175, 0.875914522648, 0.0479755640339, 0.21954199267, 0.453507263745, 0.76259340543, 1.18852068671, 0.815599595611, 9.75902613514, 133.173531901, 69.2051828556, 15.665582315, 1421.67475059, 401.770150076
0.980725870528, 0.844405414245, 0.992191697111, 0.885072722103, 0.992096856365, 0.00377400122019, 0.740335679809, 0.509743524292, 0.308376389187, 0.136545489098, 0.00503517570974, 0.992246850468, 0.752081430376, 0.206438203928, 0.83557761503, 0.780175716158, 0.321466640168, 6.62004936769e-05, 0.00015320189511, 9.89385479365e-07, 0.0134432445676, 0.0736614826661, 6.10460798998, 24.4796933846, 833.069286154
0.0728393956661, 0.0742810078859, 0.931227001778, 0.0462084807973, 0.2165072521, 0.94521073879, 0.231574037278, 0.530162889875, 0.65889381766, 0.424159531455, 0.0575015366593, 0.996054345261, 0.656469994961, 0.991681776302, 0.569027323639, 0.28072368863, 0.269241939729, 9.89328014953, 3.76633896283, 122.69880863, 43.5766345384, 9.498846021, 1207.75492076, 142.394337045, 140.562046708
0.997537937087, 0.996744048901, 0.0052782916824, 0.885072722103, 0.180229156787, 0.0345370001537, 0.991093345797, 0.530162889875, 0.645892185143, 0.139650778455, 0.920932829947, 0.89375822186, 0.0119317425744, 0.982151495431, 0.0897846445468, 0.376142680764, 0.782548886011, 4.59069521292e-05, 0.00328107119904, 0.000178192328535, 0.000956020097043, 0.018751751117, 0.00015804496942, 3.72709834362, 963.729923257
0.0373735711631, 0.158314636262, 0.191426283481, 0.903226642252, 0.180229156787, 0.043172935192, 0.972591871157, 0.344600600949, 0.0221622865763, 0.75538134371, 0.546412644053, 0.0425282156262, 0.285367743984, 0.720623676293, 0.0421096998261, 0.376142680764, 0.0867060503886, 7.99961227673, 185.695437186, 12.6241395291, 54.1966854996, 1266.50136712, 397.316504996, 340.646884754, 81.3453618095
0.886597627207, 0.981436535155, 0.992191697111, 0.885072722103, 0.00771027515358, 0.0223619850649, 0.00346991034038, 0.33030059669, 0.0938342853606, 0.730009731718, 0.399852740675, 0.332214138238, 0.561633050833, 0.211115892175, 0.725410806524, 0.851681821132, 0.0318589843769, 0.0128929760607, 7.02741509481e-05, 0.00045307335908, 0.000156256681784, 0.0706907112624, 5.85840883418, 200.867795318, 1116.15652462
0.174403650293, 0.159778286053, 0.207496307506, 0.0170532255585, 0.95292799497, 0.89129402515, 0.382879075307, 0.000780416177287, 0.0742123763893, 0.758002273396, 0.0312172240254, 0.746209428509, 0.875914522648, 0.995911841513, 0.21954199267, 0.453507263745, 0.76259340543, 11.8114704514, 8.10539575074, 83.0757448051, 1138.0507391, 30.5759671702, 385.84048695, 308.949343596, 349.585233864
0.0373735711631, 0.158314636262, 0.191426283481, 0.222057674575, 0.180229156787, 0.043172935192, 0.972591871157, 0.33030059669, 0.0221622865763, 0.75538134371, 0.682141734766, 0.0425282156262, 0.285367743984, 0.720623676293, 0.0421096998261, 0.376142680764, 0.782548886011, 42.966251473, 997.377944769, 67.8047803911, 291.092660197, 378.982944562, 343.85100979, 294.807222533, 70.3990004146
0.308314917358, 0.00492030045794, 0.00586740970557, 0.012862608662, 0.161582986005, 0.89129402515, 0.740335679809, 0.467559372284, 0.645892185143, 0.0779390184856, 0.783514309189, 0.96988105253, 0.425568580755, 0.941530250195, 0.457762234652, 0.0397265049459, 0.780911581988, 82.3252309585, 190.517935709, 1203.61355553, 316.835436707, 25.497600884, 11.6321105971, 9.75480354926, 664.003200917
0.0341930667806, 0.070634198474, 0.0525337575001, 0.0462084807973, 0.310860194735, 0.89129402515, 0.933638425532, 0.065768908945, 0.550242772866, 0.449217450981, 0.135145150597, 0.66769760907, 0.11904475505, 0.915691824211, 0.294273957145, 0.28072368863, 0.113874476564, 17.9569789617, 171.640467176, 1000.83001928, 539.490822894, 83.6184368743, 95.3646849734, 128.89746503, 62.58593231
0.174403650293, 0.159778286053, 0.23824620556, 0.0382393756309, 0.95292799497, 0.89129402515, 0.382879075307, 0.00896912917684, 0.0742123763893, 0.758002273396, 0.0312172240254, 0.895490389302, 0.875914522648, 0.901398340455, 0.21954199267, 0.453507263745, 0.76259340543, 9.96987538486, 6.84163634938, 70.1229221729, 960.610628218, 57.928071912, 378.991962231, 265.804380996, 300.765444622
0.0728393956661, 0.0742810078859, 0.931227001778, 0.0462084807973, 0.636389708405, 0.94521073879, 0.231574037278, 0.407505198905, 0.65889381766, 0.424159531455, 0.0575015366593, 0.996054345261, 0.656469994961, 0.991681776302, 0.726955151384, 0.28072368863, 0.269241939729, 5.02856885868, 1.91435949791, 62.3655045393, 97.4118906415, 8.41935525016, 1070.50032294, 126.212016338, 124.587955559
0.308314917358, 0.00492030045794, 0.00586740970557, 0.012862608662, 0.161582986005, 0.760559827431, 0.740335679809, 0.467559372284, 0.645892185143, 0.0779390184856, 0.783514309189, 0.96988105253, 0.425568580755, 0.900834280364, 0.457762234652, 0.0912038208703, 0.780911581988, 133.165547071, 308.173142548, 850.099573683, 237.096137755, 19.0805130715, 8.70460869271, 7.29977135806, 496.89073934
0.00317528294991, 0.316446762891, 0.207496307506, 0.304389759008, 0.161582986005, 0.264370719698, 0.197358867769, 0.467559372284, 0.988201493468, 0.936233939714, 0.075709220881, 0.992714743183, 0.47587677122, 0.900834280364, 0.311430248961, 0.634956252717, 0.862551728804, 630.621765947, 202.012856712, 291.96812822, 187.733362763, 387.464059528, 284.615834661, 482.227765317, 5.04395994364
0.0341930667806, 0.159778286053, 0.23824620556, 0.316222981953, 0.576888204657, 0.82917151072, 0.559526311513, 0.536814775181, 0.968371526133, 0.883174107477, 0.133376065191, 0.616086007685, 0.912280619203, 0.995911841513, 0.21954199267, 0.534116453974, 0.52935881282, 85.6690403357, 103.399337161, 488.340236334, 646.381870318, 445.11691962, 366.842409223, 257.283344302, 55.6953434145
0.000227846501758, 0.937619361511, 0.308038291518, 0.69504153558, 0.721143416072, 0.264370719698, 0.416337523448, 0.115756071251, 0.659814912728, 0.936233939714, 0.075709220881, 0.332214138238, 0.624746691382, 0.00713401688903, 0.894076912399, 0.65469995519, 0.0622610096398, 15.1790778986, 11.6348524914, 8.43258337551, 44.6263280643, 94.8806981024, 56.1872594389, 1228.65890597, 0.441857142119
0.0244103988729, 0.459736450276, 0.0525337575001, 0.0462084807973, 0.021647687084, 0.51551815299, 0.488099734509, 0.407505198905, 0.254918168105, 0.424159531455, 0.0132793171979, 0.976581097646, 0.11904475505, 0.688436636234, 0.779496098296, 0.28072368863, 0.269241939729, 323.988579051, 312.096915644, 472.342874304, 22.1890564095, 47.4565700612, 54.1230023303, 578.408707036, 33.5691380567
0.35583281973, 0.159778286053, 0.23824620556, 0.335817913844, 0.98249812857, 0.836061721743, 0.470672846498, 0.00896912917684, 0.151709972451, 0.883174107477, 0.133376065191, 0.967263459175, 0.642048911703, 0.995911841513, 0.21954199267, 0.181423954453, 0.880534039983, 3.73482171844, 3.40564888029, 19.1920505991, 721.721008433, 420.60887266, 328.168026622, 230.159232574, 579.655296077
0.000186009268348, 0.389719861612, 0.792768723855, 0.48128609857, 0.576888204657, 0.995173371278, 0.0559766053196, 0.678257281486, 0.0107871043632, 0.984934404239, 0.749091621423, 0.709604983696, 0.281526842757, 0.233989423615, 0.550890028666, 0.236050557677, 0.52935881282, 1.01717510292, 0.089669221756, 134.680471981, 171.892466144, 205.897931506, 889.222694398, 658.977907935, 0.335062297982
0.0728393956661, 0.0742810078859, 0.931227001778, 0.885072722103, 0.636389708405, 0.94521073879, 0.231574037278, 0.407505198905, 0.65889381766, 0.424159531455, 0.157475501516, 0.98540323459, 0.285037480201, 0.991681776302, 0.726955151384, 0.28072368863, 0.269241939729, 0.804605921819, 0.306310807666, 9.97891361931, 15.5865786605, 101.511525677, 951.478790766, 112.179374553, 110.735881867
0.168241722209, 0.029789168548, 0.0709858079518, 0.401737942023, 0.0755147820259, 0.0152404333326, 0.488099734509, 0.391871977132, 0.645892185143, 0.112309048822, 0.116056877123, 0.647014022144, 0.4330387255, 0.936764845684, 0.183032231748, 0.376142680764, 0.489934669696, 569.608789925, 548.701892457, 18.9375383632, 94.2851435805, 582.186883242, 110.487487244, 46.4961934813, 268.986034166
0.0728393956661, 0.070634198474, 0.0525337575001, 0.0462084807973, 0.226207122566, 0.89129402515, 0.933638425532, 0.530162889875, 0.550242772866, 0.213675115722, 0.135145150597, 0.66769760907, 0.11904475505, 0.991681776302, 0.294273957145, 0.28072368863, 0.269241939729, 16.7968729423, 160.551678824, 936.171652624, 352.51681859, 73.6777533519, 84.0275900937, 113.573943632, 117.875177817
0.0244103988729, 0.459736450276, 0.0525337575001, 0.283131225279, 0.021647687084, 0.264370719698, 0.488099734509, 0.407505198905, 0.254918168105, 0.424159531455, 0.0132793171979, 0.976581097646, 0.11904475505, 0.688436636234, 0.779496098296, 0.28072368863, 0.269241939729, 389.059924583, 374.779885201, 238.186576672, 20.08342854, 281.534329355, 54.1230023303, 578.408707036, 33.5691380567
0.0373735711631, 0.265410857061, 0.191426283481, 0.836163210892, 0.397004243721, 0.679953648926, 0.972591871157, 0.344600600949, 0.0221622865763, 0.75538134371, 0.682141734766, 0.0425282156262, 0.583215176817, 0.391610762493, 0.0423537755777, 0.376142680764, 0.0440454160165, 5.07136754527, 117.721932123, 214.297045653, 175.927672164, 1144.64832621, 367.036626052, 548.814671885, 79.6572868542
0.0244103988729, 0.459736450276, 0.0525337575001, 0.00540149326441, 0.315872064847, 0.0349466353273, 0.488099734509, 0.536814775181, 0.254918168105, 0.424159531455, 0.0132793171979, 0.976581097646, 0.11904475505, 0.535803213803, 0.779496098296, 0.28072368863, 0.269241939729, 550.899766946, 530.679564683, 42.0320955553, 414.710084142, 7.39138262989, 72.0514741247, 770.009020087, 44.689056001
0.165698850079, 0.17635777501, 0.0149211513043, 0.304389759008, 0.108716440085, 0.0024674588818, 0.874251419562, 0.0544497948602, 0.869475861133, 0.806220094278, 0.880563940082, 0.519568603822, 0.180972212014, 0.652270036039, 0.497592747017, 0.701980250314, 0.400865985922, 129.283043789, 645.97903502, 2.55339704423, 113.609712295, 346.454116416, 17.6511513737, 214.149882981, 208.534006994
0.0341930667806, 0.159778286053, 0.23824620556, 0.335817913844, 0.98249812857, 0.836061721743, 0.470672846498, 0.00896912917684, 0.151709972451, 0.883174107477, 0.133376065191, 0.967263459175, 0.642048911703, 0.995911841513, 0.21954199267, 0.314546147192, 0.880534039983, 4.28419615303, 3.90660356276, 22.0151095673, 827.882721316, 482.478428699, 376.439975772, 264.01455628, 57.1524807342
0.0728393956661, 0.070634198474, 0.0525337575001, 0.0462084807973, 0.226207122566, 0.0689704674692, 0.853416379406, 0.687903400971, 0.550242772866, 0.424159531455, 0.205786728915, 0.66769760907, 0.11904475505, 0.991681776302, 0.294273957145, 0.28072368863, 0.269241939729, 172.504385928, 735.907995319, 82.210244244, 282.133543915, 58.9673018838, 67.2506970721, 90.8978452191, 94.3402978335
0.168241722209, 0.029789168548, 0.0709858079518, 0.401737942023, 0.114031793436, 0.0152404333326, 0.488099734509, 0.391871977132, 0.913762749939, 0.112309048822, 0.116056877123, 0.647014022144, 0.351448727394, 0.936764845684, 0.183032231748, 0.428084777907, 0.489934669696, 527.0752692, 507.729520317, 17.5234446998, 132.546834984, 543.626265722, 103.169449241, 43.4165604896, 251.169989387
0.149040749934, 0.0526944852542, 0.0383445403824, 0.012862608662, 0.689772617297, 0.828386468054, 0.697873706719, 0.467559372284, 0.492159383484, 0.213845646586, 0.963013119899, 0.769108697202, 0.47587677122, 0.821816031958, 0.114551875314, 0.0879856264373, 0.317844375524, 48.3962136795, 94.2037604159, 383.315363179, 750.433392816, 17.1618951828, 51.2265255353, 70.6012780193, 203.650689869
0.0373735711631, 0.265410857061, 0.191426283481, 0.836163210892, 0.66959878691, 0.679953648926, 0.972591871157, 0.344600600949, 0.0221622865763, 0.75538134371, 0.682141734766, 0.0425282156262, 0.583215176817, 0.720623676293, 0.0423537755777, 0.376142680764, 0.0867060503886, 2.8683434129, 66.5830124801, 121.205476396, 242.145232773, 1059.56189611, 339.753280146, 508.019014262, 73.736032252
0.0373735711631, 0.158314636262, 0.191426283481, 0.411983332059, 0.180229156787, 0.043172935192, 0.972591871157, 0.33030059669, 0.0127801133953, 0.75538134371, 0.682141734766, 0.0425282156262, 0.285367743984, 0.720623676293, 0.0421096998261, 0.376142680764, 0.782548886011, 34.9306912578, 810.848046122, 55.1239116387, 236.652430505, 640.228210093, 329.288888911, 282.322110411, 67.4175964791
0.00356623462329, 0.275421483416, 0.348626651413, 0.527515377823, 0.457733101664, 0.00312193694947, 0.0752593280435, 0.536814775181, 0.904989940853, 0.984934404239, 0.075709220881, 0.970114560775, 0.418147197986, 0.290997048706, 0.370616788813, 0.453507263745, 0.0622610096398, 437.405830979, 51.951074382, 2.16009992705, 385.561271763, 638.315922574, 528.181163843, 468.482177781, 6.25954907376
0.000976074458729, 0.033768149447, 0.377722242084, 0.163046880839, 0.513459559296, 0.991815269719, 0.876941612587, 0.536814775181, 0.253457215388, 0.755191431042, 0.90009556951, 0.297307099577, 0.47587677122, 0.583288465432, 0.657689200434, 0.634956252717, 0.271053695445, 1.67254774212, 8.54457888231, 677.184760535, 706.500459728, 256.279047982, 682.251856351, 64.7849244425, 1.87349981595
0.174403650293, 0.932538315308, 0.0660692458775, 0.304389759008, 0.180229156787, 0.906643397287, 0.288576618154, 0.00896912917684, 0.644642748442, 0.861352310927, 0.075709220881, 0.967263459175, 0.875914522648, 0.204468525784, 0.21954199267, 0.453507263745, 0.0867060503886, 13.0533823085, 6.35863584203, 98.3026678865, 28.9082127683, 53.632197487, 12.1404144863, 1101.76055954, 311.361304806
0.308314917358, 0.00492030045794, 0.207496307506, 0.012862608662, 0.161582986005, 0.760559827431, 0.740335679809, 0.467559372284, 0.645892185143, 0.300717744522, 0.783514309189, 0.96988105253, 0.425568580755, 0.900834280364, 0.457762234652, 0.0912038208703, 0.780911581988, 114.88501778, 265.868144875, 733.400693992, 204.548358046, 16.4612028539, 275.387516458, 6.64738728256, 452.483375095
0.174403650293, 0.0742810078859, 0.0437879456552, 0.0015957419248, 0.226207122566, 0.0345370001537, 0.231574037278, 0.407505198905, 0.4779976473, 0.424159531455, 0.157475501516, 0.991318078812, 0.0341574128016, 0.992076438922, 0.294273957145, 0.28072368863, 0.269241939729, 719.71726157, 273.993976062, 41.8198262083, 286.188853801, 2.06199447172, 56.6716032971, 96.6514481707, 233.308737896
0.308314917358, 0.00492030045794, 0.0525337575001, 0.012862608662, 0.161582986005, 0.760559827431, 0.740335679809, 0.458090119936, 0.645892185143, 0.300717744522, 0.783514309189, 0.96988105253, 0.425568580755, 0.900834280364, 0.457762234652, 0.0912038208703, 0.780911581988, 126.124815381, 291.879405477, 805.153090603, 224.560385622, 18.071687771, 73.981821565, 6.93712991968, 472.20596997
0.168241722209, 0.0699179385169, 0.442542237895, 0.696247808754, 0.471554662083, 0.476905012009, 0.496437361813, 0.555611702947, 0.588115060742, 0.921630214578, 0.794327389069, 0.736016569907, 0.763311880451, 0.0152208739531, 0.230610759081, 0.127986669059, 0.221649251257, 143.624933776, 142.026361316, 187.840857391, 252.22270716, 722.98840805, 678.798643551, 116.864938212, 288.523544475
0.0373735711631, 0.158314636262, 0.191426283481, 0.869519841248, 0.180229156787, 0.043172935192, 0.972591871157, 0.344600600949, 0.0221622865763, 0.75538134371, 0.682141734766, 0.0425282156262, 0.285367743984, 0.720623676293, 0.0421096998261, 0.376142680764, 0.0867060503886, 9.6836626589, 224.787390788, 15.2817292051, 65.6059820719, 1129.82049972, 357.840654506, 306.801511296, 73.2631973374
0.0373735711631, 0.158314636262, 0.191426283481, 0.222057674575, 0.2165072521, 0.043172935192, 0.972591871157, 0.217062401393, 0.0221622865763, 0.75538134371, 0.682141734766, 0.0425282156262, 0.285367743984, 0.720623676293, 0.0421096998261, 0.376142680764, 0.489934669696, 38.0233584929, 882.638299753, 60.0044310117, 313.319764191, 341.598733803, 309.932336657, 265.726401091, 63.4545953787
0.000976074458729, 0.217942007468, 0.377722242084, 0.708447265988, 0.513459559296, 0.793242735609, 0.876941612587, 0.536814775181, 0.253457215388, 0.755191431042, 0.90009556951, 0.297307099577, 0.47587677122, 0.870508375498, 0.657689200434, 0.634956252717, 0.271053695445, 19.2246893032, 98.2135637159, 297.234144961, 327.179927897, 919.458431351, 691.303358924, 440.625921125, 2.01246750041
0.00537712188556, 0.389719861612, 0.792768723855, 0.440047478085, 0.576888204657, 0.995173371278, 0.0559766053196, 0.678257281486, 0.0107871043632, 0.984934404239, 0.749091621423, 0.709604983696, 0.387139186312, 0.233989423615, 0.550890028666, 0.236050557677, 0.0162396267653, 0.993723293562, 0.0876018240308, 131.575302828, 167.929343832, 176.515765471, 820.370900366, 607.953781499, 8.93615891822
0.00356623462329, 0.00492030045794, 0.318678224055, 0.489711513424, 0.689772617297, 0.401321257198, 0.0147065142044, 0.328493623703, 0.928673630618, 0.984934404239, 0.00920431927656, 0.616086007685, 0.387197860766, 0.561288541434, 0.457762234652, 0.863260244117, 0.00355308700947, 244.262429951, 5.64369533162, 178.290333182, 570.758780407, 625.399957005, 491.854205053, 7.92092189776, 5.74120277303
0.0581034802813, 0.17635777501, 0.483741904713, 0.304389759008, 0.108716440085, 0.0345370001537, 0.874251419562, 0.0544497948602, 0.836230806264, 0.882471577662, 0.880563940082, 0.588466718699, 0.20980965519, 0.3673770283, 0.497592747017, 0.701980250314, 0.400865985922, 89.3428824363, 446.412981089, 24.7226835762, 78.6266903125, 239.772990959, 495.146844121, 204.388067694, 68.3975126133
0.168241722209, 0.029789168548, 0.207496307506, 0.401737942023, 0.114031793436, 0.0152404333326, 0.488099734509, 0.391871977132, 0.913762749939, 0.112309048822, 0.116056877123, 0.647014022144, 0.351448727394, 0.936764845684, 0.183032231748, 0.428084777907, 0.489934669696, 502.446048471, 484.004289487, 16.704607595, 126.353174521, 518.223648534, 296.874871672, 43.4165604896, 251.169989387
0.0728393956661, 0.0742810078859, 0.0437879456552, 0.0246740412743, 0.226207122566, 0.00475087883442, 0.197358867769, 0.407505198905, 0.4779976473, 0.424159531455, 0.157475501516, 0.992714743183, 0.199193674305, 0.992076438922, 0.294273957145, 0.28072368863, 0.269241939729, 607.160592624, 194.497323788, 4.75792781494, 236.586510167, 26.3705397899, 46.8843255263, 79.9595863711, 78.9306888707
0.00317528294991, 0.275421483416, 0.551953323437, 0.304389759008, 0.161582986005, 0.264370719698, 0.197358867769, 0.588202439717, 0.669619396755, 0.936233939714, 0.495817238862, 0.992714743183, 0.47587677122, 0.3673770283, 0.311430248961, 0.634956252717, 0.390580351779, 367.450708052, 117.708856945, 170.123997039, 109.388481015, 225.767568939, 578.079861424, 350.163170497, 4.16573863747
0.168241722209, 0.0699179385169, 0.588980594884, 0.00790480998871, 0.471554662083, 0.476905012009, 0.496437361813, 0.555611702947, 0.588115060742, 0.980075971475, 0.794327389069, 0.508747477334, 0.763311880451, 0.0152208739531, 0.408306140756, 0.127986669059, 0.248497002745, 207.681170951, 205.369640553, 271.617247715, 364.713185839, 6.71118574182, 717.488372368, 99.0555199612, 244.55452727
0.0373735711631, 0.412155106202, 0.191426283481, 0.836163210892, 0.66959878691, 0.679953648926, 0.972591871157, 0.344600600949, 0.0221622865763, 0.112309048822, 0.682141734766, 0.0425282156262, 0.583215176817, 0.726204397376, 0.0423537755777, 0.376142680764, 0.0867060503886, 2.25850451806, 52.4267888692, 95.4359630798, 190.662700911, 834.288292946, 267.518287659, 682.954673041, 66.5532305435
0.0728393956661, 0.070634198474, 0.0370002894671, 0.0462084807973, 0.226207122566, 0.03363545314, 0.944740077785, 0.687903400971, 0.550242772866, 0.424159531455, 0.205786728915, 0.66769760907, 0.11904475505, 0.962385633606, 0.294273957145, 0.28072368863, 0.269241939729, 78.3086826462, 899.885190834, 47.7690729193, 335.655412951, 70.1536364296, 56.2865227656, 107.955827166, 112.044293934
0.000565762604546, 0.217942007468, 0.0459722867105, 0.643252466201, 0.397004243721, 0.401321257198, 0.0752593280435, 0.536814775181, 0.904989940853, 0.557306502641, 0.075709220881, 0.882981953222, 0.387197860766, 0.410900576546, 0.370616788813, 0.507871975058, 0.259836608204, 306.80100807, 36.4390249555, 225.451849151, 275.140126171, 750.870572996, 64.1247357056, 316.733484209, 0.838501560892
0.000227846501758, 0.275421483416, 0.551953323437, 0.304389759008, 0.404808096985, 0.82917151072, 0.467886732887, 0.931732392685, 0.669619396755, 0.936233939714, 0.314138148317, 0.932115906514, 0.901508432147, 0.3673770283, 0.311430248961, 0.309801831204, 0.0622610096398, 89.8481916109, 81.212006971, 440.457569711, 337.188755986, 294.244169086, 753.414803062, 456.369670947, 0.38957822814
0.0728393956661, 0.070634198474, 0.237102551435, 0.0462084807973, 0.240095720301, 0.309858486833, 0.740335679809, 0.687903400971, 0.0221622865763, 0.424159531455, 0.205786728915, 0.760108301521, 0.393286471293, 0.570048720696, 0.294273957145, 0.0328667798906, 0.269241939729, 268.046186475, 620.315370235, 357.599634361, 302.834746582, 59.7931208305, 322.109927562, 98.6182400244, 102.353076834
0.000227846501758, 0.275421483416, 0.551953323437, 0.304389759008, 0.404808096985, 0.122320931195, 0.0391923762234, 0.931732392685, 0.669619396755, 0.936233939714, 0.314138148317, 0.916353163336, 0.901508432147, 0.3673770283, 0.311430248961, 0.309801831204, 0.0622610096398, 407.967539097, 25.1475818523, 79.5171431486, 307.367341799, 268.22083028, 686.781813385, 416.007740906, 0.355123420578
0.0728393956661, 0.070634198474, 0.0525337575001, 0.0462084807973, 0.226207122566, 0.345822842472, 0.948247081025, 0.687903400971, 0.0221622865763, 0.424159531455, 0.205786728915, 0.66769760907, 0.393286471293, 0.991681776302, 0.294273957145, 0.0328667798906, 0.269241939729, 48.787859468, 598.823542898, 362.774506663, 260.434320369, 54.4320571634, 62.0783666603, 83.9067847593, 87.0844742839
0.0721688186555, 0.803764672631, 0.522946844954, 0.0635481654973, 0.109392882818, 0.0983884095272, 0.730980220135, 0.00656524060323, 0.254918168105, 0.183439304494, 0.385169805266, 0.507316389125, 0.796148531499, 0.688436636234, 0.219806783168, 0.723858730417, 0.63388779745, 58.3583080954, 129.78175234, 22.1688255337, 24.9932197578, 14.6393345005, 157.890210244, 677.332617026, 80.9291610886
0.168241722209, 0.029789168548, 0.207496307506, 0.401737942023, 0.358066206262, 0.0152404333326, 0.529051149393, 0.391871977132, 0.913762749939, 0.75538134371, 0.116056877123, 0.647014022144, 0.351448727394, 0.953229069463, 0.183032231748, 0.428084777907, 0.489934669696, 483.964021501, 530.279599478, 17.190155409, 452.686176548, 620.312637839, 355.358608732, 51.9695333075, 300.649958958
0.00822428681387, 0.00492030045794, 0.207496307506, 0.261878599801, 0.404808096985, 0.842515162826, 0.740335679809, 0.191449520321, 0.350470279414, 0.300717744522, 0.783514309189, 0.425253979956, 0.530601101562, 0.995911841513, 0.457762234652, 0.376142680764, 0.780911581988, 61.537021912, 142.40963855, 614.281634634, 467.665959611, 343.534364932, 290.382488033, 7.00934044816, 11.7168875795
0.168241722209, 0.0699179385169, 0.191426283481, 0.696247808754, 0.476829206218, 0.476905012009, 0.972591871157, 0.555611702947, 0.629348562579, 0.942366080802, 0.282187238832, 0.736016569907, 0.763311880451, 0.0152208739531, 0.190438699261, 0.127986669059, 0.221649251257, 12.131318864, 281.604968111, 262.122913532, 357.865121639, 1016.63253686, 354.887466804, 132.127468666, 326.204644141
0.0244103988729, 0.459736450276, 0.0991435719193, 0.0462084807973, 0.226207122566, 0.51551815299, 0.488099734509, 0.407505198905, 0.4779976473, 0.487275415137, 0.399852740675, 0.976581097646, 0.11904475505, 0.991681776302, 0.779496098296, 0.28072368863, 0.269241939729, 221.549443173, 213.417701573, 322.996881851, 165.517117032, 34.5938936276, 74.895330513, 425.349093368, 24.6860088099
0.312792515689, 0.0235609880322, 0.775655507036, 0.261878599801, 0.689772617297, 0.82917151072, 0.886616338584, 0.890322808758, 0.492159383484, 0.921630214578, 0.075709220881, 0.630290034031, 0.224630303031, 0.189695110769, 0.270601177516, 0.587742886412, 0.351607513995, 5.45045175922, 30.2786028905, 111.88655935, 218.970812752, 108.109377502, 735.205450555, 29.0044284995, 419.456269078
0.00822428681387, 0.00492030045794, 0.207496307506, 0.261878599801, 0.404808096985, 0.842515162826, 0.175342150502, 0.191449520321, 0.350470279414, 0.300717744522, 0.783514309189, 0.425253979956, 0.530601101562, 0.812738710314, 0.457762234652, 0.131297443262, 0.780911581988, 160.817879758, 45.4486531893, 661.718752126, 503.780868184, 370.063369077, 312.806906126, 7.55062784408, 12.6217093117
0.174403650293, 0.444016728475, 0.496090878935, 0.841732270261, 0.98249812857, 0.836061721743, 0.71007158636, 0.00896912917684, 0.413015228707, 0.75538134371, 0.133376065191, 0.967263459175, 0.912280619203, 0.995911841513, 0.668032277717, 0.453507263745, 0.52935881282, 0.457142457969, 0.933409509742, 3.94645526652, 148.407261641, 584.828487822, 596.013715383, 710.682042905, 310.949767144
0.0341930667806, 0.070634198474, 0.710773944278, 0.0462084807973, 0.310860194735, 0.89129402515, 0.933638425532, 0.065768908945, 0.364802931513, 0.398916097602, 0.135145150597, 0.66769760907, 0.11904475505, 0.915691824211, 0.294273957145, 0.587742886412, 0.113874476564, 6.02069744243, 57.5483951922, 335.562833273, 180.882932733, 28.0359691964, 791.571422729, 98.1441273152, 47.6537044957
0.0373735711631, 0.149828418288, 0.496090878935, 0.836163210892, 0.66959878691, 0.679953648926, 0.972591871157, 0.344600600949, 0.0221622865763, 0.75538134371, 0.888332729306, 0.0425282156262, 0.583215176817, 0.720623676293, 0.0423537755777, 0.376142680764, 0.0867060503886, 2.23757489699, 51.940948431, 94.5515554873, 188.895824622, 826.556921283, 844.272530454, 288.08368674, 72.6114405727
0.011451818512, 0.389719861612, 0.792768723855, 0.48128609857, 0.576888204657, 0.995173371278, 0.0559766053196, 0.678257281486, 0.0107871043632, 0.984934404239, 0.120673184811, 0.709604983696, 0.387139186312, 0.233989423615, 0.0265689374097, 0.481766436962, 0.52935881282, 0.723249405317, 0.0637581583781, 95.7628347258, 122.221949358, 146.401102514, 632.270474445, 468.55785072, 14.6691393289
0.0318424321581, 0.936829482849, 0.04213327779, 0.836163210892, 0.66959878691, 0.51551815299, 0.972591871157, 0.344600600949, 0.736831032509, 0.75538134371, 0.682141734766, 0.8483903481, 0.583215176817, 0.720623676293, 0.0423537755777, 0.376142680764, 0.0867060503886, 0.490715881242, 11.3910145828, 11.971429521, 28.9415032325, 126.640172471, 8.67950380993, 1318.26854921, 66.3183903962
0.168241722209, 0.446757966253, 0.775655507036, 0.00790480998871, 0.471554662083, 0.476905012009, 0.496437361813, 0.365828244694, 0.00326847725976, 0.921630214578, 0.794327389069, 0.508747477334, 0.763311880451, 0.0152208739531, 0.408306140756, 0.520472954191, 0.248497002745, 82.3500719194, 81.4335001682, 107.702107906, 144.616659018, 2.66113016395, 582.791421061, 524.896570948, 220.021114199
0.0244103988729, 0.459736450276, 0.0991435719193, 0.0462084807973, 0.226207122566, 0.679953648926, 0.488099734509, 0.407505198905, 0.4779976473, 0.487275415137, 0.399852740675, 0.452512822242, 0.11904475505, 0.991681776302, 0.779496098296, 0.28072368863, 0.269241939729, 175.49618767, 169.054782856, 443.170201267, 187.669519875, 39.2238550556, 84.919136886, 482.276767278, 27.9899233628
0.00356623462329, 0.275421483416, 0.442542237895, 0.527515377823, 0.231704832946, 0.00312193694947, 0.0752593280435, 0.536814775181, 0.904989940853, 0.921630214578, 0.966003801088, 0.970114560775, 0.418147197986, 0.290997048706, 0.379821330086, 0.453507263745, 0.0622610096398, 504.442417526, 59.9130685927, 2.49115570055, 193.511148066, 592.748167168, 670.780138072, 483.644884904, 6.46214313993
0.0581034802813, 0.17635777501, 0.0149211513043, 0.304389759008, 0.108716440085, 0.351926886223, 0.874251419562, 0.0544497948602, 0.869475861133, 0.806220094278, 0.880563940082, 0.519568603822, 0.180972212014, 0.652270036039, 0.497592747017, 0.701980250314, 0.400865985922, 113.388981065, 566.562345869, 356.484823123, 117.08033634, 357.037824119, 18.1903703291, 220.691874138, 73.8535053211
0.0585387035579, 0.127280512047, 0.23824620556, 0.384450334151, 0.99855527128, 0.897429120172, 0.470672846498, 0.00896912917684, 0.151709972451, 0.883174107477, 0.133376065191, 0.967263459175, 0.642048911703, 0.995911841513, 0.21954199267, 0.314546147192, 0.97828876952, 0.218554146079, 0.199291623266, 1.81985656601, 812.44077921, 560.477888843, 387.645034224, 214.880241641, 99.7703045733
0.0728393956661, 0.106223623407, 0.23824620556, 0.0382393756309, 0.501595335257, 0.836061721743, 0.559526311513, 0.00896912917684, 0.902887829567, 0.498729493863, 0.133376065191, 0.73140016075, 0.875914522648, 0.996306258067, 0.234846167423, 0.376142680764, 0.52935881282, 92.7517329631, 111.947883054, 552.016254417, 573.707172251, 48.6713167725, 318.430032956, 146.707058634, 101.511259409
0.00356623462329, 0.150449669154, 0.310626208866, 0.38961045398, 0.471554662083, 0.401321257198, 0.261699187072, 0.536814775181, 0.00326847725976, 0.417623966818, 0.075709220881, 0.616086007685, 0.763311880451, 0.410900576546, 0.411012159009, 0.859601070148, 0.862551728804, 389.195211409, 169.654555362, 309.812967382, 480.597056578, 499.884058502, 461.797704155, 237.229362808, 5.67599183255
0.0373735711631, 0.158314636262, 0.156619875036, 0.262810432733, 0.2165072521, 0.168033610949, 0.972591871157, 0.217062401393, 0.0221622865763, 0.77386548421, 0.682141734766, 0.0425282156262, 0.00385518675613, 0.720623676293, 0.0421096998261, 0.376142680764, 0.489934669696, 32.9567982285, 765.027959304, 206.941995569, 280.666168559, 368.524400488, 230.655942812, 240.498644588, 57.4302896467
0.00537712188556, 0.389719861612, 0.0459722867105, 0.440047478085, 0.576888204657, 0.995173371278, 0.0559766053196, 0.678257281486, 0.0107871043632, 0.999456177614, 0.749091621423, 0.709604983696, 0.387139186312, 0.233989423615, 0.550890028666, 0.338351894105, 0.0162396267653, 2.99958797241, 0.264429121694, 397.164581313, 506.900505639, 532.818914961, 60.4621928415, 588.407450481, 8.64885234072
0.233629301292, 0.159778286053, 0.23824620556, 0.0175232733079, 0.665610348578, 0.836061721743, 0.986886502761, 0.00896912917684, 0.902887829567, 0.912315905917, 0.322813379407, 0.878289911912, 0.180972212014, 0.995911841513, 0.234846167423, 0.376142680764, 0.286769840215, 1.51600027735, 73.586719795, 279.473184658, 498.654743482, 15.8683209615, 226.444156493, 158.815634222, 245.813220366
0.174403650293, 0.893100139451, 0.710773944278, 0.999857959964, 0.643050556456, 0.786430770048, 0.989788043797, 0.291673359534, 0.98941006711, 0.991826415186, 0.133340109067, 0.875847672253, 0.651791823203, 0.285895757817, 0.563156715258, 0.587742886412, 0.870068603768, 4.23683948956e-05, 0.00264104583861, 0.00757598633993, 0.0127775396544, 67.622578974, 138.460670523, 909.018175307, 259.094834175
0.000227846501758, 0.181740175428, 0.380034680044, 0.304389759008, 0.404808096985, 0.264370719698, 0.416337523448, 0.931732392685, 0.996101462797, 0.987604638017, 0.314138148317, 0.916353163336, 0.901508432147, 0.3673770283, 0.173552561462, 0.309801831204, 0.259836608204, 345.936178272, 265.162115413, 192.181348917, 351.621220054, 306.838504816, 453.251484542, 236.647556234, 0.300751999121
0.174403650293, 0.0742810078859, 0.0437879456552, 0.0015957419248, 0.212777450633, 0.0345370001537, 0.231574037278, 0.407505198905, 0.4779976473, 0.424159531455, 0.157475501516, 0.991318078812, 0.0341574128016, 0.992076438922, 0.294273957145, 0.28072368863, 0.269241939729, 725.190608614, 276.077661141, 42.1378600174, 269.856814578, 2.06199447172, 56.6716032971, 96.6514481707, 233.308737896
0.312792515689, 0.0235609880322, 0.6709832476, 0.261878599801, 0.689772617297, 0.122320931195, 0.853853895679, 0.890322808758, 0.492159383484, 0.213845646586, 0.075709220881, 0.916353163336, 0.224630303031, 0.189695110769, 0.114551875314, 0.0879856264373, 0.351607513995, 29.3712906487, 125.687333709, 25.1101243519, 248.133340128, 122.507381699, 539.074222397, 22.9584624112, 332.02071149
0.00356623462329, 0.217942007468, 0.348626651413, 0.527515377823, 0.513459559296, 0.357093301065, 0.0752593280435, 0.27952916678, 0.918399901885, 0.984934404239, 0.075709220881, 0.616086007685, 0.387197860766, 0.688436636234, 0.370616788813, 0.453507263745, 0.259836608204, 302.523107279, 35.9309349245, 191.390835111, 375.324147852, 566.916597057, 469.101047688, 321.085517553, 5.35809879098
0.00356623462329, 0.217942007468, 0.265138386991, 0.913265498492, 0.513459559296, 0.401321257198, 0.00449927332369, 0.536814775181, 0.904989940853, 0.984934404239, 0.749091621423, 0.95852612857, 0.387197860766, 0.561288541434, 0.883968271159, 0.110436979517, 0.258590922096, 76.2041526489, 0.538577396891, 55.60895275, 98.4141432461, 994.42361433, 444.002929806, 391.136766419, 6.52707556302
0.0901605749207, 0.159778286053, 0.23824620556, 0.0175232733079, 0.501595335257, 0.836061721743, 0.729535498327, 0.00896912917684, 0.902887829567, 0.912315905917, 0.322813379407, 0.878289911912, 0.180972212014, 0.995911841513, 0.234846167423, 0.376142680764, 0.286769840215, 45.259702836, 100.044438604, 416.94055249, 433.323807862, 16.8301026615, 240.168976298, 168.441477501, 96.7017284514
