0.998009426003, 0.162877207829, 0.0052782916824, 0.885072722103, 0.2165072521, 0.103580435115, 0.740335679809, 0.530162889875, 0.645892185143, 0.536734567296, 0.861353026465, 0.229506841555, 0.0119317425744, 0.900834280364, 0.457762234652, 0.376142680764, 0.839744199628, 0.273420011482, 0.632751533916, 0.113151768747, 0.247163628335, 4.05975121712, 0.0342167114398, 1.07952719373, 1364.2756846
0.000227846501758, 0.275421483416, 0.551953323437, 0.69504153558, 0.404808096985, 0.264370719698, 0.416337523448, 0.407505198905, 0.890360208673, 0.51362182823, 0.880563940082, 0.910864593033, 0.768065514113, 0.211115892175, 0.497592747017, 0.65469995519, 0.0622610096398, 121.992508395, 93.5079752344, 67.7717055738, 123.997307404, 402.006518818, 533.694945373, 323.277676011, 0.275964754529
0.992251548075, 0.663974690123, 0.992191697111, 0.885072722103, 0.992096856365, 0.00377400122019, 0.740335679809, 0.530162889875, 0.0221622865763, 0.136545489098, 0.00503517570974, 0.999572470788, 0.752081430376, 0.207536187126, 0.41247498088, 0.780175716158, 0.321466640168, 5.87695337816e-05, 0.000136005087727, 8.78327639615e-07, 0.0119342496086, 0.065393031887, 5.41936994068, 9.29632502191, 884.076513352
0.921198148221, 0.83132905108, 0.999061091274, 0.0043080197356, 0.843607874741, 0.353913605986, 0.0752593280435, 0.530035252848, 0.780263990765, 0.385279464028, 0.8959790654, 0.230468629623, 0.151025268232, 0.936764845684, 0.690941395574, 0.541881915041, 0.00130519923341, 0.0101623787596, 0.00120699464307, 0.0063581496474, 0.0480532153424, 0.000335247242099, 33.5913455126, 123.804320895, 1031.04676078
0.000976074458729, 0.033768149447, 0.882154871414, 0.163046880839, 0.513459559296, 0.991815269719, 0.876941612587, 0.536814775181, 0.253457215388, 0.755191431042, 0.90009556951, 0.297307099577, 0.47587677122, 0.583288465432, 0.657689200434, 0.548472222422, 0.0867060503886, 0.359025295691, 1.83415987629, 145.362941078, 151.655782416, 55.0122777748, 1159.72086936, 62.6428961693, 1.81155500996
0.886597627207, 0.893100139451, 0.710773944278, 0.999857959964, 0.643050556456, 0.856283645326, 0.989788043797, 0.291673359534, 0.98941006711, 0.991826415186, 0.133340109067, 0.875847672253, 0.651791823203, 0.915691824211, 0.563156715258, 0.587742886412, 0.870068603768, 5.4167284158e-06, 0.000337653292665, 0.00147039557809, 0.00240266363886, 12.7156178781, 26.0358744701, 170.93000499, 962.942160089
0.308314917358, 0.00492030045794, 0.00586740970557, 0.012862608662, 0.161582986005, 0.89129402515, 0.740335679809, 0.467559372284, 0.645892185143, 0.0779390184856, 0.783514309189, 0.96988105253, 0.425568580755, 0.941530250195, 0.457762234652, 0.0397265049459, 0.780911581988, 82.3252309585, 190.517935709, 1203.61355553, 316.835436707, 25.497600884, 11.6321105971, 9.75480354926, 664.003200917
0.0318424321581, 0.936829482849, 0.04213327779, 0.00790480998871, 0.0814785339422, 0.51551815299, 0.972591871157, 0.344600600949, 0.736831032509, 0.75538134371, 0.477636985487, 0.8483903481, 0.583215176817, 0.720623676293, 0.0423537755777, 0.376142680764, 0.0867060503886, 3.92357711621, 91.0782101336, 95.7189867142, 17.0107808521, 1.65493562351, 8.83406963655, 1341.74446125, 67.4993976353
0.0373735711631, 0.265410857061, 0.191426283481, 0.836163210892, 0.66959878691, 0.679953648926, 0.998319376902, 0.344600600949, 0.021980245935, 0.75538134371, 0.682141734766, 0.0425282156262, 0.583215176817, 0.720623676293, 0.0423537755777, 0.764772297176, 0.0867060503886, 0.185942210872, 70.4347174187, 128.098628516, 255.916425084, 1119.82090047, 359.075600498, 536.910879954, 77.9295200559
0.886597627207, 0.981436535155, 0.992191697111, 0.599054592327, 0.00771027515358, 0.987865114173, 0.00346991034038, 0.33030059669, 0.0938342853606, 0.246605742714, 0.399852740675, 0.332214138238, 0.0107531715073, 0.211115892175, 0.126577367671, 0.542093232974, 0.676269177631, 0.000709103897792, 3.86502496527e-06, 0.0371970200686, 0.0004506071108, 0.0510507636596, 5.1500993142, 176.581922531, 981.207886762
0.886597627207, 0.981436535155, 0.992191697111, 0.885072722103, 0.00771027515358, 0.0223619850649, 0.00346991034038, 0.33030059669, 0.0938342853606, 0.730009731718, 0.399852740675, 0.332214138238, 0.561633050833, 0.995911841513, 0.725410806524, 0.851681821132, 0.0318589843769, 0.0128487926769, 7.00333260393e-05, 0.000451520706378, 0.000155721200378, 0.0704484588287, 5.83833245112, 200.17943455, 1112.33152937
0.00317528294991, 0.316446762891, 0.0459722867105, 0.304389759008, 0.161582986005, 0.264370719698, 0.197358867769, 0.931732392685, 0.988201493468, 0.936233939714, 0.075709220881, 0.992714743183, 0.47587677122, 0.3673770283, 0.311430248961, 0.634956252717, 0.862551728804, 759.890535979, 243.422707954, 351.817570249, 226.216114562, 466.888851236, 73.402505333, 551.923631871, 5.77295811509
0.011894945578, 0.158314636262, 0.191426283481, 0.012862608662, 0.180229156787, 0.043172935192, 0.972591871157, 0.33030059669, 0.0221622865763, 0.75538134371, 0.682141734766, 0.0425282156262, 0.285367743984, 0.720623676293, 0.0421096998261, 0.0397265049459, 0.782548886011, 49.852312941, 1157.22446614, 78.6716321547, 337.745134693, 24.4325645706, 375.010525972, 321.52242813, 24.4111774793
0.998182491552, 0.00492030045794, 0.0052782916824, 0.885072722103, 0.610559266992, 0.0345370001537, 0.740335679809, 0.561081385954, 0.645892185143, 0.139650778455, 0.926376549903, 0.109612944342, 0.0119317425744, 0.900834280364, 0.497592747017, 0.376142680764, 0.839744199628, 0.126275044253, 0.29222706675, 0.0172872405916, 0.454471302078, 3.0416460871, 0.0256358384784, 0.0238978806392, 1083.06548338
0.174403650293, 0.159778286053, 0.207496307506, 0.000600715315049, 0.95292799497, 0.89129402515, 0.382879075307, 0.000780416177287, 0.0742123763893, 0.763250545578, 0.0312172240254, 0.746209428509, 0.875914522648, 0.998103915918, 0.206462258753, 0.453507263745, 0.76259340543, 11.0851088971, 7.60694402282, 77.9668951178, 1068.06484639, 1.01058908362, 361.982982091, 289.846214932, 327.969484098
0.997537937087, 0.996744048901, 0.0052782916824, 0.885072722103, 0.180229156787, 0.0345370001537, 0.972591871157, 0.530162889875, 0.645892185143, 0.139650778455, 0.920932829947, 0.89375822186, 0.285367743984, 0.982151495431, 0.0897846445468, 0.376142680764, 0.782548886011, 0.000140253321533, 0.00325570802158, 0.000176961546699, 0.00094941682641, 0.018622231991, 0.000156953346233, 3.70135512011, 957.073400534
0.00822428681387, 0.00492030045794, 0.0973736494231, 0.0177962014716, 0.358066206262, 0.842515162826, 0.740335679809, 0.191449520321, 0.350470279414, 0.75538134371, 0.783514309189, 0.150787594151, 0.11904475505, 0.995911841513, 0.262610341957, 0.376142680764, 0.864754140015, 101.145136755, 234.071164298, 1009.66211901, 656.440474964, 34.4204865395, 189.842341698, 9.63045073691, 16.0983632424
0.0341930667806, 0.159778286053, 0.23824620556, 0.335817913844, 0.98249812857, 0.836061721743, 0.470672846498, 0.00896912917684, 0.151709972451, 0.883174107477, 0.133376065191, 0.967263459175, 0.642048911703, 0.995911841513, 0.21954199267, 0.314546147192, 0.880534039983, 4.28419615303, 3.90660356276, 22.0151095673, 827.882721316, 482.478428699, 376.439975772, 264.01455628, 57.1524807342
0.00356623462329, 0.217942007468, 0.265138386991, 0.913265498492, 0.513459559296, 0.401321257198, 0.00449927332369, 0.536814775181, 0.904989940853, 0.984934404239, 0.749091621423, 0.992714743183, 0.387197860766, 0.561288541434, 0.883968271159, 0.110436979517, 0.258590922096, 64.9260982911, 0.458869074616, 47.3789446718, 83.8490569808, 847.251010381, 378.291429798, 333.249347431, 5.56108210416
0.174403650293, 0.0742810078859, 0.0437879456552, 0.000801024105796, 0.212777450633, 0.0345370001537, 0.231574037278, 0.407505198905, 0.4779976473, 0.424159531455, 0.314138148317, 0.991318078812, 0.727512831363, 0.992076438922, 0.157982065538, 0.28072368863, 0.269241939729, 702.49727167, 267.438382981, 40.8192430302, 261.412204916, 1.00267968821, 54.8980539341, 93.6267214229, 226.007293444
0.00317528294991, 0.316446762891, 0.207496307506, 0.304389759008, 0.161582986005, 0.264370719698, 0.197358867769, 0.467559372284, 0.988201493468, 0.936233939714, 0.075709220881, 0.992714743183, 0.47587677122, 0.900834280364, 0.311430248961, 0.634956252717, 0.862551728804, 630.621765947, 202.012856712, 291.96812822, 187.733362763, 387.464059528, 284.615834661, 482.227765317, 5.04395994364
0.011894945578, 0.158314636262, 0.191426283481, 0.012862608662, 0.180229156787, 0.0960747655411, 0.972591871157, 0.33030059669, 0.308376389187, 0.75538134371, 0.682141734766, 0.0425282156262, 0.285367743984, 0.720623676293, 0.0421096998261, 0.0397265049459, 0.782548886011, 46.0761751631, 1069.56877343, 162.800296216, 315.025130583, 22.788993989, 349.783691249, 299.893720154, 22.7690456003
0.000976074458729, 0.217942007468, 0.377722242084, 0.708447265988, 0.513459559296, 0.793242735609, 0.876941612587, 0.536814775181, 0.253457215388, 0.755191431042, 0.90009556951, 0.297307099577, 0.47587677122, 0.870508375498, 0.657689200434, 0.634956252717, 0.271053695445, 19.2246893032, 98.2135637159, 297.234144961, 327.179927897, 919.458431351, 691.303358924, 440.625921125, 2.01246750041
0.168241722209, 0.029789168548, 0.0709858079518, 0.401737942023, 0.0755147820259, 0.0152404333326, 0.488099734509, 0.391871977132, 0.764896821507, 0.112309048822, 0.116056877123, 0.532922491916, 0.156179942306, 0.936764845684, 0.183032231748, 0.376142680764, 0.489934669696, 553.287092476, 532.979265915, 18.3948979105, 91.5834760242, 565.504770298, 107.321554114, 45.1638811716, 261.278448284
0.308314917358, 0.00492030045794, 0.00110656719989, 0.222057674575, 0.161582986005, 0.89129402515, 0.740335679809, 0.467559372284, 0.39355351581, 0.0779390184856, 0.783514309189, 0.96988105253, 0.425568580755, 0.941530250195, 0.457762234652, 0.533185306634, 0.780911581988, 64.290224685, 148.781130045, 939.937671816, 247.426228592, 358.360192968, 1.8225301423, 8.1039623874, 551.631505255
0.308314917358, 0.316446762891, 0.0459722867105, 0.69504153558, 0.161582986005, 0.115158820697, 0.197358867769, 0.931732392685, 0.988201493468, 0.51362182823, 0.075709220881, 0.992714743183, 0.47587677122, 0.442096180241, 0.381609021975, 0.634956252717, 0.852371874122, 359.589323813, 115.190547598, 69.0573151308, 99.5744490895, 763.526186877, 62.2379138221, 467.975517742, 516.292079812
0.308314917358, 0.00492030045794, 0.207496307506, 0.012862608662, 0.161582986005, 0.760559827431, 0.740335679809, 0.467559372284, 0.645892185143, 0.300717744522, 0.783514309189, 0.96988105253, 0.425568580755, 0.900834280364, 0.457762234652, 0.0912038208703, 0.780911581988, 114.88501778, 265.868144875, 733.400693992, 204.548358046, 16.4612028539, 275.387516458, 6.64738728256, 452.483375095
0.0373735711631, 0.158314636262, 0.191426283481, 0.222057674575, 0.180229156787, 0.043172935192, 0.972591871157, 0.33030059669, 0.0221622865763, 0.75538134371, 0.682141734766, 0.0425282156262, 0.285367743984, 0.720623676293, 0.0421096998261, 0.376142680764, 0.782548886011, 42.966251473, 997.377944769, 67.8047803911, 291.092660197, 378.982944562, 343.85100979, 294.807222533, 70.3990004146
0.499563364056, 0.00171648474705, 0.207496307506, 0.261878599801, 0.404808096985, 0.418888841181, 0.175342150502, 0.191449520321, 0.350470279414, 0.921630214578, 0.783514309189, 0.425253979956, 0.530601101562, 0.812738710314, 0.558402751211, 0.131297443262, 0.780911581988, 401.953827861, 113.595951819, 322.833004324, 389.676650366, 286.245594448, 241.957476135, 2.03744788001, 754.625492875
0.0373735711631, 0.158314636262, 0.191426283481, 0.222057674575, 0.2165072521, 0.043172935192, 0.972591871157, 0.217062401393, 0.0221622865763, 0.75538134371, 0.607280404495, 0.0425282156262, 0.285367743984, 0.720623676293, 0.0421096998261, 0.376142680764, 0.189211908673, 36.7545880889, 853.18626299, 58.002192146, 302.864852801, 330.200204565, 299.59045757, 256.859593775, 61.3372307952
0.0244103988729, 0.459736450276, 0.0525337575001, 0.0462084807973, 0.021647687084, 0.51551815299, 0.488099734509, 0.407505198905, 0.254918168105, 0.424159531455, 0.0132793171979, 0.976581097646, 0.11904475505, 0.688436636234, 0.779496098296, 0.28072368863, 0.269241939729, 323.988579051, 312.096915644, 472.342874304, 22.1890564095, 47.4565700612, 54.1230023303, 578.408707036, 33.5691380567
0.0728393956661, 0.130106049923, 0.0525337575001, 0.0462084807973, 0.013988880104, 0.0689704674692, 0.853416379406, 0.687903400971, 0.765417069144, 0.424159531455, 0.205786728915, 0.66769760907, 0.11904475505, 0.991681776302, 0.294273957145, 0.28072368863, 0.0622610096398, 184.233394494, 785.944237207, 87.7999262324, 17.8457061893, 59.0569557799, 67.3529450438, 169.361487214, 95.8985084049
0.000976074458729, 0.389719861612, 0.377722242084, 0.708447265988, 0.513459559296, 0.793242735609, 0.98370024337, 0.536814775181, 0.253457215388, 0.755191431042, 0.90009556951, 0.297307099577, 0.47587677122, 0.870508375498, 0.657689200434, 0.634956252717, 0.271053695445, 2.22596977019, 86.9207271336, 258.242818306, 284.260298171, 798.843405621, 600.6178319, 754.267640539, 2.01246750041
0.000227846501758, 0.459736450276, 0.48978910789, 0.0462084807973, 0.021647687084, 0.51551815299, 0.488099734509, 0.407505198905, 0.254918168105, 0.424159531455, 0.0132793171979, 0.976581097646, 0.11904475505, 0.688436636234, 0.779496098296, 0.28072368863, 0.269241939729, 233.705839457, 225.12790999, 340.719689175, 16.0058483238, 34.232310214, 457.132566975, 578.834131653, 0.313410898869
0.0244103988729, 0.459736450276, 0.0525337575001, 0.291165423134, 0.315872064847, 0.0349466353273, 0.488099734509, 0.536814775181, 0.254918168105, 0.424159531455, 0.0132793171979, 0.976581097646, 0.11904475505, 0.535803213803, 0.779496098296, 0.28072368863, 0.269241939729, 494.29646652, 476.153829455, 37.7134236752, 372.099865567, 384.688261684, 72.0514741247, 770.009020087, 44.689056001
0.0373735711631, 0.265410857061, 0.191426283481, 0.836163210892, 0.66959878691, 0.679953648926, 0.972591871157, 0.344600600949, 0.0221622865763, 0.75538134371, 0.682141734766, 0.0425282156262, 0.583215176817, 0.720623676293, 0.0423537755777, 0.376142680764, 0.0867060503886, 2.8683434129, 66.5830124801, 121.205476396, 242.145232773, 1059.56189611, 339.753280146, 508.019014262, 73.736032252
0.165698850079, 0.193792929445, 0.0783299546945, 0.0237802348703, 0.108716440085, 0.0024674588818, 0.985006355982, 0.0544497948602, 0.795835262382, 0.806220094278, 0.0140591269525, 0.519568603822, 0.180972212014, 0.652270036039, 0.21954199267, 0.701980250314, 0.400865985922, 15.4428614411, 655.571992922, 2.54163293265, 113.086285147, 24.8682856451, 82.3489269889, 210.803006554, 187.305999695
0.174403650293, 0.932538315308, 0.28171423217, 0.304389759008, 0.180229156787, 0.906643397287, 0.288576618154, 0.00896912917684, 0.644642748442, 0.861352310927, 0.075709220881, 0.999863838251, 0.875914522648, 0.204468525784, 0.21954199267, 0.453507263745, 0.0867060503886, 10.3804656845, 5.05658990126, 78.1734148725, 22.9887322343, 42.6500329525, 43.9230634933, 964.327677256, 272.522301921
0.149040749934, 0.00255921578099, 0.0383445403824, 0.012862608662, 0.689772617297, 0.828386468054, 0.697873706719, 0.467559372284, 0.0995823437416, 0.213845646586, 0.963013119899, 0.769108697202, 0.47587677122, 0.821816031958, 0.114551875314, 0.0879856264373, 0.317844375524, 48.7927803405, 94.9756817683, 386.456313309, 756.58256942, 17.3025226193, 51.6462842445, 3.44911291306, 204.618144644
0.0244103988729, 0.459736450276, 0.0525337575001, 0.0462084807973, 0.021647687084, 0.264370719698, 0.488099734509, 0.407505198905, 0.254918168105, 0.984934404239, 0.0132793171979, 0.976581097646, 0.11904475505, 0.688436636234, 0.779496098296, 0.28072368863, 0.269241939729, 415.013894672, 399.781241845, 254.075870058, 21.4231828315, 45.818567415, 52.2549022774, 558.444453583, 32.4104715771
0.00537712188556, 0.608813627561, 0.0459722867105, 0.440047478085, 0.576888204657, 0.997582187267, 0.0536198634187, 0.76764009417, 0.637756291302, 0.999456177614, 0.141955760254, 0.514105957804, 0.387139186312, 0.233989423615, 0.550890028666, 0.338351894105, 0.0162396267653, 1.27148881562, 0.107346228294, 335.977493637, 428.798294009, 450.723246889, 51.146299627, 1004.65630165, 10.3856754645
0.0728393956661, 0.0742810078859, 0.0437879456552, 0.0246740412743, 0.226207122566, 0.00475087883442, 0.197358867769, 0.407505198905, 0.4779976473, 0.424159531455, 0.157475501516, 0.998972605217, 0.199193674305, 0.992076438922, 0.294273957145, 0.28072368863, 0.269241939729, 598.847457131, 191.834300816, 4.69278310847, 233.347209497, 26.0094790212, 46.24239363, 78.8647938508, 77.8499838331
0.308314917358, 0.893100139451, 0.00586740970557, 0.012862608662, 0.161582986005, 0.89129402515, 0.989788043797, 0.467559372284, 0.645892185143, 0.0779390184856, 0.783514309189, 0.96988105253, 0.425568580755, 0.97567453318, 0.457762234652, 0.0397265049459, 0.780911581988, 0.522350776385, 32.5608828861, 188.855161238, 49.7136370809, 4.00074717006, 1.82515734578, 1168.24580749, 623.368454127
0.0274712820092, 0.158314636262, 0.191426283481, 0.222057674575, 0.2165072521, 0.043172935192, 0.972591871157, 0.217062401393, 0.0221622865763, 0.75538134371, 0.607280404495, 0.0425282156262, 0.285367743984, 0.720623676293, 0.0421096998261, 0.963813256385, 0.189211908673, 40.0135740371, 928.837282001, 63.1451780696, 329.719521859, 359.478667003, 326.154789867, 279.63503081, 49.0574123141
0.000565762604546, 0.217942007468, 0.0459722867105, 0.643252466201, 0.397004243721, 0.401321257198, 0.0752593280435, 0.536814775181, 0.904989940853, 0.557306502641, 0.075709220881, 0.882981953222, 0.387197860766, 0.410900576546, 0.370616788813, 0.507871975058, 0.259836608204, 306.80100807, 36.4390249555, 225.451849151, 275.140126171, 750.870572996, 64.1247357056, 316.733484209, 0.838501560892
0.00822428681387, 0.00492030045794, 0.207496307506, 0.261878599801, 0.404808096985, 0.842515162826, 0.740335679809, 0.191449520321, 0.350470279414, 0.300717744522, 0.783514309189, 0.425253979956, 0.530601101562, 0.995911841513, 0.457762234652, 0.376142680764, 0.780911581988, 61.537021912, 142.40963855, 614.281634634, 467.665959611, 343.534364932, 290.382488033, 7.00934044816, 11.7168875795
0.0728393956661, 0.106223623407, 0.23824620556, 0.0382393756309, 0.501595335257, 0.836061721743, 0.559526311513, 0.00896912917684, 0.902887829567, 0.498729493863, 0.133376065191, 0.73140016075, 0.875914522648, 0.996306258067, 0.234846167423, 0.376142680764, 0.52935881282, 92.7517329631, 111.947883054, 552.016254417, 573.707172251, 48.6713167725, 318.430032956, 146.707058634, 101.511259409
0.00822428681387, 0.00492030045794, 0.207496307506, 0.261878599801, 0.404808096985, 0.842515162826, 0.175342150502, 0.191449520321, 0.350470279414, 0.300717744522, 0.783514309189, 0.425253979956, 0.530601101562, 0.812738710314, 0.457762234652, 0.131297443262, 0.780911581988, 160.817879758, 45.4486531893, 661.718752126, 503.780868184, 370.063369077, 312.806906126, 7.55062784408, 12.6217093117
0.00356623462329, 0.00357825771119, 0.318678224055, 0.489711513424, 0.689772617297, 0.401321257198, 0.0147065142044, 0.328493623703, 0.928673630618, 0.984934404239, 0.00920431927656, 0.616086007685, 0.228626964762, 0.561288541434, 0.457762234652, 0.863260244117, 0.00355308700947, 267.632137184, 6.18365355459, 195.348187269, 625.365891299, 685.234839929, 538.912153244, 6.31150946917, 6.29040146675
0.168241722209, 0.0699179385169, 0.191426283481, 0.696247808754, 0.476829206218, 0.476905012009, 0.972591871157, 0.555611702947, 0.629348562579, 0.942366080802, 0.282187238832, 0.736016569907, 0.763311880451, 0.0152208739531, 0.190438699261, 0.127986669059, 0.221649251257, 12.131318864, 281.604968111, 262.122913532, 357.865121639, 1016.63253686, 354.887466804, 132.127468666, 326.204644141
0.0341930667806, 0.159778286053, 0.23824620556, 0.316222981953, 0.576888204657, 0.82917151072, 0.559526311513, 0.536814775181, 0.968371526133, 0.883174107477, 0.133376065191, 0.616086007685, 0.912280619203, 0.995911841513, 0.21954199267, 0.279618203572, 0.52935881282, 79.2223150721, 95.6183801603, 451.591892633, 597.740653876, 411.62119608, 339.23696135, 237.922382289, 51.5041843207
0.00175671619809, 0.275421483416, 0.61167480882, 0.304389759008, 0.161582986005, 0.00435065589296, 0.130187381945, 0.588202439717, 0.669619396755, 0.936233939714, 0.22308549559, 0.508747477334, 0.47587677122, 0.3673770283, 0.311430248961, 0.127986669059, 0.390580351779, 384.989853238, 79.8457502631, 2.6870492512, 101.997293702, 210.512851295, 654.630321184, 368.8291956, 2.42752392717
0.00537712188556, 0.608813627561, 0.0459722867105, 0.440047478085, 0.576888204657, 0.995173371278, 0.0536198634187, 0.678257281486, 0.0107871043632, 0.999456177614, 0.749091621423, 0.514105957804, 0.387139186312, 0.233989423615, 0.550890028666, 0.338351894105, 0.0162396267653, 2.14416819449, 0.181022723658, 283.810870305, 362.227349649, 380.748453123, 43.2058355107, 848.683389231, 8.77329912541
0.0728393956661, 0.070634198474, 0.237102551435, 0.0462084807973, 0.240095720301, 0.309858486833, 0.740335679809, 0.687903400971, 0.0221622865763, 0.424159531455, 0.205786728915, 0.760108301521, 0.393286471293, 0.570048720696, 0.294273957145, 0.0328667798906, 0.269241939729, 268.046186475, 620.315370235, 357.599634361, 302.834746582, 59.7931208305, 322.109927562, 98.6182400244, 102.353076834
0.0244103988729, 0.459736450276, 0.0525337575001, 0.394165038192, 0.315872064847, 0.0349466353273, 0.488099734509, 0.536814775181, 0.254918168105, 0.424159531455, 0.0132793171979, 0.976581097646, 0.11904475505, 0.535803213803, 0.779496098296, 0.28072368863, 0.269241939729, 448.652560121, 432.185235109, 34.2309225917, 337.73973438, 505.572997388, 72.0514741247, 770.009020087, 44.689056001
0.000976074458729, 0.033768149447, 0.377722242084, 0.163046880839, 0.513459559296, 0.991815269719, 0.876941612587, 0.536814775181, 0.253457215388, 0.755191431042, 0.90009556951, 0.297307099577, 0.47587677122, 0.583288465432, 0.657689200434, 0.634956252717, 0.271053695445, 1.67254774212, 8.54457888231, 677.184760535, 706.500459728, 256.279047982, 682.251856351, 64.7849244425, 1.87349981595
0.00537712188556, 0.389719861612, 0.792768723855, 0.440047478085, 0.576888204657, 0.995173371278, 0.0559766053196, 0.678257281486, 0.0107871043632, 0.984934404239, 0.749091621423, 0.709604983696, 0.387139186312, 0.233989423615, 0.550890028666, 0.236050557677, 0.0162396267653, 0.993723293562, 0.0876018240308, 131.575302828, 167.929343832, 176.515765471, 820.370900366, 607.953781499, 8.93615891822
0.174403650293, 0.0742810078859, 0.0437879456552, 0.000801024105796, 0.501595335257, 0.0345370001537, 0.231574037278, 0.581395100413, 0.4779976473, 0.424159531455, 0.314138148317, 0.73140016075, 0.727512831363, 0.992076438922, 0.284226920911, 0.28072368863, 0.52935881282, 519.828576092, 197.897016008, 30.2051123004, 559.84224093, 0.993712510046, 54.4070889367, 92.7893976975, 223.986062047
0.727066178636, 0.00492030045794, 0.00586740970557, 0.012862608662, 0.661751703252, 0.760559827431, 0.740335679809, 0.869278991101, 0.506302251095, 0.106319834666, 0.783514309189, 0.270814827181, 0.0621969845369, 0.991681776302, 0.457762234652, 0.0912038208703, 0.780911581988, 27.2921446611, 63.1597749724, 174.227050852, 318.740600796, 7.47081384352, 3.40821606212, 2.85816386131, 809.078579388
0.168241722209, 0.0699179385169, 0.588980594884, 0.00790480998871, 0.471554662083, 0.476905012009, 0.496437361813, 0.555611702947, 0.588115060742, 0.980075971475, 0.794327389069, 0.508747477334, 0.763311880451, 0.0152208739531, 0.408306140756, 0.127986669059, 0.248497002745, 207.681170951, 205.369640553, 271.617247715, 364.713185839, 6.71118574182, 717.488372368, 99.0555199612, 244.55452727
0.312792515689, 0.0235609880322, 0.6709832476, 0.261878599801, 0.021647687084, 0.171416258568, 0.853853895679, 0.890322808758, 0.492159383484, 0.213845646586, 0.075709220881, 0.916353163336, 0.224630303031, 0.189695110769, 0.779496098296, 0.0879856264373, 0.351607513995, 63.8484438614, 273.223971203, 77.4307094142, 9.90149329376, 127.053049827, 559.076711046, 23.8103421055, 344.340425987
0.149040749934, 0.0378948953918, 0.0383445403824, 0.012862608662, 0.689772617297, 0.828386468054, 0.697873706719, 0.467559372284, 0.492159383484, 0.213845646586, 0.976217391109, 0.769108697202, 0.47587677122, 0.821816031958, 0.114551875314, 0.0879856264373, 0.317844375524, 44.3462374296, 86.3204372521, 351.238099296, 687.634318529, 15.7257235774, 46.9396981988, 46.4722236537, 186.29950703
0.174403650293, 0.932538315308, 0.0660692458775, 0.304389759008, 0.180229156787, 0.906643397287, 0.288576618154, 0.00896912917684, 0.644642748442, 0.861352310927, 0.075709220881, 0.967263459175, 0.875914522648, 0.204468525784, 0.21954199267, 0.453507263745, 0.0867060503886, 13.0533823085, 6.35863584203, 98.3026678865, 28.9082127683, 53.632197487, 12.1404144863, 1101.76055954, 311.361304806
0.0341930667806, 0.00492030045794, 0.23824620556, 0.316222981953, 0.576888204657, 0.264370719698, 0.559526311513, 0.191449520321, 0.968371526133, 0.883174107477, 0.133376065191, 0.616086007685, 0.912280619203, 0.995911841513, 0.21954199267, 0.534116453974, 0.862551728804, 279.431205956, 337.26304584, 193.112458089, 610.902332076, 420.684701612, 346.706635179, 7.3302964912, 50.9906084852
0.00356623462329, 0.459736450276, 0.442542237895, 0.527515377823, 0.231704832946, 0.510198907865, 0.0752593280435, 0.536814775181, 0.904989940853, 0.963882422357, 0.966003801088, 0.970114560775, 0.418147197986, 0.290997048706, 0.379821330086, 0.453507263745, 0.0622610096398, 312.459495757, 37.1110885035, 324.902494383, 172.293201838, 527.7550189, 597.231006445, 821.380390336, 6.9610758297
0.00822428681387, 0.00492030045794, 0.0973736494231, 0.261878599801, 0.358066206262, 0.842515162826, 0.740335679809, 0.191449520321, 0.350470279414, 0.75538134371, 0.783514309189, 0.425253979956, 0.530601101562, 0.995911841513, 0.457762234652, 0.376142680764, 0.780911581988, 82.1472766974, 190.106112042, 820.019588901, 533.142759624, 436.151038847, 168.151901335, 8.53012340472, 14.2590444438
0.0341930667806, 0.070634198474, 0.0525337575001, 0.0462084807973, 0.310860194735, 0.92687554749, 0.933638425532, 0.065768908945, 0.550242772866, 0.914687314645, 0.135145150597, 0.66769760907, 0.11904475505, 0.915691824211, 0.294273957145, 0.634956252717, 0.113874476564, 11.5657609247, 110.55047804, 963.443093779, 515.179611648, 79.8503181285, 91.067242082, 123.088925999, 59.7656066309
0.886597627207, 0.00323643030175, 0.710773944278, 0.999857959964, 0.643050556456, 0.856283645326, 0.740335679809, 0.291673359534, 0.98941006711, 0.991826415186, 0.133340109067, 0.875847672253, 0.831455868253, 0.915691824211, 0.563156715258, 0.587742886412, 0.870068603768, 0.000759514141085, 0.00175767580141, 0.00833720517873, 0.013623204552, 72.0980916995, 147.624510505, 0.835219105479, 912.528178632
0.165698850079, 0.17635777501, 0.0149211513043, 0.304389759008, 0.531049789341, 0.0024674588818, 0.874251419562, 0.0544497948602, 0.869475861133, 0.806220094278, 0.974554552903, 0.519568603822, 0.180972212014, 0.652270036039, 0.497592747017, 0.877721858432, 0.400865985922, 103.08662306, 515.085314639, 2.03600619931, 579.217031639, 405.236002251, 20.6459720894, 250.484085337, 243.915379623
0.0373735711631, 0.070634198474, 0.0370002894671, 0.0462084807973, 0.154195957419, 0.03363545314, 0.814827446957, 0.687903400971, 0.550242772866, 0.312598136096, 0.205786728915, 0.66769760907, 0.11904475505, 0.962385633606, 0.28814597181, 0.791843187973, 0.269241939729, 244.831249928, 817.852390672, 45.1474394663, 211.213595039, 64.0307975406, 51.3739718551, 98.5337049424, 52.3028229786
0.174403650293, 0.444016728475, 0.496090878935, 0.841732270261, 0.98249812857, 0.836061721743, 0.71007158636, 0.00896912917684, 0.413015228707, 0.75538134371, 0.133376065191, 0.967263459175, 0.912280619203, 0.995911841513, 0.668032277717, 0.453507263745, 0.52935881282, 0.457142457969, 0.933409509742, 3.94645526652, 148.407261641, 584.828487822, 596.013715383, 710.682042905, 310.949767144
0.000976074458729, 0.029789168548, 0.377722242084, 0.708447265988, 0.513459559296, 0.793242735609, 0.99010574862, 0.536814775181, 0.253457215388, 0.755191431042, 0.90009556951, 0.297307099577, 0.47587677122, 0.870508375498, 0.657689200434, 0.634956252717, 0.271053695445, 1.64933313745, 106.113489817, 315.199549645, 346.955313427, 975.032271334, 733.087066527, 61.3967625401, 2.01246750041
0.0581034802813, 0.17635777501, 0.0149211513043, 0.304389759008, 0.108716440085, 0.351926886223, 0.874251419562, 0.0544497948602, 0.869475861133, 0.806220094278, 0.880563940082, 0.519568603822, 0.180972212014, 0.652270036039, 0.497592747017, 0.701980250314, 0.400865985922, 113.388981065, 566.562345869, 356.484823123, 117.08033634, 357.037824119, 18.1903703291, 220.691874138, 73.8535053211
0.00356623462329, 0.459736450276, 0.442542237895, 0.527515377823, 0.231704832946, 0.309858486833, 0.0752593280435, 0.536814775181, 0.0221622865763, 0.424159531455, 0.205786728915, 0.970114560775, 0.418147197986, 0.290997048706, 0.379821330086, 0.453507263745, 0.0622610096398, 343.693847818, 40.8208199068, 183.157065188, 149.166987421, 456.916613225, 517.067122064, 711.129847526, 6.02671898627
0.0728393956661, 0.070634198474, 0.0370002894671, 0.0462084807973, 0.226207122566, 0.03363545314, 0.944740077785, 0.687903400971, 0.550242772866, 0.424159531455, 0.205786728915, 0.66769760907, 0.11904475505, 0.962385633606, 0.294273957145, 0.28072368863, 0.269241939729, 78.3086826462, 899.885190834, 47.7690729193, 335.655412951, 70.1536364296, 56.2865227656, 107.955827166, 112.044293934
0.00356623462329, 0.00492030045794, 0.318678224055, 0.489711513424, 0.689772617297, 0.401321257198, 0.0147065142044, 0.328493623703, 0.928673630618, 0.984934404239, 0.00920431927656, 0.616086007685, 0.387197860766, 0.561288541434, 0.457762234652, 0.863260244117, 0.00355308700947, 244.262429951, 5.64369533162, 178.290333182, 570.758780407, 625.399957005, 491.854205053, 7.92092189776, 5.74120277303
0.312792515689, 0.0235609880322, 0.775655507036, 0.261878599801, 0.689772617297, 0.866511029532, 0.886616338584, 0.890322808758, 0.492159383484, 0.689144658046, 0.075709220881, 0.630290034031, 0.224630303031, 0.189695110769, 0.270601177516, 0.587742886412, 0.351607513995, 3.93829652506, 21.8782078651, 104.457636295, 201.530028368, 99.4985844961, 676.64714509, 26.6942576722, 386.047038616
0.499563364056, 0.00492030045794, 0.207496307506, 0.261878599801, 0.404808096985, 0.418888841181, 0.175342150502, 0.191449520321, 0.350470279414, 0.921630214578, 0.783514309189, 0.425253979956, 0.530601101562, 0.812738710314, 0.558402751211, 0.131297443262, 0.780911581988, 401.943283741, 113.592971951, 322.824535714, 389.666428302, 286.238085606, 241.951129065, 5.84028963634, 754.625492875
0.168241722209, 0.389719861612, 0.0709858079518, 0.401737942023, 0.0755147820259, 0.0152404333326, 0.488099734509, 0.391871977132, 0.96693547742, 0.112309048822, 0.116056877123, 0.532922491916, 0.156179942306, 0.936764845684, 0.183032231748, 0.376142680764, 0.489934669696, 455.127039123, 438.422075101, 15.1314128503, 75.3354214156, 465.177148022, 88.2813675258, 557.071185815, 262.327018174
0.0581034802813, 0.17635777501, 0.483741904713, 0.304389759008, 0.108716440085, 0.0345370001537, 0.874251419562, 0.0544497948602, 0.836230806264, 0.882471577662, 0.880563940082, 0.588466718699, 0.20980965519, 0.3673770283, 0.497592747017, 0.701980250314, 0.400865985922, 89.3428824363, 446.412981089, 24.7226835762, 78.6266903125, 239.772990959, 495.146844121, 204.388067694, 68.3975126133
0.000227846501758, 0.275421483416, 0.551953323437, 0.183746858989, 0.404808096985, 0.122320931195, 0.0391923762234, 0.931732392685, 0.669619396755, 0.936233939714, 0.314138148317, 0.885715442965, 0.901508432147, 0.0400897676763, 0.311430248961, 0.309801831204, 0.269241939729, 436.591560739, 26.9119990135, 85.096264545, 328.933002301, 164.455926482, 680.702293648, 412.325163379, 0.351979802324
0.0244103988729, 0.459736450276, 0.0525337575001, 0.00540149326441, 0.315872064847, 0.0349466353273, 0.488099734509, 0.536814775181, 0.254918168105, 0.424159531455, 0.0132793171979, 0.976581097646, 0.11904475505, 0.535803213803, 0.779496098296, 0.28072368863, 0.269241939729, 550.899766946, 530.679564683, 42.0320955553, 414.710084142, 7.39138262989, 72.0514741247, 770.009020087, 44.689056001
0.00317528294991, 0.316446762891, 0.207496307506, 0.304389759008, 0.0543917070332, 0.82917151072, 0.197358867769, 0.467559372284, 0.988201493468, 0.936233939714, 0.0650710026691, 0.992714743183, 0.47587677122, 0.900834280364, 0.311430248961, 0.634956252717, 0.52935881282, 189.441953766, 60.6856793215, 723.445589921, 64.2604718801, 390.258413263, 286.668456836, 485.705545833, 5.08033650028
0.0263586431296, 0.0742810078859, 0.931227001778, 0.0462084807973, 0.636389708405, 0.94521073879, 0.231574037278, 0.407505198905, 0.65889381766, 0.424159531455, 0.0575015366593, 0.996054345261, 0.656469994961, 0.900834280364, 0.726955151384, 0.28072368863, 0.269241939729, 4.95851836776, 1.88769150819, 61.4967217242, 96.0548940581, 8.30206940103, 1055.58771554, 124.453819532, 44.2881607501
0.00317528294991, 0.316446762891, 0.207496307506, 0.304389759008, 0.877885741128, 0.264370719698, 0.197358867769, 0.467559372284, 0.988201493468, 0.936233939714, 0.075709220881, 0.992714743183, 0.472754314585, 0.900834280364, 0.311430248961, 0.736790851934, 0.862551728804, 128.17029395, 41.0579663192, 59.3408645856, 757.385081183, 399.841889653, 293.708101069, 497.632893132, 5.20509302891
0.00356623462329, 0.00492030045794, 0.483741904713, 0.489711513424, 0.689772617297, 0.401321257198, 0.0147065142044, 0.328493623703, 0.928673630618, 0.673455013724, 0.880563940082, 0.616086007685, 0.387197860766, 0.561288541434, 0.457762234652, 0.863260244117, 0.00355308700947, 219.072422323, 5.06167897947, 159.903818099, 511.898242442, 560.90444826, 766.20578392, 8.59725576649, 6.23141968626
0.000976074458729, 0.033768149447, 0.377722242084, 0.163046880839, 0.231704832946, 0.991815269719, 0.876941612587, 0.536814775181, 0.0183821897991, 0.755191431042, 0.90009556951, 0.297307099577, 0.47587677122, 0.583288465432, 0.657689200434, 0.634956252717, 0.271053695445, 2.0351298762, 10.3969096516, 823.987802057, 313.909209587, 230.917196655, 614.7349435, 58.3736878047, 1.68809478902
0.00537712188556, 0.217942007468, 0.83413894527, 0.440047478085, 0.576888204657, 0.995173371278, 0.0559766053196, 0.678257281486, 0.721299691097, 0.984934404239, 0.776686159329, 0.189717645756, 0.387139186312, 0.233989423615, 0.550890028666, 0.236050557677, 0.0162396267653, 0.864328820883, 0.0761950351393, 114.442649264, 146.062966105, 153.531334553, 903.400174648, 333.193375806, 8.38363017082
0.168241722209, 0.0699179385169, 0.447919591623, 0.696247808754, 0.471554662083, 0.476905012009, 0.264117235831, 0.555611702947, 0.588115060742, 0.921630214578, 0.794327389069, 0.736016569907, 0.763311880451, 0.0152208739531, 0.230610759081, 0.127986669059, 0.221649251257, 183.544952247, 80.8403056777, 186.510881364, 250.436886127, 717.869408574, 685.649029899, 116.864938212, 288.523544475
0.0728393956661, 0.053782546683, 0.0525337575001, 0.0462084807973, 0.226207122566, 0.89129402515, 0.933638425532, 0.530162889875, 0.760371358256, 0.213675115722, 0.0288258754064, 0.66769760907, 0.110963526222, 0.991681776302, 0.294273957145, 0.28072368863, 0.269241939729, 15.5227032525, 148.37262124, 865.155961293, 325.775755124, 68.0887392268, 77.6534626731, 79.7795628978, 108.651136295
0.00356623462329, 0.150449669154, 0.310626208866, 0.38961045398, 0.42979238848, 0.401321257198, 0.261699187072, 0.536814775181, 0.00326847725976, 0.417623966818, 0.075709220881, 0.616086007685, 0.763311880451, 0.410900576546, 0.411012159009, 0.859601070148, 0.862551728804, 411.687191599, 179.459061652, 327.717368362, 445.109665394, 499.884058502, 461.797704155, 237.229362808, 5.67599183255
0.00356623462329, 0.275421483416, 0.442542237895, 0.527515377823, 0.513459559296, 0.00312193694947, 0.0752593280435, 0.536814775181, 0.973367066851, 0.921630214578, 0.966003801088, 0.970114560775, 0.418147197986, 0.290997048706, 0.379821330086, 0.453507263745, 0.0622610096398, 409.607377584, 48.6494276783, 2.02281909333, 430.312695618, 649.975255967, 735.540852069, 530.338557374, 7.0860331151
