0.000227846501758, 0.123849424426, 0.551953323437, 0.69504153558, 0.404808096985, 0.264370719698, 0.416337523448, 0.407505198905, 0.890360208673, 0.51362182823, 0.880563940082, 0.910864593033, 0.0119317425744, 0.211115892175, 0.497592747017, 0.65469995519, 0.0622610096398, 114.951970003, 88.1113611448, 63.860405599, 116.841066297, 378.805566834, 502.893875683, 129.968441258, 0.240618602086
0.998182491552, 0.00492030045794, 0.0052782916824, 0.885072722103, 0.610559266992, 0.0345370001537, 0.740335679809, 0.561081385954, 0.645892185143, 0.139650778455, 0.926376549903, 0.109612944342, 0.0119317425744, 0.900834280364, 0.497592747017, 0.376142680764, 0.839744199628, 0.126275044253, 0.29222706675, 0.0172872405916, 0.454471302078, 3.0416460871, 0.0256358384784, 0.0238978806392, 1083.06548338
0.992251548075, 0.663974690123, 0.992191697111, 0.885072722103, 0.992096856365, 0.00377400122019, 0.740335679809, 0.530162889875, 0.0221622865763, 0.136545489098, 0.00503517570974, 0.999572470788, 0.752081430376, 0.207536187126, 0.41247498088, 0.780175716158, 0.321466640168, 5.87695337816e-05, 0.000136005087727, 8.78327639615e-07, 0.0119342496086, 0.065393031887, 5.41936994068, 9.29632502191, 884.076513352
0.997537937087, 0.996744048901, 0.0052782916824, 0.000600715315049, 0.147085985007, 0.0345370001537, 0.972591871157, 0.530162889875, 0.498980214277, 0.0880763706028, 0.920932829947, 0.89375822186, 0.285367743984, 0.982151495431, 0.0897846445468, 0.376142680764, 0.782548886011, 0.000504427410802, 0.0117093010682, 0.000636450201942, 0.00276114678077, 1.13777854294e-05, 9.99752357931e-05, 2.35766780236, 609.631085836
0.0728393956661, 0.119589617125, 0.0525337575001, 0.0462084807973, 0.013988880104, 0.0689704674692, 0.236345076931, 0.687903400971, 0.765417069144, 0.424159531455, 0.205786728915, 0.66769760907, 0.11904475505, 0.991681776302, 0.34801968711, 0.28072368863, 0.0622610096398, 926.25199382, 360.59164506, 108.108174541, 21.973443513, 72.7169139802, 82.9317774067, 191.258139555, 117.693085828
0.011894945578, 0.158314636262, 0.191426283481, 0.00368267662794, 0.180229156787, 0.043172935192, 0.972591871157, 0.33030059669, 0.0221622865763, 0.75538134371, 0.682141734766, 0.0425282156262, 0.285367743984, 0.900834280364, 0.0421096998261, 0.0397265049459, 0.782548886011, 47.5142419797, 1102.95069708, 74.9819365766, 321.904904919, 6.66634551018, 357.355578696, 306.385622298, 23.2619349341
0.000976074458729, 0.033768149447, 0.882154871414, 0.163046880839, 0.513459559296, 0.991815269719, 0.876941612587, 0.536814775181, 0.253457215388, 0.755191431042, 0.90009556951, 0.297307099577, 0.47587677122, 0.583288465432, 0.657689200434, 0.548472222422, 0.0867060503886, 0.359025295691, 1.83415987629, 145.362941078, 151.655782416, 55.0122777748, 1159.72086936, 62.6428961693, 1.81155500996
0.0318424321581, 0.936829482849, 0.04213327779, 0.00790480998871, 0.0814785339422, 0.51551815299, 0.972591871157, 0.344600600949, 0.736831032509, 0.75538134371, 0.477636985487, 0.8483903481, 0.583215176817, 0.720623676293, 0.0423537755777, 0.376142680764, 0.0867060503886, 3.92357711621, 91.0782101336, 95.7189867142, 17.0107808521, 1.65493562351, 8.83406963655, 1341.74446125, 67.4993976353
0.0373735711631, 0.265410857061, 0.191426283481, 0.936704680246, 0.66959878691, 0.679953648926, 0.998319376902, 0.344600600949, 0.021980245935, 0.75538134371, 0.682141734766, 0.0425282156262, 0.583215176817, 0.720623676293, 0.0423537755777, 0.764772297176, 0.0675860800307, 0.0787186045009, 29.8185260765, 54.2305333896, 108.34217662, 1250.81304007, 389.795001174, 582.844328025, 84.596495333
0.886597627207, 0.981436535155, 0.992191697111, 0.599054592327, 0.00771027515358, 0.987865114173, 0.00346991034038, 0.33030059669, 0.0938342853606, 0.246605742714, 0.399852740675, 0.332214138238, 0.0107531715073, 0.211115892175, 0.126577367671, 0.542093232974, 0.676269177631, 0.000709103897792, 3.86502496527e-06, 0.0371970200686, 0.0004506071108, 0.0510507636596, 5.1500993142, 176.581922531, 981.207886762
0.886597627207, 0.981436535155, 0.992191697111, 0.885072722103, 0.00771027515358, 0.0223619850649, 0.00346991034038, 0.33030059669, 0.0938342853606, 0.730009731718, 0.399852740675, 0.332214138238, 0.315158803169, 0.995911841513, 0.725410806524, 0.851681821132, 0.0318589843769, 0.0113778608006, 6.2015899479e-05, 0.000399830542444, 0.000137894212021, 0.0623835077991, 5.16995920215, 177.262860311, 984.991634899
0.886597627207, 0.893100139451, 0.882154871414, 0.999857959964, 0.643050556456, 0.856283645326, 0.989788043797, 0.291673359534, 0.98941006711, 0.991826415186, 0.28021165103, 0.875847672253, 0.651791823203, 0.915691824211, 0.885685675527, 0.587742886412, 0.870068603768, 1.79284973856e-06, 0.000111757793821, 0.000486677220161, 0.00079524291161, 4.20866442591, 22.4756491303, 134.89316816, 759.926958036
0.998009426003, 0.162877207829, 0.0052782916824, 0.885072722103, 0.2165072521, 0.0473843868857, 0.740335679809, 0.530162889875, 0.645892185143, 0.536734567296, 0.861353026465, 0.229506841555, 0.768065514113, 0.900834280364, 0.457762234652, 0.376142680764, 0.839744199628, 0.296314376231, 0.685733919275, 0.0557042337857, 0.265055682884, 4.35363462837, 0.0366936424984, 1.15767364095, 1463.03493625
0.174403650293, 0.159778286053, 0.207496307506, 0.000600715315049, 0.95292799497, 0.89129402515, 0.382879075307, 0.000780416177287, 0.0742123763893, 0.763250545578, 0.0312172240254, 0.746209428509, 0.875914522648, 0.998103915918, 0.206462258753, 0.453507263745, 0.76259340543, 11.0851088971, 7.60694402282, 77.9668951178, 1068.06484639, 1.01058908362, 361.982982091, 289.846214932, 327.969484098
0.00822428681387, 0.00492030045794, 0.0973736494231, 0.0177962014716, 0.358066206262, 0.842515162826, 0.740335679809, 0.191449520321, 0.350470279414, 0.75538134371, 0.783514309189, 0.150787594151, 0.11904475505, 0.995911841513, 0.262610341957, 0.376142680764, 0.864754140015, 101.145136755, 234.071164298, 1009.66211901, 656.440474964, 34.4204865395, 189.842341698, 9.63045073691, 16.0983632424
0.308314917358, 0.893100139451, 0.00586740970557, 0.012862608662, 0.161582986005, 0.89129402515, 0.989788043797, 0.799428213315, 0.645892185143, 0.0644105433362, 0.783514309189, 0.96988105253, 0.425568580755, 0.488551393112, 0.457762234652, 0.0397265049459, 0.780911581988, 0.464420343647, 28.949773032, 167.910497786, 44.2002299238, 3.55705104609, 1.62274134559, 1038.6834746, 554.234826045
0.998009426003, 0.162877207829, 0.0052782916824, 0.885072722103, 0.2165072521, 0.103580435115, 0.740335679809, 0.530162889875, 0.645892185143, 0.536734567296, 0.861353026465, 0.229506841555, 0.0119317425744, 0.900834280364, 0.457762234652, 0.376142680764, 0.839744199628, 0.273420011482, 0.632751533916, 0.113151768747, 0.247163628335, 4.05975121712, 0.0342167114398, 1.07952719373, 1364.2756846
0.0341930667806, 0.00492030045794, 0.23824620556, 0.335817913844, 0.98249812857, 0.836061721743, 0.470672846498, 0.00896912917684, 0.151709972451, 0.883174107477, 0.133376065191, 0.967263459175, 0.642048911703, 0.995911841513, 0.21954199267, 0.314546147192, 0.880534039983, 4.42263047947, 4.03283681949, 22.7264791581, 854.633921028, 498.068652375, 388.60380129, 8.21611354393, 57.1524807342
0.0852111657722, 0.0742810078859, 0.0437879456552, 0.000801024105796, 0.212777450633, 0.0345370001537, 0.231574037278, 0.883142036924, 0.814704648745, 0.424159531455, 0.314138148317, 0.991318078812, 0.727512831363, 0.992076438922, 0.0617337657531, 0.28072368863, 0.0570589864916, 797.063021777, 303.43925062, 46.3140719663, 296.601866488, 1.13765410115, 62.2880835599, 106.230159897, 122.87312161
0.00822428681387, 0.00492030045794, 0.207496307506, 0.261878599801, 0.404808096985, 0.842515162826, 0.175342150502, 0.191449520321, 0.350470279414, 0.300717744522, 0.783514309189, 0.425253979956, 0.530601101562, 0.812738710314, 0.457762234652, 0.131297443262, 0.780911581988, 160.817879758, 45.4486531893, 661.718752126, 503.780868184, 370.063369077, 312.806906126, 7.55062784408, 12.6217093117
0.499563364056, 0.00171648474705, 0.207496307506, 0.261878599801, 0.404808096985, 0.418888841181, 0.175342150502, 0.191449520321, 0.350470279414, 0.921630214578, 0.783514309189, 0.425253979956, 0.530601101562, 0.812738710314, 0.558402751211, 0.131297443262, 0.780911581988, 401.953827861, 113.595951819, 322.833004324, 389.676650366, 286.245594448, 241.957476135, 2.03744788001, 754.625492875
0.0244103988729, 0.459736450276, 0.0525337575001, 0.0532560460847, 0.315872064847, 0.0349466353273, 0.488099734509, 0.344600600949, 0.393345797049, 0.424159531455, 0.0132793171979, 0.976581097646, 0.11904475505, 0.535803213803, 0.779496098296, 0.28072368863, 0.269241939729, 472.44816725, 455.107449258, 36.0464601771, 355.65275382, 62.6421498967, 62.0054984403, 662.648386783, 38.458161
0.00317528294991, 0.316446762891, 0.0459722867105, 0.304389759008, 0.161582986005, 0.591315052207, 0.197358867769, 0.931732392685, 0.988201493468, 0.936233939714, 0.075709220881, 0.992714743183, 0.47587677122, 0.3673770283, 0.862391959402, 0.634956252717, 0.862551728804, 564.310997587, 180.770919833, 792.617918008, 256.718549803, 529.843017772, 83.2999221009, 626.34368312, 6.55136986261
0.00317528294991, 0.316446762891, 0.0459722867105, 0.304389759008, 0.161582986005, 0.264370719698, 0.197358867769, 0.931732392685, 0.988201493468, 0.936233939714, 0.075709220881, 0.992714743183, 0.47587677122, 0.3673770283, 0.311430248961, 0.634956252717, 0.862551728804, 759.890535979, 243.422707954, 351.817570249, 226.216114562, 466.888851236, 73.402505333, 551.923631871, 5.77295811509
0.0728393956661, 0.130106049923, 0.0525337575001, 0.0462084807973, 0.013988880104, 0.0689704674692, 0.853416379406, 0.687903400971, 0.765417069144, 0.424159531455, 0.205786728915, 0.66769760907, 0.11904475505, 0.991681776302, 0.294273957145, 0.28072368863, 0.0622610096398, 184.233394494, 785.944237207, 87.7999262324, 17.8457061893, 59.0569557799, 67.3529450438, 169.361487214, 95.8985084049
0.168241722209, 0.00357825771119, 0.191426283481, 0.696247808754, 0.476829206218, 0.476905012009, 0.972591871157, 0.555611702947, 0.629348562579, 0.942366080802, 0.956714204009, 0.736016569907, 0.763311880451, 0.0152208739531, 0.190438699261, 0.127986669059, 0.221649251257, 13.6802318219, 317.559969294, 295.590468204, 403.556932258, 1146.43501979, 400.199093849, 7.59477746204, 365.643569929
0.174403650293, 0.0742810078859, 0.0437879456552, 0.000801024105796, 0.212777450633, 0.0345370001537, 0.231574037278, 0.407505198905, 0.4779976473, 0.424159531455, 0.314138148317, 0.991318078812, 0.727512831363, 0.992076438922, 0.157982065538, 0.28072368863, 0.269241939729, 702.49727167, 267.438382981, 40.8192430302, 261.412204916, 1.00267968821, 54.8980539341, 93.6267214229, 226.007293444
0.0341930667806, 0.070634198474, 0.0525337575001, 0.0462084807973, 0.310860194735, 0.395373739013, 0.933638425532, 0.065768908945, 0.517796142767, 0.940914435758, 0.135145150597, 0.875847672253, 0.11904475505, 0.915691824211, 0.294273957145, 0.587742886412, 0.113874476564, 69.7665577245, 666.858528189, 479.739891507, 437.951187392, 67.8802903829, 77.415732107, 104.637179107, 50.8063941147
0.00537712188556, 0.217942007468, 0.83413894527, 0.163046880839, 0.231704832946, 0.995173371278, 0.0559766053196, 0.536814775181, 0.458940305463, 0.984934404239, 0.776686159329, 0.189717645756, 0.387139186312, 0.583288465432, 0.550890028666, 0.236050557677, 0.0162396267653, 1.77379105177, 0.156368812718, 234.861249909, 89.4687214671, 65.8147824867, 974.540876037, 359.431593507, 9.04382190785
0.000976074458729, 0.217942007468, 0.377722242084, 0.708447265988, 0.513459559296, 0.793242735609, 0.876941612587, 0.536814775181, 0.253457215388, 0.755191431042, 0.90009556951, 0.297307099577, 0.47587677122, 0.870508375498, 0.657689200434, 0.634956252717, 0.271053695445, 19.2246893032, 98.2135637159, 297.234144961, 327.179927897, 919.458431351, 691.303358924, 440.625921125, 2.01246750041
0.0244103988729, 0.459736450276, 0.0525337575001, 0.394165038192, 0.315872064847, 0.0349466353273, 0.412869162213, 0.536814775181, 0.254918168105, 0.424159531455, 0.0132793171979, 0.976581097646, 0.11904475505, 0.535803213803, 0.657689200434, 0.28072368863, 0.0876720446985, 503.255138149, 381.413422257, 34.6982630339, 342.350753448, 512.475373667, 73.0351627087, 780.521630576, 45.2991769563
0.174403650293, 0.444016728475, 0.496090878935, 0.841732270261, 0.98249812857, 0.836061721743, 0.71007158636, 0.00896912917684, 0.413015228707, 0.75538134371, 0.133376065191, 0.967263459175, 0.912280619203, 0.995911841513, 0.668032277717, 0.453507263745, 0.52935881282, 0.457142457969, 0.933409509742, 3.94645526652, 148.407261641, 584.828487822, 596.013715383, 710.682042905, 310.949767144
0.0373735711631, 0.158314636262, 0.191426283481, 0.222057674575, 0.180229156787, 0.043172935192, 0.972591871157, 0.33030059669, 0.0221622865763, 0.75538134371, 0.682141734766, 0.0425282156262, 0.285367743984, 0.720623676293, 0.0421096998261, 0.376142680764, 0.782548886011, 42.966251473, 997.377944769, 67.8047803911, 291.092660197, 378.982944562, 343.85100979, 294.807222533, 70.3990004146
0.00537712188556, 0.217942007468, 0.83413894527, 0.440047478085, 0.576888204657, 0.995173371278, 0.0559766053196, 0.678257281486, 0.721299691097, 0.984934404239, 0.776686159329, 0.189717645756, 0.387139186312, 0.233989423615, 0.550890028666, 0.236050557677, 0.0162396267653, 0.864328820883, 0.0761950351393, 114.442649264, 146.062966105, 153.531334553, 903.400174648, 333.193375806, 8.38363017082
0.00822428681387, 0.304702164685, 0.0973736494231, 0.0177962014716, 0.358066206262, 0.842515162826, 0.740335679809, 0.191449520321, 0.350470279414, 0.75538134371, 0.783514309189, 0.150787594151, 0.11904475505, 0.995911841513, 0.262610341957, 0.376142680764, 0.864754140015, 89.7820392768, 207.774561791, 896.232156418, 582.693013196, 30.553534985, 168.514603129, 573.884981215, 16.0983632424
0.168241722209, 0.029789168548, 0.0709858079518, 0.401737942023, 0.0755147820259, 0.0152404333326, 0.488099734509, 0.391871977132, 0.764896821507, 0.112309048822, 0.116056877123, 0.532922491916, 0.156179942306, 0.936764845684, 0.183032231748, 0.376142680764, 0.489934669696, 553.287092476, 532.979265915, 18.3948979105, 91.5834760242, 565.504770298, 107.321554114, 45.1638811716, 261.278448284
0.119460773894, 0.0699179385169, 0.779553547121, 0.00790480998871, 0.471554662083, 0.476905012009, 0.884611557969, 0.965884375899, 0.588115060742, 0.980075971475, 0.794327389069, 0.508747477334, 0.763311880451, 0.0152208739531, 0.408306140756, 0.127986669059, 0.248497002745, 29.6365040606, 161.715686159, 152.892921193, 205.296478223, 3.77771589016, 843.228182319, 98.8507250225, 171.249671642
0.00537712188556, 0.608813627561, 0.0459722867105, 0.440047478085, 0.576888204657, 0.995173371278, 0.0536198634187, 0.678257281486, 0.0107871043632, 0.999456177614, 0.749091621423, 0.514105957804, 0.387139186312, 0.233989423615, 0.550890028666, 0.338351894105, 0.0162396267653, 2.14416819449, 0.181022723658, 283.810870305, 362.227349649, 380.748453123, 43.2058355107, 848.683389231, 8.77329912541
0.350084943808, 0.17635777501, 0.0149211513043, 0.304389759008, 0.108716440085, 0.309858486833, 0.874251419562, 0.0544497948602, 0.869475861133, 0.806220094278, 0.638964762477, 0.519568603822, 0.4237614976, 0.652270036039, 0.497592747017, 0.701980250314, 0.400865985922, 115.486990303, 577.045313657, 311.421075553, 114.819455864, 350.143243259, 17.8391050831, 216.430202493, 485.089365256
0.00317528294991, 0.316446762891, 0.207496307506, 0.304389759008, 0.0543917070332, 0.82917151072, 0.197358867769, 0.467559372284, 0.988201493468, 0.936233939714, 0.0650710026691, 0.992714743183, 0.47587677122, 0.900834280364, 0.311430248961, 0.634956252717, 0.52935881282, 189.441953766, 60.6856793215, 723.445589921, 64.2604718801, 390.258413263, 286.668456836, 485.705545833, 5.08033650028
0.00356623462329, 0.459736450276, 0.442542237895, 0.261878599801, 0.231704832946, 0.510198907865, 0.0752593280435, 0.536814775181, 0.587840376313, 0.963882422357, 0.966003801088, 0.970114560775, 0.311928591107, 0.290997048706, 0.379821330086, 0.0269469303484, 0.0622610096398, 394.903617937, 46.903049242, 410.629768821, 217.753691841, 266.853967212, 556.606908934, 765.509484922, 6.48757827141
0.00356623462329, 0.217942007468, 0.265138386991, 0.913265498492, 0.513459559296, 0.401321257198, 0.00449927332369, 0.536814775181, 0.904989940853, 0.984934404239, 0.749091621423, 0.992714743183, 0.387197860766, 0.561288541434, 0.883968271159, 0.110436979517, 0.258590922096, 64.9260982911, 0.458869074616, 47.3789446718, 83.8490569808, 847.251010381, 378.291429798, 333.249347431, 5.56108210416
0.308314917358, 0.316446762891, 0.00110656719989, 0.222057674575, 0.913066142452, 0.89129402515, 0.740335679809, 0.130189463414, 0.39355351581, 0.51362182823, 0.783514309189, 0.96988105253, 0.47587677122, 0.941530250195, 0.457762234652, 0.533185306634, 0.780911581988, 7.4510692193, 17.2433445975, 108.936322572, 804.47956508, 295.320355723, 1.50192532681, 468.767462193, 517.165789296
0.011894945578, 0.158314636262, 0.191426283481, 0.012862608662, 0.180229156787, 0.0960747655411, 0.972591871157, 0.33030059669, 0.308376389187, 0.75538134371, 0.682141734766, 0.0425282156262, 0.285367743984, 0.720623676293, 0.0421096998261, 0.0397265049459, 0.782548886011, 46.0761751631, 1069.56877343, 162.800296216, 315.025130583, 22.788993989, 349.783691249, 299.893720154, 22.7690456003
0.000976074458729, 0.033768149447, 0.377722242084, 0.0658922060095, 0.576888204657, 0.991815269719, 0.876941612587, 0.678257281486, 0.0183821897991, 0.755191431042, 0.90009556951, 0.297307099577, 0.47587677122, 0.233989423615, 0.657689200434, 0.634956252717, 0.271053695445, 1.41211941193, 7.21412334163, 571.741972876, 729.752682467, 96.300165661, 628.571269113, 59.6875505682, 1.72609007367
0.00356623462329, 0.00357825771119, 0.318678224055, 0.489711513424, 0.689772617297, 0.401321257198, 0.0147065142044, 0.328493623703, 0.928673630618, 0.984934404239, 0.00920431927656, 0.616086007685, 0.228626964762, 0.561288541434, 0.457762234652, 0.863260244117, 0.00355308700947, 267.632137184, 6.18365355459, 195.348187269, 625.365891299, 685.234839929, 538.912153244, 6.31150946917, 6.29040146675
0.00175671619809, 0.275421483416, 0.61167480882, 0.304389759008, 0.161582986005, 0.00435065589296, 0.130187381945, 0.588202439717, 0.669619396755, 0.936233939714, 0.22308549559, 0.508747477334, 0.47587677122, 0.3673770283, 0.311430248961, 0.127986669059, 0.390580351779, 384.989853238, 79.8457502631, 2.6870492512, 101.997293702, 210.512851295, 654.630321184, 368.8291956, 2.42752392717
0.00317528294991, 0.316446762891, 0.207496307506, 0.304389759008, 0.161582986005, 0.264370719698, 0.197358867769, 0.467559372284, 0.988201493468, 0.936233939714, 0.075709220881, 0.992714743183, 0.47587677122, 0.900834280364, 0.311430248961, 0.634956252717, 0.862551728804, 630.621765947, 202.012856712, 291.96812822, 187.733362763, 387.464059528, 284.615834661, 482.227765317, 5.04395994364
0.0728393956661, 0.00492030045794, 0.23824620556, 0.0382393756309, 0.501595335257, 0.836061721743, 0.559526311513, 0.00896912917684, 0.979304133293, 0.498729493863, 0.133376065191, 0.73140016075, 0.875914522648, 0.996306258067, 0.234846167423, 0.376142680764, 0.52935881282, 102.346791911, 123.528761413, 609.121694196, 633.056512264, 53.7063079104, 351.371249678, 7.42891879554, 110.460135023
0.000976074458729, 0.389719861612, 0.377722242084, 0.708447265988, 0.513459559296, 0.793242735609, 0.98370024337, 0.536814775181, 0.253457215388, 0.755191431042, 0.90009556951, 0.297307099577, 0.47587677122, 0.870508375498, 0.657689200434, 0.634956252717, 0.271053695445, 2.22596977019, 86.9207271336, 258.242818306, 284.260298171, 798.843405621, 600.6178319, 754.267640539, 2.01246750041
0.0244103988729, 0.459736450276, 0.0525337575001, 0.0462084807973, 0.021647687084, 0.51551815299, 0.488099734509, 0.407505198905, 0.254918168105, 0.424159531455, 0.0132793171979, 0.976581097646, 0.11904475505, 0.688436636234, 0.779496098296, 0.28072368863, 0.269241939729, 323.988579051, 312.096915644, 472.342874304, 22.1890564095, 47.4565700612, 54.1230023303, 578.408707036, 33.5691380567
0.00537712188556, 0.969940176017, 0.0305472595855, 0.440047478085, 0.240095720301, 0.995173371278, 0.0536198634187, 0.678257281486, 0.0107871043632, 0.999456177614, 0.749091621423, 0.514105957804, 0.919808671076, 0.305071344786, 0.550890028666, 0.338351894105, 0.0162396267653, 0.239905931891, 0.0202542064211, 31.7549301852, 12.5785511587, 28.260847873, 2.12884114432, 939.265898492, 7.94242195896
0.011894945578, 0.158314636262, 0.395790668179, 0.012862608662, 0.161582986005, 0.0960747655411, 0.972591871157, 0.639602740454, 0.308376389187, 0.75538134371, 0.682141734766, 0.640625929096, 0.285367743984, 0.720623676293, 0.0421096998261, 0.0397265049459, 0.782548886011, 40.2062711437, 933.310370474, 142.060247595, 245.11922415, 19.7261777638, 699.572524571, 305.01345159, 23.1577546352
0.00841432567956, 0.00492030045794, 0.0459722867105, 0.69504153558, 0.161582986005, 0.115158820697, 0.197358867769, 0.931732392685, 0.988201493468, 0.0779390184856, 0.0660616411206, 0.992714743183, 0.425568580755, 0.442096180241, 0.381609021975, 0.634956252717, 0.852371874122, 517.679932874, 165.833162998, 99.4178188671, 143.351569991, 1099.20445073, 89.6003215779, 9.59823223151, 16.4152900794
0.0341930667806, 0.070634198474, 0.0525337575001, 0.0462084807973, 0.310860194735, 0.92687554749, 0.933638425532, 0.065768908945, 0.550242772866, 0.914687314645, 0.135145150597, 0.66769760907, 0.11904475505, 0.915691824211, 0.294273957145, 0.634956252717, 0.113874476564, 11.5657609247, 110.55047804, 963.443093779, 515.179611648, 79.8503181285, 91.067242082, 123.088925999, 59.7656066309
0.00356623462329, 0.459736450276, 0.442542237895, 0.527515377823, 0.231704832946, 0.351926886223, 0.0752593280435, 0.600960542284, 0.0221622865763, 0.424159531455, 0.205786728915, 0.970114560775, 0.418147197986, 0.290997048706, 0.379821330086, 0.453507263745, 0.0622610096398, 279.707165226, 33.2210654653, 173.784390484, 126.076818212, 386.188618405, 437.028183509, 601.051144505, 5.09381845934
0.0341930667806, 0.00492030045794, 0.23824620556, 0.316222981953, 0.576888204657, 0.264370719698, 0.559526311513, 0.191449520321, 0.968371526133, 0.883174107477, 0.133376065191, 0.616086007685, 0.385071853893, 0.995973964095, 0.21954199267, 0.534116453974, 0.862551728804, 278.479927509, 336.114888227, 192.45503789, 608.822613673, 419.252548435, 345.52632839, 7.30534167974, 50.8170191874
0.000227846501758, 0.275421483416, 0.203099232407, 0.183746858989, 0.404808096985, 0.122320931195, 0.0391923762234, 0.931732392685, 0.669619396755, 0.424159531455, 0.314138148317, 0.976581097646, 0.901508432147, 0.0400897676763, 0.311430248961, 0.309801831204, 0.269241939729, 622.179549631, 38.3518531544, 121.26930594, 468.757084731, 234.363472577, 271.968904631, 400.447817217, 0.341840751096
0.00356623462329, 0.341137971028, 0.310626208866, 0.38961045398, 0.42979238848, 0.401321257198, 0.261699187072, 0.536814775181, 0.00197239221726, 0.417623966818, 0.075709220881, 0.616086007685, 0.763311880451, 0.410900576546, 0.411012159009, 0.859601070148, 0.862551728804, 363.668406962, 158.527135159, 289.492740406, 393.19251665, 441.578079015, 407.934079165, 516.7179586, 5.6692390866
0.0263586431296, 0.0742810078859, 0.931227001778, 0.0462084807973, 0.636389708405, 0.94521073879, 0.231574037278, 0.407505198905, 0.65889381766, 0.424159531455, 0.0575015366593, 0.996054345261, 0.656469994961, 0.900834280364, 0.726955151384, 0.28072368863, 0.269241939729, 4.95851836776, 1.88769150819, 61.4967217242, 96.0548940581, 8.30206940103, 1055.58771554, 124.453819532, 44.2881607501
0.0728393956661, 0.106223623407, 0.23824620556, 0.0382393756309, 0.501595335257, 0.836061721743, 0.559526311513, 0.00896912917684, 0.902887829567, 0.498729493863, 0.133376065191, 0.73140016075, 0.875914522648, 0.996306258067, 0.234846167423, 0.376142680764, 0.52935881282, 92.7517329631, 111.947883054, 552.016254417, 573.707172251, 48.6713167725, 318.430032956, 146.707058634, 101.511259409
0.00356623462329, 0.00492030045794, 0.483741904713, 0.489711513424, 0.689772617297, 0.401321257198, 0.0147065142044, 0.328493623703, 0.928673630618, 0.673455013724, 0.880563940082, 0.616086007685, 0.387197860766, 0.561288541434, 0.457762234652, 0.863260244117, 0.00355308700947, 219.072422323, 5.06167897947, 159.903818099, 511.898242442, 560.90444826, 766.20578392, 8.59725576649, 6.23141968626
0.168241722209, 0.0699179385169, 0.447919591623, 0.696247808754, 0.471554662083, 0.476905012009, 0.264117235831, 0.555611702947, 0.588115060742, 0.921630214578, 0.794327389069, 0.736016569907, 0.763311880451, 0.0152208739531, 0.230610759081, 0.127986669059, 0.221649251257, 183.544952247, 80.8403056777, 186.510881364, 250.436886127, 717.869408574, 685.649029899, 116.864938212, 288.523544475
0.000976074458729, 0.389719861612, 0.961144856251, 0.708447265988, 0.513459559296, 0.793242735609, 0.98370024337, 0.536814775181, 0.253457215388, 0.755191431042, 0.90009556951, 0.297307099577, 0.47587677122, 0.870508375498, 0.657689200434, 0.634956252717, 0.271053695445, 0.163763921428, 6.3947315545, 18.9988458841, 20.9129439934, 58.7706672676, 1072.2186282, 754.267640539, 2.01246750041
0.00356623462329, 0.00492030045794, 0.483741904713, 0.325285005299, 0.689772617297, 0.401321257198, 0.197358867769, 0.328493623703, 0.928673630618, 0.673455013724, 0.880563940082, 0.616086007685, 0.472754314585, 0.561288541434, 0.457762234652, 0.863260244117, 0.00355308700947, 272.096804119, 87.163265955, 208.49279506, 667.445572109, 423.473017652, 822.838485937, 9.23270623452, 6.6920036986
0.0341930667806, 0.159778286053, 0.23824620556, 0.335817913844, 0.98249812857, 0.836061721743, 0.470672846498, 0.00896912917684, 0.151709972451, 0.883174107477, 0.133376065191, 0.967263459175, 0.642048911703, 0.995911841513, 0.21954199267, 0.314546147192, 0.880534039983, 4.28419615303, 3.90660356276, 22.0151095673, 827.882721316, 482.478428699, 376.439975772, 264.01455628, 57.1524807342
0.0373735711631, 0.00171648474705, 0.207496307506, 0.261878599801, 0.404808096985, 0.418888841181, 0.175342150502, 0.191449520321, 0.350470279414, 0.921630214578, 0.783514309189, 0.425253979956, 0.530601101562, 0.812738710314, 0.666615711807, 0.131297443262, 0.780911581988, 549.200600846, 155.209281933, 441.095637504, 532.425954631, 391.105250315, 330.593172802, 2.78382123103, 60.6828320847
0.499563364056, 0.0235609880322, 0.775655507036, 0.0208360044607, 0.689772617297, 0.866511029532, 0.886616338584, 0.890322808758, 0.492159383484, 0.689144658046, 0.075709220881, 0.630290034031, 0.530601101562, 0.189695110769, 0.171713318026, 0.587742886412, 0.351607513995, 3.56448329758, 19.8015832531, 94.5427794753, 182.401303586, 6.75868841245, 561.633273797, 22.1568707366, 597.996248388
0.308314917358, 0.316446762891, 0.0459722867105, 0.69504153558, 0.161582986005, 0.115158820697, 0.197358867769, 0.931732392685, 0.988201493468, 0.51362182823, 0.075709220881, 0.992714743183, 0.47587677122, 0.442096180241, 0.381609021975, 0.634956252717, 0.852371874122, 359.589323813, 115.190547598, 69.0573151308, 99.5744490895, 763.526186877, 62.2379138221, 467.975517742, 516.292079812
0.00356623462329, 0.150449669154, 0.310626208866, 0.38961045398, 0.42979238848, 0.401321257198, 0.261699187072, 0.536814775181, 0.00326847725976, 0.417623966818, 0.075709220881, 0.616086007685, 0.763311880451, 0.410900576546, 0.411012159009, 0.859601070148, 0.862551728804, 411.687191599, 179.459061652, 327.717368362, 445.109665394, 499.884058502, 461.797704155, 237.229362808, 5.67599183255
0.267809811169, 0.444016728475, 0.496090878935, 0.430859542275, 0.98249812857, 0.836061721743, 0.71007158636, 0.00896912917684, 0.985058951858, 0.75538134371, 0.133376065191, 0.967263459175, 0.984941019554, 0.995911841513, 0.668032277717, 0.453507263745, 0.199510308999, 1.29415653138, 2.64245421187, 11.1722960096, 420.136488328, 337.652739887, 532.54600956, 635.003652174, 442.318606127
0.174403650293, 0.0742810078859, 0.0437879456552, 0.000801024105796, 0.501595335257, 0.0345370001537, 0.231574037278, 0.581395100413, 0.4779976473, 0.424159531455, 0.314138148317, 0.73140016075, 0.727512831363, 0.992076438922, 0.284226920911, 0.28072368863, 0.52935881282, 519.828576092, 197.897016008, 30.2051123004, 559.84224093, 0.993712510046, 54.4070889367, 92.7893976975, 223.986062047
0.000976074458729, 0.033768149447, 0.377722242084, 0.163046880839, 0.231704832946, 0.991815269719, 0.876941612587, 0.536814775181, 0.0183821897991, 0.755191431042, 0.90009556951, 0.297307099577, 0.47587677122, 0.583288465432, 0.657689200434, 0.634956252717, 0.271053695445, 2.0351298762, 10.3969096516, 823.987802057, 313.909209587, 230.917196655, 614.7349435, 58.3736878047, 1.68809478902
0.0373735711631, 0.158314636262, 0.191426283481, 0.222057674575, 0.2165072521, 0.043172935192, 0.972591871157, 0.217062401393, 0.0221622865763, 0.75538134371, 0.607280404495, 0.0425282156262, 0.285367743984, 0.720623676293, 0.0421096998261, 0.376142680764, 0.189211908673, 36.7545880889, 853.18626299, 58.002192146, 302.864852801, 330.200204565, 299.59045757, 256.859593775, 61.3372307952
0.000227846501758, 0.459736450276, 0.246107635525, 0.0300395633251, 0.021647687084, 0.51551815299, 0.488099734509, 0.407505198905, 0.254918168105, 0.424159531455, 0.0132793171979, 0.976581097646, 0.11904475505, 0.688436636234, 0.779496098296, 0.28072368863, 0.269241939729, 301.784172012, 290.707498243, 439.971074429, 20.6683397171, 28.70740207, 247.747343739, 578.834131653, 0.313410898869
0.120625840074, 0.932538315308, 0.0783299546945, 0.0237802348703, 0.108716440085, 0.0024674588818, 0.985006355982, 0.0544497948602, 0.795835262382, 0.61843706937, 0.0140591269525, 0.519568603822, 0.179726414432, 0.652270036039, 0.21954199267, 0.453507263745, 0.0867060503886, 2.44219368238, 103.674683968, 0.401943636854, 17.8839013873, 3.93276662656, 13.0229769924, 997.589621133, 192.396204032
0.366186997, 0.0742810078859, 0.0437879456552, 0.000801024105796, 0.501595335257, 0.0345370001537, 0.231574037278, 0.581395100413, 0.4779976473, 0.424159531455, 0.314138148317, 0.73140016075, 0.727512831363, 0.992076438922, 0.284226920911, 0.305956971046, 0.52935881282, 420.826490304, 160.20725008, 24.4525060438, 453.219496215, 0.804458560392, 44.045182081, 75.1175259814, 418.340808543
0.000227846501758, 0.275421483416, 0.551953323437, 0.183746858989, 0.404808096985, 0.122320931195, 0.0391923762234, 0.931732392685, 0.669619396755, 0.936233939714, 0.314138148317, 0.885715442965, 0.901508432147, 0.0400897676763, 0.311430248961, 0.309801831204, 0.269241939729, 436.591560739, 26.9119990135, 85.096264545, 328.933002301, 164.455926482, 680.702293648, 412.325163379, 0.351979802324
0.168241722209, 0.0699179385169, 0.588980594884, 0.00790480998871, 0.471554662083, 0.476905012009, 0.496437361813, 0.555611702947, 0.588115060742, 0.980075971475, 0.794327389069, 0.508747477334, 0.763311880451, 0.0152208739531, 0.408306140756, 0.127986669059, 0.248497002745, 207.681170951, 205.369640553, 271.617247715, 364.713185839, 6.71118574182, 717.488372368, 99.0555199612, 244.55452727
0.297423056812, 0.193792929445, 0.28171423217, 0.304389759008, 0.180229156787, 0.906643397287, 0.288576618154, 0.00896912917684, 0.644642748442, 0.861352310927, 0.339154637091, 0.999863838251, 0.618597609214, 0.204468525784, 0.21954199267, 0.701980250314, 0.400865985922, 67.7638753357, 33.009514034, 510.317523412, 150.070876644, 278.420217733, 286.730585061, 210.369723705, 354.046798677
0.312792515689, 0.0235609880322, 0.775655507036, 0.261878599801, 0.689772617297, 0.866511029532, 0.886616338584, 0.890322808758, 0.492159383484, 0.689144658046, 0.075709220881, 0.630290034031, 0.224630303031, 0.189695110769, 0.270601177516, 0.587742886412, 0.351607513995, 3.93829652506, 21.8782078651, 104.457636295, 201.530028368, 99.4985844961, 676.64714509, 26.6942576722, 386.047038616
0.000976074458729, 0.033768149447, 0.710773944278, 0.163046880839, 0.513459559296, 0.991815269719, 0.876941612587, 0.714987221013, 0.253457215388, 0.836656669255, 0.90009556951, 0.297307099577, 0.47587677122, 0.583288465432, 0.114476961058, 0.548472222422, 0.0867060503886, 0.651300232185, 3.32731082636, 263.699851825, 275.115562845, 99.7966152182, 806.633794124, 47.6610047931, 1.37829725783
0.000565762604546, 0.217942007468, 0.0459722867105, 0.643252466201, 0.397004243721, 0.401321257198, 0.0752593280435, 0.536814775181, 0.904989940853, 0.557306502641, 0.075709220881, 0.882981953222, 0.387197860766, 0.410900576546, 0.370616788813, 0.507871975058, 0.259836608204, 306.80100807, 36.4390249555, 225.451849151, 275.140126171, 750.870572996, 64.1247357056, 316.733484209, 0.838501560892
0.308314917358, 0.00492030045794, 0.00110656719989, 0.222057674575, 0.161582986005, 0.89129402515, 0.740335679809, 0.467559372284, 0.39355351581, 0.0779390184856, 0.783514309189, 0.96988105253, 0.425568580755, 0.941530250195, 0.457762234652, 0.533185306634, 0.780911581988, 64.290224685, 148.781130045, 939.937671816, 247.426228592, 358.360192968, 1.8225301423, 8.1039623874, 551.631505255
0.00822428681387, 0.106223623407, 0.207496307506, 0.261878599801, 0.404808096985, 0.842515162826, 0.175342150502, 0.191449520321, 0.339511609192, 0.300717744522, 0.783514309189, 0.425253979956, 0.530601101562, 0.812738710314, 0.96471758993, 0.00859653608787, 0.780911581988, 135.698010535, 38.3495406641, 558.357804073, 425.089931922, 312.259202965, 263.946240971, 138.835271517, 10.7998610995
0.168241722209, 0.0699179385169, 0.191426283481, 0.696247808754, 0.476829206218, 0.476905012009, 0.972591871157, 0.555611702947, 0.629348562579, 0.942366080802, 0.282187238832, 0.736016569907, 0.763311880451, 0.0152208739531, 0.190438699261, 0.127986669059, 0.221649251257, 12.131318864, 281.604968111, 262.122913532, 357.865121639, 1016.63253686, 354.887466804, 132.127468666, 326.204644141
0.000976074458729, 0.033768149447, 0.377722242084, 0.163046880839, 0.513459559296, 0.991815269719, 0.876941612587, 0.536814775181, 0.253457215388, 0.496175661383, 0.90009556951, 0.297307099577, 0.47587677122, 0.583288465432, 0.779496098296, 0.634956252717, 0.271053695445, 1.2489576214, 6.38057536294, 505.680672944, 527.571866249, 191.373712165, 509.464474016, 48.3774681563, 1.39901649137
0.0728393956661, 0.070634198474, 0.237102551435, 0.0462084807973, 0.240095720301, 0.309858486833, 0.740335679809, 0.687903400971, 0.0221622865763, 0.424159531455, 0.205786728915, 0.760108301521, 0.393286471293, 0.570048720696, 0.294273957145, 0.0328667798906, 0.269241939729, 268.046186475, 620.315370235, 357.599634361, 302.834746582, 59.7931208305, 322.109927562, 98.6182400244, 102.353076834
0.00356623462329, 0.00492030045794, 0.318678224055, 0.489711513424, 0.689772617297, 0.401321257198, 0.0147065142044, 0.328493623703, 0.928673630618, 0.984934404239, 0.000348575980368, 0.616086007685, 0.387197860766, 0.561288541434, 0.457762234652, 0.863260244117, 0.00355308700947, 240.601437693, 5.55910792735, 175.618127189, 562.204278283, 616.026495844, 484.482320491, 7.8022035433, 5.65515393242
0.0581034802813, 0.17635777501, 0.483741904713, 0.304389759008, 0.108716440085, 0.0345370001537, 0.874251419562, 0.0544497948602, 0.836230806264, 0.882471577662, 0.880563940082, 0.588466718699, 0.20980965519, 0.3673770283, 0.497592747017, 0.701980250314, 0.400865985922, 89.3428824363, 446.412981089, 24.7226835762, 78.6266903125, 239.772990959, 495.146844121, 204.388067694, 68.3975126133
0.886597627207, 0.00323643030175, 0.710773944278, 0.999857959964, 0.643050556456, 0.856283645326, 0.740335679809, 0.291673359534, 0.98941006711, 0.991826415186, 0.133340109067, 0.875847672253, 0.831455868253, 0.915691824211, 0.563156715258, 0.587742886412, 0.870068603768, 0.000759514141085, 0.00175767580141, 0.00833720517873, 0.013623204552, 72.0980916995, 147.624510505, 0.835219105479, 912.528178632
0.312792515689, 0.0235609880322, 0.6709832476, 0.261878599801, 0.021647687084, 0.171416258568, 0.853853895679, 0.890322808758, 0.492159383484, 0.213845646586, 0.075709220881, 0.916353163336, 0.224630303031, 0.189695110769, 0.779496098296, 0.0879856264373, 0.351607513995, 63.8484438614, 273.223971203, 77.4307094142, 9.90149329376, 127.053049827, 559.076711046, 23.8103421055, 344.340425987
