0.992251548075, 0.337450026719, 0.992191697111, 0.999857959964, 0.992096856365, 0.00377400122019, 0.740335679809, 0.530162889875, 0.0221622865763, 0.136545489098, 0.00230706269767, 0.999572470788, 0.752081430376, 0.207536187126, 0.885685675527, 0.780175716158, 0.321466640168, 1.27801325478e-07, 2.95759203191e-07, 1.91002768481e-09, 2.59524420293e-05, 0.116327136671, 9.48380775494, 5.55797381191, 903.154512609
0.0318424321581, 0.946657478256, 0.04213327779, 0.153216206886, 0.0814785339422, 0.51551815299, 0.972591871157, 0.464793433078, 0.253457215388, 0.75538134371, 0.920932829947, 0.8483903481, 0.289419677846, 0.720623676293, 0.0423537755777, 0.376142680764, 0.0867060503886, 3.1644614829, 73.4568174303, 77.1997179277, 13.7196133034, 26.3809275263, 7.33577591616, 1320.70728139, 66.3470168935
0.000227846501758, 0.123849424426, 0.551953323437, 0.69504153558, 0.404808096985, 0.264370719698, 0.416337523448, 0.407505198905, 0.890360208673, 0.51362182823, 0.880563940082, 0.910864593033, 0.0119317425744, 0.211115892175, 0.497592747017, 0.65469995519, 0.0622610096398, 114.951970003, 88.1113611448, 63.860405599, 116.841066297, 378.805566834, 502.893875683, 129.968441258, 0.240618602086
0.0263586431296, 0.0742810078859, 0.931227001778, 0.0462084807973, 0.636389708405, 0.94521073879, 0.231574037278, 0.407505198905, 0.65889381766, 0.424159531455, 0.0575015366593, 0.996054345261, 0.656469994961, 0.900834280364, 0.726955151384, 0.28072368863, 0.269241939729, 4.95851836776, 1.88769150819, 61.4967217242, 96.0548940581, 8.30206940103, 1055.58771554, 124.453819532, 44.2881607501
0.0728393956661, 0.158314636262, 0.191426283481, 0.00368267662794, 0.180229156787, 0.213237109503, 0.888509605907, 0.33030059669, 0.0221622865763, 0.75538134371, 0.682141734766, 0.0425282156262, 0.285367743984, 0.900834280364, 0.0421096998261, 0.222206855709, 0.841813096552, 184.644052051, 1043.5325447, 368.861697153, 326.438770289, 6.76023756523, 362.388748611, 310.700906537, 145.068871166
0.011894945578, 0.158314636262, 0.395790668179, 0.012862608662, 0.0419692715614, 0.0960747655411, 0.263470611416, 0.721624640442, 0.764896821507, 0.75538134371, 0.541899638316, 0.640625929096, 0.285367743984, 0.720623676293, 0.0421096998261, 0.0397265049459, 0.95014749117, 1121.51600162, 492.599572613, 186.27517771, 81.8006308352, 25.0915799777, 889.852061592, 387.975283731, 29.4565252067
0.00822428681387, 0.00492030045794, 0.0973736494231, 0.0177962014716, 0.0470577502565, 0.842515162826, 0.961018145401, 0.13462898004, 0.350470279414, 0.75538134371, 0.783514309189, 0.150787594151, 0.11904475505, 0.995911841513, 0.262610341957, 0.376142680764, 0.864754140015, 20.5592922273, 335.337810951, 1330.30420866, 101.606184137, 38.4702494034, 212.178355587, 10.7635271596, 17.9924257669
0.00537712188556, 0.00357825771119, 0.191426283481, 0.696247808754, 0.720426117199, 0.308060923026, 0.972591871157, 0.0303523395235, 0.629348562579, 0.942366080802, 0.956714204009, 0.736016569907, 0.763311880451, 0.0152208739531, 0.190438699261, 0.127986669059, 0.221649251257, 9.66738515286, 224.409540151, 118.054384114, 540.188088833, 1154.45164476, 402.997548181, 7.64788512325, 11.4929690072
0.997537937087, 0.996744048901, 0.00440065582181, 0.000600715315049, 0.147085985007, 0.0345370001537, 0.972591871157, 0.530162889875, 0.498980214277, 0.0880763706028, 0.477636985487, 0.89375822186, 0.285367743984, 0.207536187126, 0.421574613074, 0.376142680764, 0.898105559004, 0.000444558015114, 0.0103195495126, 0.000560911307426, 0.00243343225608, 1.00273807461e-05, 7.34586912588e-05, 2.07781954717, 537.269663453
0.997537937087, 0.996744048901, 0.0052782916824, 0.000600715315049, 0.147085985007, 0.0345370001537, 0.972591871157, 0.530162889875, 0.498980214277, 0.0880763706028, 0.920932829947, 0.89375822186, 0.285367743984, 0.207536187126, 0.0897846445468, 0.376142680764, 0.898105559004, 0.000416713879678, 0.00967320207423, 0.000525779581351, 0.00228101836406, 9.39933280172e-06, 8.25908098707e-05, 1.94769926431, 503.623969497
0.998009426003, 0.201200183544, 0.0052782916824, 0.885072722103, 0.2165072521, 0.0473843868857, 0.740335679809, 0.530162889875, 0.645892185143, 0.536734567296, 0.861353026465, 0.229506841555, 0.768065514113, 0.900834280364, 0.457762234652, 0.376142680764, 0.839744199628, 0.291114571221, 0.673700474544, 0.0547267207888, 0.260404413899, 4.27723586756, 0.0360497325115, 1.42183265834, 1463.03493625
0.998182491552, 0.00289337162216, 0.0052782916824, 0.885072722103, 0.610559266992, 0.0345370001537, 0.740335679809, 0.561081385954, 0.645892185143, 0.139650778455, 0.926376549903, 0.109612944342, 0.0119317425744, 0.900834280364, 0.497592747017, 0.376142680764, 0.839744199628, 0.126277511604, 0.292232776722, 0.0172875783757, 0.454480182222, 3.04170551935, 0.0256363393899, 0.0140531865097, 1083.06548338
0.174403650293, 0.159778286053, 0.207496307506, 0.000600715315049, 0.95292799497, 0.89129402515, 0.382879075307, 0.000780416177287, 0.0742123763893, 0.763250545578, 0.0312172240254, 0.746209428509, 0.875914522648, 0.998103915918, 0.206462258753, 0.453507263745, 0.76259340543, 11.0851088971, 7.60694402282, 77.9668951178, 1068.06484639, 1.01058908362, 361.982982091, 289.846214932, 327.969484098
0.0318424321581, 0.936829482849, 0.04213327779, 0.00790480998871, 0.0814785339422, 0.51551815299, 0.972591871157, 0.464793433078, 0.253457215388, 0.75538134371, 0.477636985487, 0.8483903481, 0.289419677846, 0.720623676293, 0.0423537755777, 0.376142680764, 0.0867060503886, 3.83077365014, 88.9239582013, 93.454967562, 16.6084287695, 1.61579181227, 8.6251194216, 1310.00848846, 65.9028499257
0.998009426003, 0.162877207829, 0.0052782916824, 0.885072722103, 0.2165072521, 0.563225690467, 0.740335679809, 0.530162889875, 0.765417069144, 0.536734567296, 0.133376065191, 0.229506841555, 0.00740837599354, 0.900834280364, 0.457762234652, 0.28072368863, 0.839744199628, 0.162588531931, 0.376264130848, 0.500614869705, 0.228936770335, 3.76036853913, 0.031693431033, 0.999918438185, 1263.6684094
0.120625840074, 0.932538315308, 0.0783299546945, 0.0237802348703, 0.108716440085, 0.0024674588818, 0.985006355982, 0.0544497948602, 0.795835262382, 0.61843706937, 0.0140591269525, 0.519568603822, 0.179726414432, 0.652270036039, 0.21954199267, 0.453507263745, 0.0867060503886, 2.44219368238, 103.674683968, 0.401943636854, 17.8839013873, 3.93276662656, 13.0229769924, 997.589621133, 192.396204032
0.103409532029, 0.00492030045794, 0.00110656719989, 0.222057674575, 0.161582986005, 0.89129402515, 0.740335679809, 0.467559372284, 0.39355351581, 0.0779390184856, 0.783514309189, 0.96988105253, 0.425568580755, 0.941530250195, 0.457762234652, 0.533185306634, 0.334281869452, 76.9048135916, 177.973947488, 1124.36582378, 295.974513712, 428.675183108, 2.18013456238, 9.69406655228, 205.5524298
0.0728393956661, 0.00492030045794, 0.23824620556, 0.0382393756309, 0.727925502593, 0.401321257198, 0.559526311513, 0.534426270455, 0.979304133293, 0.498729493863, 0.133376065191, 0.73140016075, 0.875914522648, 0.996306258067, 0.234846167423, 0.376142680764, 0.52935881282, 213.708399265, 257.938068911, 244.432021575, 910.467783731, 60.1657281929, 393.631733877, 8.32241735488, 123.745509951
0.000976074458729, 0.217942007468, 0.377722242084, 0.708447265988, 0.0113304852601, 0.793242735609, 0.876941612587, 0.536814775181, 0.253457215388, 0.755191431042, 0.90009556951, 0.467134579396, 0.47587677122, 0.870508375498, 0.657689200434, 0.634956252717, 0.271053695445, 30.7820442691, 157.256859575, 475.923145709, 8.93860299666, 1018.93186527, 766.093383844, 488.295910278, 2.2301902882
0.0680210332132, 0.413041643028, 0.14985921406, 0.985383642859, 0.66959878691, 0.773213864939, 0.998908695083, 0.344600600949, 0.021980245935, 0.791094773157, 0.682141734766, 0.570271611162, 0.0107531715073, 0.720623676293, 0.664204211699, 0.764772297176, 0.0675860800307, 0.00595128184562, 3.4717153057, 9.32981548388, 17.4271158833, 873.998780139, 209.679393502, 681.746479661, 121.014630272
0.168241722209, 0.029789168548, 0.0709858079518, 0.401737942023, 0.0755147820259, 0.0152404333326, 0.488099734509, 0.391871977132, 0.764896821507, 0.112309048822, 0.116056877123, 0.532922491916, 0.156179942306, 0.936764845684, 0.183032231748, 0.376142680764, 0.489934669696, 553.287092476, 532.979265915, 18.3948979105, 91.5834760242, 565.504770298, 107.321554114, 45.1638811716, 261.278448284
0.00356623462329, 0.459736450276, 0.442542237895, 0.261878599801, 0.231704832946, 0.510198907865, 0.0752593280435, 0.536814775181, 0.587840376313, 0.963882422357, 0.966003801088, 0.970114560775, 0.311928591107, 0.290997048706, 0.379821330086, 0.0269469303484, 0.0622610096398, 394.903617937, 46.903049242, 410.629768821, 217.753691841, 266.853967212, 556.606908934, 765.509484922, 6.48757827141
0.0852111657722, 0.0742810078859, 0.0437879456552, 0.000801024105796, 0.212777450633, 0.0345370001537, 0.231574037278, 0.883142036924, 0.814704648745, 0.424159531455, 0.314138148317, 0.991318078812, 0.727512831363, 0.992076438922, 0.0617337657531, 0.28072368863, 0.0570589864916, 797.063021777, 303.43925062, 46.3140719663, 296.601866488, 1.13765410115, 62.2880835599, 106.230159897, 122.87312161
0.000976074458729, 0.033768149447, 0.377722242084, 0.163046880839, 0.231704832946, 0.991815269719, 0.876941612587, 0.536814775181, 0.0183821897991, 0.755191431042, 0.90009556951, 0.297307099577, 0.47587677122, 0.583288465432, 0.657689200434, 0.634956252717, 0.271053695445, 2.0351298762, 10.3969096516, 823.987802057, 313.909209587, 230.917196655, 614.7349435, 58.3736878047, 1.68809478902
0.00356623462329, 0.459736450276, 0.147592385839, 0.296233227417, 0.689772617297, 0.401321257198, 0.0147065142044, 0.536814775181, 0.928673630618, 0.995093861787, 0.000348575980368, 0.214650724781, 0.360554832683, 0.561288541434, 0.457762234652, 0.0269469303484, 0.0622610096398, 316.600939773, 7.3150801216, 231.091154908, 739.789439978, 420.376986497, 221.175178569, 847.946185466, 7.18621696596
0.011894945578, 0.119589617125, 0.0525337575001, 0.0462084807973, 0.013988880104, 0.043172935192, 0.236345076931, 0.687903400971, 0.765417069144, 0.424159531455, 0.205786728915, 0.66769760907, 0.11904475505, 0.991681776302, 0.34801968711, 0.28072368863, 0.0622610096398, 935.527427601, 364.202588894, 68.1862785886, 22.1141985427, 73.182715864, 83.4630125215, 192.483279579, 19.2605984326
0.011894945578, 0.158314636262, 0.395790668179, 0.012862608662, 0.161582986005, 0.0960747655411, 0.972591871157, 0.639602740454, 0.308376389187, 0.75538134371, 0.682141734766, 0.640625929096, 0.285367743984, 0.720623676293, 0.0421096998261, 0.0397265049459, 0.782548886011, 40.2062711437, 933.310370474, 142.060247595, 245.11922415, 19.7261777638, 699.572524571, 305.01345159, 23.1577546352
0.00822428681387, 0.00492030045794, 0.0973736494231, 0.0177962014716, 0.0470577502565, 0.842515162826, 0.740335679809, 0.13462898004, 0.350470279414, 0.75538134371, 0.783514309189, 0.150787594151, 0.11904475505, 0.995911841513, 0.262610341957, 0.376142680764, 0.864754140015, 133.26616754, 308.40599952, 1330.30420866, 101.606184137, 38.4702494034, 212.178355587, 10.7635271596, 17.9924257669
0.0581034802813, 0.17635777501, 0.483741904713, 0.304389759008, 0.108716440085, 0.0345370001537, 0.874251419562, 0.0544497948602, 0.836230806264, 0.882471577662, 0.880563940082, 0.588466718699, 0.20980965519, 0.3673770283, 0.497592747017, 0.701980250314, 0.400865985922, 89.3428824363, 446.412981089, 24.7226835762, 78.6266903125, 239.772990959, 495.146844121, 204.388067694, 68.3975126133
0.0341930667806, 0.070634198474, 0.0525337575001, 0.0462084807973, 0.310860194735, 0.395373739013, 0.933638425532, 0.065768908945, 0.517796142767, 0.940914435758, 0.135145150597, 0.875847672253, 0.11904475505, 0.915691824211, 0.294273957145, 0.587742886412, 0.113874476564, 69.7665577245, 666.858528189, 479.739891507, 437.951187392, 67.8802903829, 77.415732107, 104.637179107, 50.8063941147
0.00537712188556, 0.0699179385169, 0.0459722867105, 0.440047478085, 0.720426117199, 0.995173371278, 0.0536198634187, 0.678257281486, 0.00828127243426, 0.441253133165, 0.749091621423, 0.514105957804, 0.387139186312, 0.233989423615, 0.550890028666, 0.338351894105, 0.0655356961049, 3.17592529051, 0.26812945351, 420.378458667, 894.929732492, 818.089713546, 92.8335999966, 141.881671516, 10.9338047289
0.0728393956661, 0.00492030045794, 0.23824620556, 0.0382393756309, 0.501595335257, 0.836061721743, 0.559526311513, 0.00896912917684, 0.979304133293, 0.498729493863, 0.133376065191, 0.73140016075, 0.875914522648, 0.996306258067, 0.234846167423, 0.376142680764, 0.52935881282, 102.346791911, 123.528761413, 609.121694196, 633.056512264, 53.7063079104, 351.371249678, 7.42891879554, 110.460135023
0.168241722209, 0.00357825771119, 0.191426283481, 0.696247808754, 0.476829206218, 0.476905012009, 0.972591871157, 0.0303523395235, 0.629348562579, 0.942366080802, 0.956714204009, 0.736016569907, 0.763311880451, 0.0152208739531, 0.190438699261, 0.127986669059, 0.221649251257, 13.2981031465, 308.689595458, 287.333766451, 392.284413051, 1114.41175431, 389.020368838, 7.38263323165, 355.430081235
0.00356623462329, 0.00492030045794, 0.483741904713, 0.325285005299, 0.689772617297, 0.401321257198, 0.197358867769, 0.328493623703, 0.928673630618, 0.673455013724, 0.880563940082, 0.616086007685, 0.472754314585, 0.561288541434, 0.457762234652, 0.863260244117, 0.00355308700947, 272.096804119, 87.163265955, 208.49279506, 667.445572109, 423.473017652, 822.838485937, 9.23270623452, 6.6920036986
0.00317528294991, 0.316446762891, 0.0459722867105, 0.304389759008, 0.161582986005, 0.264370719698, 0.197358867769, 0.536814775181, 0.988201493468, 0.637946199755, 0.075709220881, 0.992714743183, 0.47587677122, 0.3673770283, 0.311430248961, 0.36729510498, 0.862551728804, 751.121585306, 240.613669523, 347.757681655, 223.605636005, 461.501068242, 72.5554583991, 545.554568336, 5.70633959235
0.0728393956661, 0.119589617125, 0.0525337575001, 0.0462084807973, 0.013988880104, 0.0689704674692, 0.236345076931, 0.687903400971, 0.765417069144, 0.424159531455, 0.205786728915, 0.66769760907, 0.11904475505, 0.991681776302, 0.34801968711, 0.28072368863, 0.0622610096398, 926.25199382, 360.59164506, 108.108174541, 21.973443513, 72.7169139802, 82.9317774067, 191.258139555, 117.693085828
0.0341930667806, 0.070634198474, 0.0525337575001, 0.0462084807973, 0.513144068407, 0.92687554749, 0.933638425532, 0.00222908265937, 0.550242772866, 0.914687314645, 0.135145150597, 0.631841295223, 0.11904475505, 0.915691824211, 0.786029896637, 0.634956252717, 0.0468631305643, 9.47540119412, 90.5699277763, 789.313379438, 828.055233681, 83.4440559442, 95.1658079902, 128.628657567, 62.45541333
0.0728393956661, 0.158314636262, 0.191426283481, 0.00368267662794, 0.180229156787, 0.842515162826, 0.888509605907, 0.33030059669, 0.0221622865763, 0.75538134371, 0.682141734766, 0.0425282156262, 0.285367743984, 0.900834280364, 0.0421096998261, 0.222206855709, 0.841813096552, 47.8726483664, 270.556598041, 1087.94296093, 326.438770289, 6.76023756523, 362.388748611, 310.700906537, 145.068871166
0.886597627207, 0.893100139451, 0.802679226753, 0.999857959964, 0.643050556456, 0.856283645326, 0.989788043797, 0.291673359534, 0.98941006711, 0.991826415186, 0.28021165103, 0.875847672253, 0.651791823203, 0.915691824211, 0.899082125394, 0.587742886412, 0.870068603768, 2.83033403043e-06, 0.0001764296696, 0.000768307052414, 0.00125543319486, 6.64412967305, 20.7451946782, 128.503700336, 723.931592864
0.0341930667806, 0.00492030045794, 0.203099232407, 0.183746858989, 0.404808096985, 0.264370719698, 0.559526311513, 0.931732392685, 0.968371526133, 0.228624140547, 0.133376065191, 0.616086007685, 0.385071853893, 0.995973964095, 0.21954199267, 0.534116453974, 0.862551728804, 489.677715729, 591.022743225, 338.411978835, 619.169516444, 309.564852915, 359.236928151, 8.85248292026, 61.5791586672
0.0244103988729, 0.459736450276, 0.0525337575001, 0.0532560460847, 0.315872064847, 0.0349466353273, 0.488099734509, 0.344600600949, 0.393345797049, 0.424159531455, 0.0132793171979, 0.916353163336, 0.11904475505, 0.60864006735, 0.779496098296, 0.28072368863, 0.269241939729, 380.847270268, 366.868667811, 29.0575705716, 286.696805798, 50.4967389983, 49.9835250924, 534.170405872, 31.0016773303
0.0373735711631, 0.413041643028, 0.191426283481, 0.936704680246, 0.66959878691, 0.773213864939, 0.998908695083, 0.344600600949, 0.021980245935, 0.791094773157, 0.682141734766, 0.0425282156262, 0.0107531715073, 0.720623676293, 0.0423537755777, 0.764772297176, 0.0675860800307, 0.0281596737801, 16.4271115034, 44.1458776899, 82.4598651068, 952.001129893, 296.675258139, 759.584999212, 73.8847744134
0.0342883793577, 0.00171648474705, 0.207496307506, 0.261878599801, 0.404808096985, 0.0344539162382, 0.673655260893, 0.191449520321, 0.350470279414, 0.921630214578, 0.783514309189, 0.425253979956, 0.530601101562, 0.866116661981, 0.164185806796, 0.131297443262, 0.780911581988, 403.671652898, 717.249592177, 44.5866311261, 608.41553555, 446.925076167, 377.776516208, 3.18113734018, 63.6077728247
0.00356623462329, 0.00492030045794, 0.442542237895, 0.493089570572, 0.231704832946, 0.510198907865, 0.0752593280435, 0.328493623703, 0.587840376313, 0.963882422357, 0.966003801088, 0.970114560775, 0.311928591107, 0.982585196261, 0.313118264989, 0.863260244117, 0.00355308700947, 360.932695022, 42.8682929168, 375.306030091, 199.021794882, 547.075832974, 652.386627357, 7.87243166485, 5.70605632629
0.0728393956661, 0.070634198474, 0.358660710362, 0.163046880839, 0.240095720301, 0.303105621771, 0.197358867769, 0.687903400971, 0.988201493468, 0.424159531455, 0.205786728915, 0.760108301521, 0.393286471293, 0.570048720696, 0.294273957145, 0.0328667798906, 0.269241939729, 534.751118512, 171.301732534, 289.56700925, 250.251208109, 177.947818266, 443.721373617, 92.5659137299, 96.0715388739
0.0903109192043, 0.17635777501, 0.0149211513043, 0.304389759008, 0.108716440085, 0.82917151072, 0.197358867769, 0.0544497948602, 0.869475861133, 0.806220094278, 0.638964762477, 0.519568603822, 0.47587677122, 0.652270036039, 0.497592747017, 0.701980250314, 0.400865985922, 195.566136066, 62.6474948316, 746.832767832, 133.572210868, 407.329984025, 20.7526563154, 251.778415323, 131.480149649
0.00822428681387, 0.00492030045794, 0.0973736494231, 0.0177962014716, 0.358066206262, 0.842515162826, 0.740335679809, 0.191449520321, 0.350470279414, 0.424159531455, 0.783514309189, 0.150787594151, 0.11904475505, 0.995911841513, 0.83835019274, 0.376142680764, 0.864754140015, 93.38706185, 216.117343837, 932.218609619, 606.089913988, 31.7803525556, 175.280978153, 8.89177203632, 14.8635801189
0.0728393956661, 0.070634198474, 0.73431351965, 0.0462084807973, 0.240095720301, 0.309858486833, 0.740335679809, 0.687903400971, 0.0221622865763, 0.424159531455, 0.205786728915, 0.760108301521, 0.393286471293, 0.570048720696, 0.457752858319, 0.0328667798906, 0.269241939729, 139.791393874, 323.506748547, 186.49529021, 157.934316824, 31.1832964867, 969.79692852, 118.188626291, 122.664626185
0.998009426003, 0.162877207829, 0.0052782916824, 0.885072722103, 0.2165072521, 0.0473843868857, 0.740335679809, 0.530162889875, 0.645892185143, 0.536734567296, 0.861353026465, 0.229506841555, 0.768065514113, 0.900834280364, 0.457762234652, 0.376142680764, 0.839744199628, 0.296314376231, 0.685733919275, 0.0557042337857, 0.265055682884, 4.35363462837, 0.0366936424984, 1.15767364095, 1463.03493625
0.00317528294991, 0.316446762891, 0.0459722867105, 0.304389759008, 0.161582986005, 0.591315052207, 0.197358867769, 0.931732392685, 0.988201493468, 0.936233939714, 0.075709220881, 0.992714743183, 0.47587677122, 0.3673770283, 0.862391959402, 0.634956252717, 0.862551728804, 564.310997587, 180.770919833, 792.617918008, 256.718549803, 529.843017772, 83.2999221009, 626.34368312, 6.55136986261
0.267809811169, 0.444016728475, 0.496090878935, 0.430859542275, 0.98249812857, 0.836061721743, 0.71007158636, 0.00896912917684, 0.985058951858, 0.75538134371, 0.133376065191, 0.971341189601, 0.984941019554, 0.999132373345, 0.668032277717, 0.453507263745, 0.199510308999, 1.26265992258, 2.57814333094, 10.9003896147, 409.911392447, 329.435096965, 519.58514051, 619.549214371, 431.553651682
0.366186997, 0.0742810078859, 0.0437879456552, 0.000801024105796, 0.501595335257, 0.0345370001537, 0.231574037278, 0.581395100413, 0.4779976473, 0.424159531455, 0.314138148317, 0.73140016075, 0.727512831363, 0.992076438922, 0.284226920911, 0.305956971046, 0.52935881282, 420.826490304, 160.20725008, 24.4525060438, 453.219496215, 0.804458560392, 44.045182081, 75.1175259814, 418.340808543
0.312792515689, 0.0235609880322, 0.775655507036, 0.261878599801, 0.689772617297, 0.866511029532, 0.886616338584, 0.890322808758, 0.492159383484, 0.689144658046, 0.075709220881, 0.630290034031, 0.224630303031, 0.189695110769, 0.270601177516, 0.587742886412, 0.351607513995, 3.93829652506, 21.8782078651, 104.457636295, 201.530028368, 99.4985844961, 676.64714509, 26.6942576722, 386.047038616
0.011894945578, 0.119589617125, 0.0525337575001, 0.0462084807973, 0.013988880104, 0.94521073879, 0.236345076931, 0.687903400971, 0.765417069144, 0.424159531455, 0.205786728915, 0.66769760907, 0.11904475505, 0.991681776302, 0.34801968711, 0.28072368863, 0.0622610096398, 80.5999953711, 31.3777299446, 1002.50862388, 22.1141985427, 73.182715864, 83.4630125215, 192.483279579, 19.2605984326
0.0373735711631, 0.158314636262, 0.191426283481, 0.440047478085, 0.180229156787, 0.043172935192, 0.943751880721, 0.33030059669, 0.0221622865763, 0.75538134371, 0.682141734766, 0.0425282156262, 0.602612813855, 0.720623676293, 0.0421096998261, 0.376142680764, 0.0162396267653, 70.2453610415, 792.971535155, 54.0695688783, 232.126032261, 687.559058253, 334.453883356, 286.750416926, 68.4750615897
0.0341930667806, 0.893100139451, 0.841158489119, 0.0181471387901, 0.643050556456, 0.395373739013, 0.933638425532, 0.065768908945, 0.517796142767, 0.940914435758, 0.135145150597, 0.875847672253, 0.11904475505, 0.915691824211, 0.294273957145, 0.587742886412, 0.312483806481, 1.72123535652, 16.4523019904, 11.8358320967, 32.3932446845, 1.09062460563, 150.167771877, 914.180042717, 49.8493309574
0.0581034802813, 0.17635777501, 0.655537524114, 0.304389759008, 0.108716440085, 0.0345370001537, 0.874251419562, 0.0544497948602, 0.836230806264, 0.882471577662, 0.880563940082, 0.551906883154, 0.20980965519, 0.117359169556, 0.497592747017, 0.701980250314, 0.400865985922, 71.450401869, 357.010945121, 19.7715321985, 62.8803153343, 191.754240452, 693.535888643, 230.058341935, 76.9879500392
0.174403650293, 0.0742810078859, 0.0437879456552, 0.000801024105796, 0.212777450633, 0.0345370001537, 0.231574037278, 0.407505198905, 0.4779976473, 0.424159531455, 0.314138148317, 0.991318078812, 0.727512831363, 0.992076438922, 0.157982065538, 0.28072368863, 0.269241939729, 702.49727167, 267.438382981, 40.8192430302, 261.412204916, 1.00267968821, 54.8980539341, 93.6267214229, 226.007293444
0.00317528294991, 0.316446762891, 0.207496307506, 0.304389759008, 0.161582986005, 0.264370719698, 0.197358867769, 0.918802062248, 0.988201493468, 0.936233939714, 0.075709220881, 0.992714743183, 0.47587677122, 0.900834280364, 0.311430248961, 0.634956252717, 0.862551728804, 589.715636764, 188.909021007, 273.029222816, 175.555785641, 362.330682076, 266.15384567, 450.947412609, 4.71677669658
0.00317528294991, 0.316446762891, 0.0459722867105, 0.304389759008, 0.192070067741, 0.591315052207, 0.197358867769, 0.931732392685, 0.999903700799, 0.936233939714, 0.075709220881, 0.992714743183, 0.47587677122, 0.3673770283, 0.899422709467, 0.634956252717, 0.862551728804, 474.700225002, 152.065078805, 666.752740293, 259.070461801, 451.834570992, 71.0357281377, 534.127505437, 5.58681589073
0.00259803534937, 0.316446762891, 0.32273012393, 0.385314544711, 0.161582986005, 0.741546375787, 0.197358867769, 0.918802062248, 0.988201493468, 0.936233939714, 0.075709220881, 0.992714743183, 0.47587677122, 0.900834280364, 0.311430248961, 0.634956252717, 0.862551728804, 217.551465661, 69.6902571927, 531.434355673, 150.055636705, 413.462527966, 403.568101439, 450.949266683, 3.8592999681
0.350084943808, 0.17635777501, 0.0149211513043, 0.304389759008, 0.108716440085, 0.309858486833, 0.874251419562, 0.0544497948602, 0.869475861133, 0.806220094278, 0.638964762477, 0.519568603822, 0.4237614976, 0.652270036039, 0.497592747017, 0.701980250314, 0.400865985922, 115.486990303, 577.045313657, 311.421075553, 114.819455864, 350.143243259, 17.8391050831, 216.430202493, 485.089365256
0.0373735711631, 0.158314636262, 0.191426283481, 0.222057674575, 0.2165072521, 0.043172935192, 0.972591871157, 0.217062401393, 0.0221622865763, 0.75538134371, 0.607280404495, 0.0425282156262, 0.285367743984, 0.720623676293, 0.0421096998261, 0.376142680764, 0.189211908673, 36.7545880889, 853.18626299, 58.002192146, 302.864852801, 330.200204565, 299.59045757, 256.859593775, 61.3372307952
0.308314917358, 0.316446762891, 0.0459722867105, 0.69504153558, 0.161582986005, 0.115158820697, 0.197358867769, 0.931732392685, 0.988201493468, 0.51362182823, 0.075709220881, 0.992714743183, 0.47587677122, 0.442096180241, 0.297063686433, 0.634956252717, 0.933847832725, 328.797266202, 105.326645243, 63.1438558451, 91.0477716554, 698.144539602, 56.9084079078, 427.902222601, 472.081380515
0.00356623462329, 0.00492030045794, 0.483741904713, 0.676297284171, 0.480698459798, 0.401321257198, 0.197358867769, 0.328493623703, 0.928673630618, 0.673455013724, 0.880563940082, 0.616086007685, 0.472754314585, 0.561288541434, 0.457762234652, 0.863260244117, 0.00355308700947, 236.180788145, 75.6579590018, 180.972330121, 288.938145111, 756.422244731, 822.838485937, 9.23270623452, 6.6920036986
0.00317528294991, 0.316446762891, 0.207496307506, 0.304389759008, 0.0543917070332, 0.309858486833, 0.874251419562, 0.467559372284, 0.988201493468, 0.663876818447, 0.0650710026691, 0.992714743183, 0.4237614976, 0.900834280364, 0.610168540555, 0.634956252717, 0.52935881282, 126.82768015, 633.710500897, 342.002267601, 62.6241373898, 380.320837595, 279.368705224, 473.337495716, 4.95097035038
0.0373735711631, 0.158314636262, 0.191426283481, 0.221600581861, 0.180229156787, 0.043172935192, 0.981805805354, 0.620710544569, 0.362179115829, 0.834632049091, 0.682141734766, 0.0425282156262, 0.285367743984, 0.720623676293, 0.0421096998261, 0.721059224608, 0.782548886011, 27.6172047403, 966.070325775, 65.6423422555, 281.809098393, 366.076430799, 332.798057869, 285.330763358, 68.1360529614
0.00356623462329, 0.00492030045794, 0.147592385839, 0.296233227417, 0.689772617297, 0.401321257198, 0.0147065142044, 0.328493623703, 0.928673630618, 0.995093861787, 0.000348575980368, 0.214650724781, 0.387197860766, 0.561288541434, 0.457762234652, 0.863260244117, 0.00355308700947, 320.023418228, 7.39415665286, 233.589266567, 747.786615922, 424.921291325, 223.566097825, 7.52037880421, 5.45088314242
0.0105366712634, 0.158314636262, 0.191426283481, 0.440047478085, 0.180229156787, 0.000131647604657, 0.943751880721, 0.33030059669, 0.0221622865763, 0.75538134371, 0.682141734766, 0.0425282156262, 0.602612813855, 0.720623676293, 0.0421096998261, 0.127986669059, 0.0162396267653, 72.823287207, 822.072703384, 0.170663418387, 240.091653067, 711.153287157, 345.930979596, 296.590524324, 19.9464132993
0.0342883793577, 0.00171648474705, 0.207496307506, 0.261878599801, 0.404808096985, 0.418888841181, 0.673655260893, 0.191449520321, 0.350470279414, 0.921630214578, 0.783514309189, 0.425253979956, 0.530601101562, 0.812738710314, 0.666615711807, 0.131297443262, 0.780911581988, 279.989220968, 497.488870253, 441.216094599, 532.571352768, 391.212055729, 330.683453207, 2.78458145396, 55.6785217346
0.00356623462329, 0.00492030045794, 0.483741904713, 0.489711513424, 0.689772617297, 0.401321257198, 0.0147065142044, 0.328493623703, 0.928673630618, 0.883283651487, 0.880563940082, 0.616086007685, 0.969264110215, 0.561288541434, 0.457762234652, 0.28072368863, 0.00355308700947, 212.533111685, 4.91058788892, 155.130689981, 496.618082634, 544.161453471, 743.334545355, 8.34062772771, 6.04541184185
0.000227846501758, 0.275421483416, 0.551953323437, 0.183746858989, 0.510800072614, 0.122320931195, 0.0391923762234, 0.931732392685, 0.669619396755, 0.228624140547, 0.314138148317, 0.930143248534, 0.901508432147, 0.408332124506, 0.311430248961, 0.309801831204, 0.269241939729, 321.781401787, 19.8349705908, 62.7185629648, 339.773234642, 140.313614103, 580.774442082, 351.795372152, 0.300308777019
0.168241722209, 0.029789168548, 0.0709858079518, 0.401737942023, 0.0755147820259, 0.647335558741, 0.488099734509, 0.0086698941475, 0.14166552224, 0.0868211159325, 0.116056877123, 0.578479058313, 0.156179942306, 0.936764845684, 0.183032231748, 0.376142680764, 0.489934669696, 289.646272204, 279.015107408, 650.165525325, 91.1113957444, 562.589794127, 106.768349634, 44.9310774106, 259.931650714
0.00281353436031, 0.316446762891, 0.536092497111, 0.856211338842, 0.161582986005, 0.264370719698, 0.369154702622, 0.931732392685, 0.988201493468, 0.936233939714, 0.075709220881, 0.992714743183, 0.47587677122, 0.244232704384, 0.311430248961, 0.634956252717, 0.862551728804, 117.477842289, 76.9454212859, 61.9192429591, 39.8136186005, 690.033942885, 793.218968155, 576.81794976, 5.34597842139
0.00356623462329, 0.00492030045794, 0.318678224055, 0.489711513424, 0.689772617297, 0.401321257198, 0.0147065142044, 0.328493623703, 0.928673630618, 0.984934404239, 0.000348575980368, 0.616086007685, 0.387197860766, 0.561288541434, 0.457762234652, 0.863260244117, 0.00355308700947, 240.601437693, 5.55910792735, 175.618127189, 562.204278283, 616.026495844, 484.482320491, 7.8022035433, 5.65515393242
0.0341930667806, 0.00492030045794, 0.23824620556, 0.263694233972, 0.166220246012, 0.264370719698, 0.559526311513, 0.191449520321, 0.968371526133, 0.883174107477, 0.133376065191, 0.0047984247888, 0.385071853893, 0.715213572425, 0.21954199267, 0.236050557677, 0.862551728804, 462.19117721, 557.847516182, 319.416272899, 211.549301998, 360.293379163, 351.590093306, 7.43354572943, 51.7088252026
0.00822428681387, 0.304702164685, 0.0973736494231, 0.0177962014716, 0.358066206262, 0.842515162826, 0.740335679809, 0.191449520321, 0.350470279414, 0.75538134371, 0.783514309189, 0.150787594151, 0.11904475505, 0.995911841513, 0.262610341957, 0.376142680764, 0.864754140015, 89.7820392768, 207.774561791, 896.232156418, 582.693013196, 30.553534985, 168.514603129, 573.884981215, 16.0983632424
0.0728637853721, 0.17635777501, 0.0149211513043, 0.453182813105, 0.108716440085, 0.82917151072, 0.197358867769, 0.0544497948602, 0.869475861133, 0.806220094278, 0.638964762477, 0.519568603822, 0.47587677122, 0.186850153916, 0.497592747017, 0.701980250314, 0.400865985922, 138.702929352, 44.4319820625, 529.682156217, 94.7344836901, 480.947983586, 17.2594129034, 209.397176158, 88.0154955211
0.00356623462329, 0.459736450276, 0.442542237895, 0.527515377823, 0.231704832946, 0.351926886223, 0.0752593280435, 0.600960542284, 0.0221622865763, 0.424159531455, 0.205786728915, 0.467880388323, 0.418147197986, 0.290997048706, 0.993016779753, 0.453507263745, 0.0622610096398, 265.314402739, 31.5116244345, 164.842047322, 119.589341575, 366.316688933, 414.540226003, 570.123133209, 4.83170819419
0.168241722209, 0.0699179385169, 0.191426283481, 0.696247808754, 0.476829206218, 0.567233826319, 0.972591871157, 0.822892943727, 0.629348562579, 0.942366080802, 0.282187238832, 0.736016569907, 0.224630303031, 0.0152208739531, 0.190438699261, 0.587742886412, 0.221649251257, 8.16980740859, 189.646186088, 234.838216362, 280.744664395, 797.54673791, 278.408698533, 103.653805876, 255.907066115
0.00317528294991, 0.316446762891, 0.207496307506, 0.304389759008, 0.0543917070332, 0.82917151072, 0.197358867769, 0.413054079099, 0.991057824604, 0.936233939714, 0.0195410286766, 0.992714743183, 0.47587677122, 0.900834280364, 0.617378146819, 0.859927283355, 0.52935881282, 161.487439385, 51.7307532261, 616.692203221, 54.7780407205, 332.670934834, 244.36696374, 414.033656918, 4.33066971879
0.000902162998388, 0.459736450276, 0.442542237895, 0.261878599801, 0.231704832946, 0.510198907865, 0.0752593280435, 0.536814775181, 0.566890516692, 0.963882422357, 0.966003801088, 0.970114560775, 0.311928591107, 0.290997048706, 0.825073195741, 0.0269469303484, 0.0622610096398, 449.493314303, 53.3867153835, 467.39337741, 247.854980815, 303.742656965, 633.549739473, 871.33006607, 1.86803746069
0.886597627207, 0.070634198474, 0.0525337575001, 0.999857959964, 0.310860194735, 0.856283645326, 0.989788043797, 0.291673359534, 0.98941006711, 0.998778342004, 0.28021165103, 0.646282148996, 0.651791823203, 0.915691824211, 0.899082125394, 0.587742886412, 0.870068603768, 0.000101100385514, 0.00630212102915, 0.02744415972, 0.0149579799188, 142.907518705, 11.8195455923, 15.9756147161, 801.390567376
0.168241722209, 0.0699179385169, 0.588980594884, 0.00790480998871, 0.471554662083, 0.476905012009, 0.496437361813, 0.555611702947, 0.588115060742, 0.980075971475, 0.794327389069, 0.508747477334, 0.763311880451, 0.0152208739531, 0.408306140756, 0.376142680764, 0.248497002745, 199.221993953, 197.004615782, 260.553854902, 349.85785072, 6.43782871193, 688.263955402, 95.0208346205, 234.593441139
0.000227846501758, 0.459736450276, 0.246107635525, 0.0300395633251, 0.021647687084, 0.51551815299, 0.488099734509, 0.407505198905, 0.254918168105, 0.424159531455, 0.0132793171979, 0.976581097646, 0.11904475505, 0.688436636234, 0.779496098296, 0.28072368863, 0.269241939729, 301.784172012, 290.707498243, 439.971074429, 20.6683397171, 28.70740207, 247.747343739, 578.834131653, 0.313410898869
0.00356623462329, 0.00492030045794, 0.318678224055, 0.489711513424, 0.689772617297, 0.401321257198, 0.0147065142044, 0.328493623703, 0.928673630618, 0.984934404239, 0.000348575980368, 0.616086007685, 0.387197860766, 0.561288541434, 0.457762234652, 0.863260244117, 0.00355308700947, 240.601437693, 5.55910792735, 175.618127189, 562.204278283, 616.026495844, 484.482320491, 7.8022035433, 5.65515393242
0.886597627207, 0.00323643030175, 0.710773944278, 0.999857959964, 0.643050556456, 0.856283645326, 0.740335679809, 0.291673359534, 0.98941006711, 0.991826415186, 0.133340109067, 0.875847672253, 0.831455868253, 0.915691824211, 0.563156715258, 0.587742886412, 0.870068603768, 0.000759514141085, 0.00175767580141, 0.00833720517873, 0.013623204552, 72.0980916995, 147.624510505, 0.835219105479, 912.528178632
0.00822428681387, 0.304702164685, 0.0973736494231, 0.0177962014716, 0.358066206262, 0.213237109503, 0.740335679809, 0.191449520321, 0.873016928577, 0.75538134371, 0.783514309189, 0.150787594151, 0.11904475505, 0.995911841513, 0.262610341957, 0.376142680764, 0.864754140015, 325.210418218, 752.605450703, 285.367868599, 547.226255763, 28.6938339254, 158.257630044, 538.95434199, 15.1185046698
0.0263586431296, 0.0742810078859, 0.931227001778, 0.0462084807973, 0.636389708405, 0.043172935192, 0.231574037278, 0.407505198905, 0.65889381766, 0.424159531455, 0.0575015366593, 0.996054345261, 0.656469994961, 0.900834280364, 0.726955151384, 0.28072368863, 0.269241939729, 57.5537245622, 21.9105121859, 4.18273967914, 96.0548940581, 8.30206940103, 1055.58771554, 124.453819532, 44.2881607501
0.00537712188556, 0.217942007468, 0.83413894527, 0.440047478085, 0.576888204657, 0.995173371278, 0.0559766053196, 0.678257281486, 0.721299691097, 0.984934404239, 0.776686159329, 0.189717645756, 0.387139186312, 0.233989423615, 0.550890028666, 0.236050557677, 0.0162396267653, 0.864328820883, 0.0761950351393, 114.442649264, 146.062966105, 153.531334553, 903.400174648, 333.193375806, 8.38363017082
0.00537712188556, 0.0789085714257, 0.83413894527, 0.163046880839, 0.231704832946, 0.995173371278, 0.0559766053196, 0.536814775181, 0.458940305463, 0.984934404239, 0.476327203404, 0.498135479721, 0.387139186312, 0.583288465432, 0.550890028666, 0.236050557677, 0.0162396267653, 1.80849695846, 0.159428317059, 239.456533336, 91.2192619808, 67.1025112175, 993.608693904, 128.115261538, 8.75285043286
0.174403650293, 0.0742810078859, 0.0022131032383, 0.000801024105796, 0.310860194735, 0.0345370001537, 0.231574037278, 0.014850879284, 0.4779976473, 0.424159531455, 0.314138148317, 0.991318078812, 0.727512831363, 0.992076438922, 0.157982065538, 0.28072368863, 0.321795579374, 654.109232989, 249.017217032, 38.0076120241, 372.340655061, 0.998662956235, 2.75916004621, 93.031717407, 224.571002125
