0.997537937087, 0.996744048901, 0.00440065582181, 0.000194824067725, 0.147085985007, 0.0345370001537, 0.777295571424, 0.530162889875, 0.498980214277, 0.0880763706028, 0.477636985487, 0.89375822186, 0.285367743984, 0.207536187126, 0.421574613074, 0.376142680764, 0.898105559004, 0.00354011967102, 0.0097035236739, 0.000560911530874, 0.00243343322547, 3.25208183654e-06, 7.34586912588e-05, 2.07781954717, 537.269663453
0.0263586431296, 0.0742810078859, 0.931227001778, 0.0462084807973, 0.636389708405, 0.043172935192, 0.231574037278, 0.407505198905, 0.65889381766, 0.424159531455, 0.0575015366593, 0.996054345261, 0.656469994961, 0.900834280364, 0.726955151384, 0.28072368863, 0.269241939729, 57.5537245622, 21.9105121859, 4.18273967914, 96.0548940581, 8.30206940103, 1055.58771554, 124.453819532, 44.2881607501
0.000227846501758, 0.123849424426, 0.551953323437, 0.69504153558, 0.404808096985, 0.264370719698, 0.416337523448, 0.407505198905, 0.890360208673, 0.51362182823, 0.880563940082, 0.910864593033, 0.0119317425744, 0.211115892175, 0.497592747017, 0.65469995519, 0.0622610096398, 114.951970003, 88.1113611448, 63.860405599, 116.841066297, 378.805566834, 502.893875683, 129.968441258, 0.240618602086
0.992251548075, 0.337450026719, 0.992191697111, 0.999857959964, 0.992096856365, 0.00377400122019, 0.740335679809, 0.530162889875, 0.0221622865763, 0.136545489098, 0.00230706269767, 0.999572470788, 0.752081430376, 0.207536187126, 0.885685675527, 0.780175716158, 0.321466640168, 1.27801325478e-07, 2.95759203191e-07, 1.91002768481e-09, 2.59524420293e-05, 0.116327136671, 9.48380775494, 5.55797381191, 903.154512609
0.174403650293, 0.159778286053, 0.04213327779, 0.000600715315049, 0.95292799497, 0.89129402515, 0.422629613415, 0.000780416177287, 0.0742123763893, 0.763250545578, 0.0312172240254, 0.746209428509, 0.875914522648, 0.998103915918, 0.206462258753, 0.453507263745, 0.76259340543, 11.1528308305, 8.72504567455, 82.1196436337, 1124.95315391, 1.06441606122, 74.7657627588, 289.846214932, 327.969484098
0.0728393956661, 0.158314636262, 0.191426283481, 0.00368267662794, 0.180229156787, 0.213237109503, 0.888509605907, 0.33030059669, 0.0221622865763, 0.75538134371, 0.682141734766, 0.0425282156262, 0.285367743984, 0.900834280364, 0.0421096998261, 0.222206855709, 0.841813096552, 184.644052051, 1043.5325447, 368.861697153, 326.438770289, 6.76023756523, 362.388748611, 310.700906537, 145.068871166
0.00822428681387, 0.00492030045794, 0.0973736494231, 0.0177962014716, 0.0470577502565, 0.842515162826, 0.961018145401, 0.13462898004, 0.350470279414, 0.75538134371, 0.783514309189, 0.150787594151, 0.11904475505, 0.995911841513, 0.262610341957, 0.376142680764, 0.864754140015, 20.5592922273, 335.337810951, 1330.30420866, 101.606184137, 38.4702494034, 212.178355587, 10.7635271596, 17.9924257669
0.011894945578, 0.158314636262, 0.395790668179, 0.012862608662, 0.0419692715614, 0.0960747655411, 0.263470611416, 0.721624640442, 0.764896821507, 0.75538134371, 0.389589121742, 0.640625929096, 0.285367743984, 0.720623676293, 0.0421096998261, 0.0397265049459, 0.95014749117, 1003.68924792, 440.846937401, 166.705060607, 73.2066359495, 22.4554522633, 796.363979797, 347.21450267, 26.3618152467
0.998182491552, 0.00289337162216, 0.0052782916824, 0.885072722103, 0.610559266992, 0.0345370001537, 0.740335679809, 0.561081385954, 0.645892185143, 0.139650778455, 0.926376549903, 0.109612944342, 0.0119317425744, 0.900834280364, 0.497592747017, 0.376142680764, 0.839744199628, 0.126277511604, 0.292232776722, 0.0172875783757, 0.454480182222, 3.04170551935, 0.0256363393899, 0.0140531865097, 1083.06548338
0.0318424321581, 0.946657478256, 0.04213327779, 0.153216206886, 0.0814785339422, 0.51551815299, 0.972591871157, 0.464793433078, 0.253457215388, 0.75538134371, 0.920932829947, 0.8483903481, 0.289419677846, 0.720623676293, 0.0423537755777, 0.376142680764, 0.0867060503886, 3.1644614829, 73.4568174303, 77.1997179277, 13.7196133034, 26.3809275263, 7.33577591616, 1320.70728139, 66.3470168935
0.0373735711631, 0.107553733297, 0.171741348808, 0.936704680246, 0.66959878691, 0.773213864939, 0.998908695083, 0.344600600949, 0.021980245935, 0.791094773157, 0.682141734766, 0.0425282156262, 0.0107531715073, 0.720623676293, 0.0423537755777, 0.764772297176, 0.0675860800307, 0.0351548276406, 20.5077756952, 55.1121697414, 102.943747422, 1188.48804487, 330.261330644, 211.372547876, 73.8847744134
0.998009426003, 0.00289337162216, 0.0052782916824, 0.885072722103, 0.2165072521, 0.0473843868857, 0.480024530456, 0.530162889875, 0.645892185143, 0.653286412511, 0.861353026465, 0.229506841555, 0.768065514113, 0.900834280364, 0.457762234652, 0.376142680764, 0.839744199628, 0.575489015723, 0.540461888347, 0.0588710924607, 0.280124445735, 4.60114446117, 0.0387797241508, 0.0212580543579, 1495.89563476
0.000976074458729, 0.217942007468, 0.377722242084, 0.708447265988, 0.0113304852601, 0.793242735609, 0.876941612587, 0.536814775181, 0.253457215388, 0.755191431042, 0.90009556951, 0.843688125122, 0.47587677122, 0.870508375498, 0.657689200434, 0.679889484921, 0.271053695445, 30.128732496, 153.919272348, 465.822250802, 8.74889192608, 997.306265045, 749.833975515, 477.932418362, 2.18285718846
0.0318424321581, 0.936829482849, 0.207496307506, 0.00790480998871, 0.0814785339422, 0.51551815299, 0.972591871157, 0.464793433078, 0.253457215388, 0.75538134371, 0.301364863497, 0.8483903481, 0.289419677846, 0.720623676293, 0.0423537755777, 0.318978210757, 0.0867060503886, 3.34107634048, 77.5565877764, 81.5083869575, 14.4853320719, 1.40924113199, 38.3607620542, 1203.40229025, 60.5397913318
0.174403650293, 0.159778286053, 0.207496307506, 0.000600715315049, 0.95292799497, 0.89129402515, 0.382879075307, 0.000780416177287, 0.0742123763893, 0.763250545578, 0.0312172240254, 0.746209428509, 0.875914522648, 0.998103915918, 0.206462258753, 0.453507263745, 0.76259340543, 11.0851088971, 7.60694402282, 77.9668951178, 1068.06484639, 1.01058908362, 361.982982091, 289.846214932, 327.969484098
0.00281353436031, 0.316446762891, 0.256197703011, 0.856211338842, 0.161582986005, 0.264370719698, 0.31368446127, 0.931732392685, 0.988201493468, 0.936233939714, 0.182931067148, 0.992714743183, 0.47587677122, 0.244232704384, 0.311430248961, 0.634956252717, 0.426532735302, 153.328536232, 82.3229543143, 76.732641952, 49.3385253903, 855.115872606, 373.47944505, 517.326457726, 4.79460821385
0.00822428681387, 0.00492030045794, 0.0973736494231, 0.0567724059769, 0.406028663662, 0.135579995253, 0.740335679809, 0.13462898004, 0.350470279414, 0.75538134371, 0.802330617931, 0.150787594151, 0.285367743984, 0.995911841513, 0.262610341957, 0.376142680764, 0.864754140015, 402.232558157, 930.850916088, 219.283673343, 768.886871124, 115.464799369, 199.864159176, 10.1388442736, 16.948199252
0.0728393956661, 0.399879384464, 0.0195080361031, 0.0462084807973, 0.013988880104, 0.0689704674692, 0.236345076931, 0.733781384355, 0.765417069144, 0.424159531455, 0.205786728915, 0.66769760907, 0.11904475505, 0.991681776302, 0.34801968711, 0.28072368863, 0.657945907309, 858.784312608, 334.326349742, 100.233635101, 20.3729100816, 67.4202543197, 28.4970314308, 675.495032005, 132.100324478
0.366186997, 0.0742810078859, 0.0437879456552, 0.000801024105796, 0.501595335257, 0.0345370001537, 0.231574037278, 0.581395100413, 0.4779976473, 0.424159531455, 0.314138148317, 0.73140016075, 0.727512831363, 0.992076438922, 0.284226920911, 0.305956971046, 0.52935881282, 420.826490304, 160.20725008, 24.4525060438, 453.219496215, 0.804458560392, 44.045182081, 75.1175259814, 418.340808543
0.00317528294991, 0.316446762891, 0.207496307506, 0.304389759008, 0.161582986005, 0.264370719698, 0.197358867769, 0.986718269661, 0.999903700799, 0.936233939714, 0.0304535750798, 0.992714743183, 0.47587677122, 0.900834280364, 0.311430248961, 0.634956252717, 0.862551728804, 585.959765883, 187.705868424, 271.290312664, 174.437679181, 360.023015171, 264.458724469, 448.075349957, 4.68673576983
0.308314917358, 0.316446762891, 0.0459722867105, 0.69504153558, 0.161582986005, 0.115158820697, 0.197358867769, 0.931732392685, 0.988201493468, 0.51362182823, 0.075709220881, 0.992714743183, 0.47587677122, 0.442096180241, 0.297063686433, 0.634956252717, 0.933847832725, 328.797266202, 105.326645243, 63.1438558451, 91.0477716554, 698.144539602, 56.9084079078, 427.902222601, 472.081380515
0.120625840074, 0.932538315308, 0.189652857871, 0.885072722103, 0.0684845451732, 0.0024674588818, 0.989417264411, 0.0922230560039, 0.795835262382, 0.738069461071, 0.0140591269525, 0.519568603822, 0.179726414432, 0.652270036039, 0.21954199267, 0.453507263745, 0.0707053410111, 0.308358360268, 18.5480346718, 0.071900164359, 2.00333437306, 102.23082008, 31.9078252046, 1022.00705869, 197.105377222
0.00356623462329, 0.459736450276, 0.442542237895, 0.261878599801, 0.231704832946, 0.510198907865, 0.0752593280435, 0.536814775181, 0.587840376313, 0.963882422357, 0.966003801088, 0.970114560775, 0.311928591107, 0.290997048706, 0.379821330086, 0.0269469303484, 0.0622610096398, 394.903617937, 46.903049242, 410.629768821, 217.753691841, 266.853967212, 556.606908934, 765.509484922, 6.48757827141
0.103409532029, 0.00492030045794, 0.00110656719989, 0.222057674575, 0.0367954108697, 0.89129402515, 0.740335679809, 0.467559372284, 0.39355351581, 0.0779390184856, 0.783514309189, 0.96988105253, 0.425568580755, 0.941530250195, 0.457762234652, 0.533185306634, 0.334281869452, 79.3175881815, 183.557616417, 1159.64113572, 68.0900344421, 428.675183108, 2.18013456238, 9.69406655228, 205.5524298
0.00317528294991, 0.316446762891, 0.0459722867105, 0.304389759008, 0.161582986005, 0.264370719698, 0.197358867769, 0.851021294057, 0.988201493468, 0.637946199755, 0.075709220881, 0.992714743183, 0.47587677122, 0.295089236689, 0.0820192827042, 0.36729510498, 0.862551728804, 719.596797602, 230.515045015, 333.162192321, 214.220843526, 442.131736451, 69.5102850643, 522.657487112, 5.46684288804
0.0728393956661, 0.00492030045794, 0.23824620556, 0.0382393756309, 0.727925502593, 0.401321257198, 0.559526311513, 0.534426270455, 0.979304133293, 0.498729493863, 0.133376065191, 0.73140016075, 0.875914522648, 0.996306258067, 0.234846167423, 0.376142680764, 0.52935881282, 213.708399265, 257.938068911, 244.432021575, 910.467783731, 60.1657281929, 393.631733877, 8.32241735488, 123.745509951
0.00356623462329, 0.00492030045794, 0.483741904713, 0.676297284171, 0.480698459798, 0.401321257198, 0.197358867769, 0.328493623703, 0.928673630618, 0.673455013724, 0.880563940082, 0.616086007685, 0.472754314585, 0.561288541434, 0.457762234652, 0.863260244117, 0.00355308700947, 236.180788145, 75.6579590018, 180.972330121, 288.938145111, 756.422244731, 822.838485937, 9.23270623452, 6.6920036986
0.0373735711631, 0.158314636262, 0.191426283481, 0.222057674575, 0.2165072521, 0.043172935192, 0.972591871157, 0.217062401393, 0.0221622865763, 0.75538134371, 0.607280404495, 0.0425282156262, 0.285367743984, 0.720623676293, 0.0421096998261, 0.376142680764, 0.189211908673, 36.7545880889, 853.18626299, 58.002192146, 302.864852801, 330.200204565, 299.59045757, 256.859593775, 61.3372307952
0.011894945578, 0.158314636262, 0.395790668179, 0.012862608662, 0.161582986005, 0.0960747655411, 0.505663705381, 0.639602740454, 0.308376389187, 0.75538134371, 0.682141734766, 0.640625929096, 0.11904475505, 0.720623676293, 0.0421096998261, 0.0397265049459, 0.782548886011, 672.610482495, 684.686026953, 145.955607489, 251.840510443, 20.2670789872, 718.755137589, 313.377066229, 23.7927513367
0.168241722209, 0.029789168548, 0.0709858079518, 0.401737942023, 0.0755147820259, 0.0152404333326, 0.488099734509, 0.391871977132, 0.764896821507, 0.112309048822, 0.116056877123, 0.532922491916, 0.156179942306, 0.936764845684, 0.183032231748, 0.376142680764, 0.489934669696, 553.287092476, 532.979265915, 18.3948979105, 91.5834760242, 565.504770298, 107.321554114, 45.1638811716, 261.278448284
0.0728393956661, 0.158314636262, 0.191426283481, 0.00368267662794, 0.180229156787, 0.842515162826, 0.888509605907, 0.33030059669, 0.0221622865763, 0.75538134371, 0.682141734766, 0.0425282156262, 0.285367743984, 0.900834280364, 0.0421096998261, 0.222206855709, 0.841813096552, 47.8726483664, 270.556598041, 1087.94296093, 326.438770289, 6.76023756523, 362.388748611, 310.700906537, 145.068871166
0.000902162998388, 0.459736450276, 0.442542237895, 0.261878599801, 0.231704832946, 0.510198907865, 0.0752593280435, 0.536814775181, 0.566890516692, 0.963882422357, 0.966003801088, 0.970114560775, 0.311928591107, 0.290997048706, 0.825073195741, 0.0269469303484, 0.0622610096398, 449.493314303, 53.3867153835, 467.39337741, 247.854980815, 303.742656965, 633.549739473, 871.33006607, 1.86803746069
0.00822428681387, 0.00492030045794, 0.0973736494231, 0.0177962014716, 0.0470577502565, 0.842515162826, 0.740335679809, 0.13462898004, 0.350470279414, 0.75538134371, 0.783514309189, 0.150787594151, 0.11904475505, 0.995911841513, 0.262610341957, 0.376142680764, 0.864754140015, 133.26616754, 308.40599952, 1330.30420866, 101.606184137, 38.4702494034, 212.178355587, 10.7635271596, 17.9924257669
0.998009426003, 0.162877207829, 0.0052782916824, 0.885072722103, 0.2165072521, 0.563225690467, 0.740335679809, 0.530162889875, 0.765417069144, 0.536734567296, 0.133376065191, 0.229506841555, 0.00740837599354, 0.900834280364, 0.457762234652, 0.28072368863, 0.839744199628, 0.162588531931, 0.376264130848, 0.500614869705, 0.228936770335, 3.76036853913, 0.031693431033, 0.999918438185, 1263.6684094
0.00822428681387, 0.304702164685, 0.0973736494231, 0.453182813105, 0.358066206262, 0.842515162826, 0.570578036219, 0.409931273363, 0.350470279414, 0.75538134371, 0.783514309189, 0.000122095539902, 0.11904475505, 0.995911841513, 0.497592747017, 0.376142680764, 0.864754140015, 75.646419594, 94.5980633849, 479.607750912, 311.821087349, 504.49745612, 119.056153815, 405.451737281, 11.3735496792
0.00317528294991, 0.316446762891, 0.207496307506, 0.304389759008, 0.0543917070332, 0.309858486833, 0.874251419562, 0.467559372284, 0.988201493468, 0.663876818447, 0.0650710026691, 0.992714743183, 0.4237614976, 0.900834280364, 0.610168540555, 0.634956252717, 0.52935881282, 126.82768015, 633.710500897, 342.002267601, 62.6241373898, 380.320837595, 279.368705224, 473.337495716, 4.95097035038
0.00537712188556, 0.00357825771119, 0.191426283481, 0.696247808754, 0.720426117199, 0.308060923026, 0.972591871157, 0.0303523395235, 0.768713027129, 0.942366080802, 0.968465916024, 0.736016569907, 0.763311880451, 0.0152208739531, 0.190438699261, 0.376142680764, 0.221649251257, 9.16066488183, 212.647014793, 111.866511326, 511.873891099, 1093.94055091, 381.874253349, 7.24701783999, 10.8905599506
0.0728393956661, 0.070634198474, 0.358660710362, 0.163046880839, 0.240095720301, 0.303105621771, 0.197358867769, 0.687903400971, 0.988201493468, 0.424159531455, 0.205786728915, 0.760108301521, 0.393286471293, 0.570048720696, 0.294273957145, 0.0328667798906, 0.269241939729, 534.751118512, 171.301732534, 289.56700925, 250.251208109, 177.947818266, 443.721373617, 92.5659137299, 96.0715388739
0.00356623462329, 0.029789168548, 0.0709858079518, 0.401737942023, 0.231704832946, 0.0152404333326, 0.403238779737, 0.391871977132, 0.587840376313, 0.112309048822, 0.116056877123, 0.532922491916, 0.156179942306, 0.290997048706, 0.183032231748, 0.376142680764, 0.832286104903, 502.081791806, 368.700944761, 14.9152614061, 237.357271816, 487.226250776, 92.4658485393, 38.912188985, 4.66015361521
0.0341930667806, 0.070634198474, 0.0525337575001, 0.0462084807973, 0.513144068407, 0.92687554749, 0.933638425532, 0.00222908265937, 0.550242772866, 0.914687314645, 0.135145150597, 0.631841295223, 0.11904475505, 0.915691824211, 0.786029896637, 0.634956252717, 0.0468631305643, 9.47540119412, 90.5699277763, 789.313379438, 828.055233681, 83.4440559442, 95.1658079902, 128.628657567, 62.45541333
0.886597627207, 0.00323643030175, 0.710773944278, 0.999857959964, 0.643050556456, 0.856283645326, 0.740335679809, 0.291673359534, 0.98941006711, 0.991826415186, 0.133340109067, 0.875847672253, 0.831455868253, 0.915691824211, 0.563156715258, 0.587742886412, 0.870068603768, 0.000759514141085, 0.00175767580141, 0.00833720517873, 0.013623204552, 72.0980916995, 147.624510505, 0.835219105479, 912.528178632
0.174403650293, 0.0742810078859, 0.0022131032383, 0.000801024105796, 0.310860194735, 0.0345370001537, 0.231574037278, 0.014850879284, 0.4779976473, 0.424159531455, 0.314138148317, 0.991318078812, 0.727512831363, 0.992076438922, 0.157982065538, 0.28072368863, 0.321795579374, 654.109232989, 249.017217032, 38.0076120241, 372.340655061, 0.998662956235, 2.75916004621, 93.031717407, 224.571002125
0.00317528294991, 0.459736450276, 0.442542237895, 0.224780291656, 0.231704832946, 0.82917151072, 0.0752593280435, 0.536814775181, 0.566890516692, 0.963882422357, 0.966003801088, 0.970114560775, 0.311928591107, 0.253275346336, 0.825073195741, 0.0197876467077, 0.52935881282, 185.545901069, 22.037449492, 679.532891818, 268.463217843, 277.92696148, 670.333508672, 921.919312738, 6.95659187449
0.174403650293, 0.0742810078859, 0.0437879456552, 0.000801024105796, 0.0465760662727, 0.0345370001537, 0.715615331557, 0.407505198905, 0.4779976473, 0.424159531455, 0.314138148317, 0.991318078812, 0.622760186048, 0.996473720921, 0.157982065538, 0.149942937707, 0.269241939729, 383.850990256, 801.351906918, 48.2512632537, 65.219245682, 1.12265492064, 61.4668583671, 104.829588896, 253.050104704
0.011894945578, 0.119589617125, 0.147592385839, 0.0462084807973, 0.013988880104, 0.043172935192, 0.236345076931, 0.808715569183, 0.860405076805, 0.424159531455, 0.205786728915, 0.66769760907, 0.634584308695, 0.991681776302, 0.0113641569187, 0.28072368863, 0.0622610096398, 868.454209103, 338.090858653, 63.2976211025, 20.528707378, 67.9358357122, 221.157969543, 182.97026193, 18.3086902294
0.0341930667806, 0.070634198474, 0.0525337575001, 0.0462084807973, 0.310860194735, 0.395373739013, 0.933638425532, 0.065768908945, 0.517796142767, 0.940914435758, 0.880563940082, 0.875847672253, 0.11904475505, 0.915691824211, 0.294273957145, 0.587742886412, 0.113874476564, 62.9406111412, 601.613218107, 432.802232833, 395.102127488, 61.2388958333, 69.8413917739, 94.3994976371, 45.8355062906
0.220539516123, 0.17635777501, 0.0149211513043, 0.304389759008, 0.108716440085, 0.309858486833, 0.874251419562, 0.0544497948602, 0.869475861133, 0.806220094278, 0.638964762477, 0.519568603822, 0.4237614976, 0.37599473068, 0.497592747017, 0.701980250314, 0.400865985922, 112.858593783, 563.912198918, 304.333367499, 112.206251922, 342.174247965, 17.4331005487, 211.504414838, 279.162320249
0.00537712188556, 0.0699179385169, 0.0459722867105, 0.440047478085, 0.720426117199, 0.73485003697, 0.0536198634187, 0.678257281486, 0.00828127243426, 0.441253133165, 0.749091621423, 0.514105957804, 0.387139186312, 0.233989423615, 0.550890028666, 0.338351894105, 0.0655356961049, 169.469898025, 14.3076007738, 384.452146735, 894.929732492, 818.089713546, 92.8335999966, 141.881671516, 10.9338047289
0.00356623462329, 0.459736450276, 0.147592385839, 0.296233227417, 0.689772617297, 0.401321257198, 0.0147065142044, 0.536814775181, 0.928673630618, 0.995093861787, 0.000348575980368, 0.214650724781, 0.360554832683, 0.561288541434, 0.457762234652, 0.0269469303484, 0.0622610096398, 316.600939773, 7.3150801216, 231.091154908, 739.789439978, 420.376986497, 221.175178569, 847.946185466, 7.18621696596
0.00537712188556, 0.0789085714257, 0.83413894527, 0.564062873373, 0.231704832946, 0.995173371278, 0.0559766053196, 0.536814775181, 0.849420175866, 0.984934404239, 0.314138148317, 0.498135479721, 0.387139186312, 0.583288465432, 0.550890028666, 0.236050557677, 0.0162396267653, 1.15504495489, 0.101823158963, 152.935319826, 58.259621531, 200.422143117, 970.595411783, 125.147943845, 8.55012292292
0.0341930667806, 0.00492030045794, 0.203099232407, 0.183746858989, 0.404808096985, 0.264370719698, 0.559526311513, 0.931732392685, 0.976495418458, 0.228624140547, 0.133376065191, 0.616086007685, 0.385071853893, 0.995973964095, 0.21954199267, 0.534116453974, 0.862551728804, 468.730227211, 565.739905699, 323.935353061, 592.682613081, 296.322252744, 343.869450348, 8.47379040809, 58.9449184769
0.886597627207, 0.893100139451, 0.802679226753, 0.999857959964, 0.643050556456, 0.856283645326, 0.989788043797, 0.291673359534, 0.98941006711, 0.991826415186, 0.28021165103, 0.875847672253, 0.651791823203, 0.915691824211, 0.899082125394, 0.587742886412, 0.870068603768, 2.83033403043e-06, 0.0001764296696, 0.000768307052414, 0.00125543319486, 6.64412967305, 20.7451946782, 128.503700336, 723.931592864
0.0341930667806, 0.00492030045794, 0.23824620556, 0.263694233972, 0.166220246012, 0.264370719698, 0.559526311513, 0.191449520321, 0.806970312464, 0.883174107477, 0.133376065191, 0.0047984247888, 0.385071853893, 0.715213572425, 0.21954199267, 0.236050557677, 0.862551728804, 393.318021084, 474.720184959, 271.81863816, 180.025402747, 306.604465619, 299.198094967, 6.32584012872, 44.0034639433
0.00822428681387, 0.304702164685, 0.0973736494231, 0.0177962014716, 0.358066206262, 0.842515162826, 0.740335679809, 0.191449520321, 0.350470279414, 0.75538134371, 0.783514309189, 0.150787594151, 0.11904475505, 0.995911841513, 0.262610341957, 0.376142680764, 0.864754140015, 89.7820392768, 207.774561791, 896.232156418, 582.693013196, 30.553534985, 168.514603129, 573.884981215, 16.0983632424
0.886597627207, 0.070634198474, 0.0525337575001, 0.999857959964, 0.310860194735, 0.856283645326, 0.989788043797, 0.291673359534, 0.98941006711, 0.998778342004, 0.28021165103, 0.646282148996, 0.651791823203, 0.915691824211, 0.899082125394, 0.587742886412, 0.870068603768, 0.000101100385514, 0.00630212102915, 0.02744415972, 0.0149579799188, 142.907518705, 11.8195455923, 15.9756147161, 801.390567376
0.168241722209, 0.0699179385169, 0.588980594884, 0.00790480998871, 0.471554662083, 0.476905012009, 0.496437361813, 0.555611702947, 0.588115060742, 0.980075971475, 0.794327389069, 0.508747477334, 0.763311880451, 0.0152208739531, 0.408306140756, 0.376142680764, 0.248497002745, 199.221993953, 197.004615782, 260.553854902, 349.85785072, 6.43782871193, 688.263955402, 95.0208346205, 234.593441139
0.00317528294991, 0.316446762891, 0.0459722867105, 0.391261043543, 0.161582986005, 0.591315052207, 0.197358867769, 0.931732392685, 0.645892185143, 0.936233939714, 0.075709220881, 0.997067964496, 0.47587677122, 0.3673770283, 0.862391959402, 0.587523908238, 0.169157856771, 508.745946404, 162.971257136, 714.57255761, 231.440681003, 650.524423996, 81.609767712, 613.635177538, 6.41844264915
0.997537937087, 0.996744048901, 0.00440065582181, 0.000600715315049, 0.147085985007, 0.0345370001537, 0.972591871157, 0.530162889875, 0.498980214277, 0.0880763706028, 0.477636985487, 0.89375822186, 0.285367743984, 0.207536187126, 0.421574613074, 0.376142680764, 0.898105559004, 0.000444558015114, 0.0103195495126, 0.000560911307426, 0.00243343225608, 1.00273807461e-05, 7.34586912588e-05, 2.07781954717, 537.269663453
0.0728393956661, 0.00492030045794, 0.23824620556, 0.0382393756309, 0.501595335257, 0.836061721743, 0.559526311513, 0.00896912917684, 0.979304133293, 0.498729493863, 0.133376065191, 0.73140016075, 0.875914522648, 0.996306258067, 0.234846167423, 0.376142680764, 0.52935881282, 102.346791911, 123.528761413, 609.121694196, 633.056512264, 53.7063079104, 351.371249678, 7.42891879554, 110.460135023
0.00259803534937, 0.316446762891, 0.32273012393, 0.385314544711, 0.161582986005, 0.741546375787, 0.197358867769, 0.918802062248, 0.988201493468, 0.936233939714, 0.075709220881, 0.992714743183, 0.47587677122, 0.900834280364, 0.311430248961, 0.634956252717, 0.862551728804, 217.551465661, 69.6902571927, 531.434355673, 150.055636705, 413.462527966, 403.568101439, 450.949266683, 3.8592999681
0.0105366712634, 0.158314636262, 0.191426283481, 0.440047478085, 0.180229156787, 0.000131647604657, 0.943751880721, 0.208868734095, 0.0221622865763, 0.75538134371, 0.69589013851, 0.14781178133, 0.794816583594, 0.720623676293, 0.0421096998261, 0.127986669059, 0.0162396267653, 63.6479795673, 718.49635789, 0.149160827298, 209.841511071, 621.552138419, 302.345702391, 259.221855481, 17.4332820558
0.00356623462329, 0.00492030045794, 0.442542237895, 0.493089570572, 0.231704832946, 0.510198907865, 0.0752593280435, 0.328493623703, 0.587840376313, 0.963882422357, 0.966003801088, 0.970114560775, 0.311928591107, 0.982585196261, 0.313118264989, 0.863260244117, 0.00355308700947, 360.932695022, 42.8682929168, 375.306030091, 199.021794882, 547.075832974, 652.386627357, 7.87243166485, 5.70605632629
0.00356623462329, 0.459736450276, 0.235393061079, 0.296233227417, 0.689772617297, 0.401321257198, 0.0147065142044, 0.536814775181, 0.928673630618, 0.995093861787, 0.000348575980368, 0.214650724781, 0.977590291144, 0.561288541434, 0.457762234652, 0.0269469303484, 0.0622610096398, 285.788336914, 6.60315343296, 208.600634237, 667.790796417, 379.464571185, 327.768441864, 798.938573767, 6.77088479431
0.00822428681387, 0.00492030045794, 0.0973736494231, 0.00778977927626, 0.358066206262, 0.842515162826, 0.740335679809, 0.191449520321, 0.350470279414, 0.579659636678, 0.783514309189, 0.150787594151, 0.11904475505, 0.995911841513, 0.83835019274, 0.376142680764, 0.864754140015, 91.5067069869, 211.765806371, 913.4483243, 593.88625221, 13.6279739344, 171.697434856, 8.70998362768, 14.5597006936
0.00317528294991, 0.316446762891, 0.0459722867105, 0.304389759008, 0.161582986005, 0.591315052207, 0.197358867769, 0.931732392685, 0.988201493468, 0.936233939714, 0.075709220881, 0.992714743183, 0.47587677122, 0.3673770283, 0.862391959402, 0.634956252717, 0.862551728804, 564.310997587, 180.770919833, 792.617918008, 256.718549803, 529.843017772, 83.2999221009, 626.34368312, 6.55136986261
0.00356623462329, 0.00492030045794, 0.483741904713, 0.676297284171, 0.480698459798, 0.309858486833, 0.197358867769, 0.328493623703, 0.928673630618, 0.673455013724, 0.880563940082, 0.616086007685, 0.472754314585, 0.561288541434, 0.457762234652, 0.863260244117, 0.52935881282, 280.056489364, 89.7130649658, 155.620981255, 313.125972937, 819.744486289, 891.720618546, 10.0056021382, 7.25221022037
0.0728393956661, 0.00492030045794, 0.23824620556, 0.0183733568399, 0.501595335257, 0.836061721743, 0.559526311513, 0.00896912917684, 0.984625315683, 0.498729493863, 0.133376065191, 0.73140016075, 0.875914522648, 0.996306258067, 0.234846167423, 0.248472176892, 0.733406259516, 114.203324666, 137.839154328, 679.686400566, 706.393987073, 28.7677162925, 391.532397613, 8.27803182634, 123.085544267
0.00281353436031, 0.316446762891, 0.536092497111, 0.856211338842, 0.161582986005, 0.264370719698, 0.369154702622, 0.931732392685, 0.988201493468, 0.936233939714, 0.075709220881, 0.992714743183, 0.47587677122, 0.244232704384, 0.311430248961, 0.634956252717, 0.862551728804, 117.477842289, 76.9454212859, 61.9192429591, 39.8136186005, 690.033942885, 793.218968155, 576.81794976, 5.34597842139
0.011894945578, 0.119589617125, 0.361071699355, 0.261878599801, 0.013988880104, 0.94521073879, 0.236345076931, 0.687903400971, 0.765417069144, 0.424159531455, 0.205786728915, 0.66769760907, 0.11904475505, 0.991681776302, 0.34801968711, 0.28072368863, 0.0622610096398, 62.686854397, 24.4041104381, 779.703669304, 17.1993749847, 341.489117335, 544.005178534, 192.483279579, 19.2605984326
0.0728637853721, 0.17635777501, 0.0149211513043, 0.453182813105, 0.108716440085, 0.82917151072, 0.197358867769, 0.0544497948602, 0.869475861133, 0.806220094278, 0.638964762477, 0.519568603822, 0.47587677122, 0.186850153916, 0.497592747017, 0.701980250314, 0.400865985922, 138.702929352, 44.4319820625, 529.682156217, 94.7344836901, 480.947983586, 17.2594129034, 209.397176158, 88.0154955211
0.0341930667806, 0.301075859653, 0.191426283481, 0.00368267662794, 0.180229156787, 0.842515162826, 0.888509605907, 0.33030059669, 0.0221622865763, 0.75538134371, 0.682141734766, 0.0425282156262, 0.285367743984, 0.900834280364, 0.0421096998261, 0.222206855709, 0.841813096552, 44.1962344523, 249.779012603, 1004.39361123, 301.369673881, 6.24108033672, 334.558848174, 577.954250836, 68.215818495
0.000902162998388, 0.316446762891, 0.207496307506, 0.304389759008, 0.0543917070332, 0.510198907865, 0.197358867769, 0.413054079099, 0.991057824604, 0.936233939714, 0.299374360192, 0.992714743183, 0.47587677122, 0.900834280364, 0.617378146819, 0.859927283355, 0.0622610096398, 413.222703999, 132.371420399, 448.037210354, 53.4186501038, 324.415258995, 238.302669487, 403.758855907, 1.19988810122
0.0728637853721, 0.17635777501, 0.0149211513043, 0.0177962014716, 0.108716440085, 0.82917151072, 0.197358867769, 0.0544497948602, 0.869475861133, 0.806220094278, 0.638964762477, 0.601257516831, 0.47587677122, 0.186850153916, 0.262610341957, 0.701980250314, 0.400865985922, 209.132221525, 66.9932434657, 798.639268467, 142.837884691, 23.5018245913, 19.7111834879, 239.142906204, 100.518458635
0.118201332809, 0.00171648474705, 0.207496307506, 0.261878599801, 0.404808096985, 0.418888841181, 0.72089015781, 0.191449520321, 0.350470279414, 0.921630214578, 0.783514309189, 0.425253979956, 0.530601101562, 0.812738710314, 0.666615711807, 0.131297443262, 0.780911581988, 238.521569353, 508.729314044, 434.262526374, 524.178025141, 385.046551448, 325.471880056, 2.740696434, 190.930347201
0.00356623462329, 0.00171648474705, 0.100375177266, 0.462127415786, 0.286824433589, 0.0344539162382, 0.673655260893, 0.191449520321, 0.587840376313, 0.939017739022, 0.966003801088, 0.811019086477, 0.530601101562, 0.866116661981, 0.164185806796, 0.131297443262, 0.780911581988, 376.536652503, 669.035733642, 41.5894965872, 371.907937206, 758.050526906, 181.558757144, 3.11768878655, 6.47750554593
0.00317528294991, 0.316446762891, 0.0459722867105, 0.304389759008, 0.192070067741, 0.591315052207, 0.197358867769, 0.931732392685, 0.999903700799, 0.936233939714, 0.075709220881, 0.992714743183, 0.47587677122, 0.3673770283, 0.899422709467, 0.634956252717, 0.862551728804, 474.700225002, 152.065078805, 666.752740293, 259.070461801, 451.834570992, 71.0357281377, 534.127505437, 5.58681589073
0.998009426003, 0.162877207829, 0.0052782916824, 0.885072722103, 0.2165072521, 0.0473843868857, 0.868786160876, 0.530162889875, 0.988201493468, 0.536734567296, 0.861353026465, 0.229506841555, 0.768065514113, 0.900834280364, 0.457762234652, 0.376142680764, 0.579230946119, 0.125097600751, 0.59832610078, 0.0455813216705, 0.216888152319, 3.56246566814, 0.0300254506402, 0.94729414681, 1197.16333054
0.011894945578, 0.158314636262, 0.395790668179, 0.012862608662, 0.161582986005, 0.0960747655411, 0.972591871157, 0.639602740454, 0.308376389187, 0.75538134371, 0.682141734766, 0.640625929096, 0.285367743984, 0.720623676293, 0.0421096998261, 0.0397265049459, 0.782548886011, 40.2062711437, 933.310370474, 142.060247595, 245.11922415, 19.7261777638, 699.572524571, 305.01345159, 23.1577546352
0.0581034802813, 0.17635777501, 0.483741904713, 0.304389759008, 0.108716440085, 0.0345370001537, 0.874251419562, 0.0544497948602, 0.836230806264, 0.882471577662, 0.880563940082, 0.588466718699, 0.20980965519, 0.3673770283, 0.497592747017, 0.701980250314, 0.400865985922, 89.3428824363, 446.412981089, 24.7226835762, 78.6266903125, 239.772990959, 495.146844121, 204.388067694, 68.3975126133
0.0728393956661, 0.119589617125, 0.0525337575001, 0.0462084807973, 0.013988880104, 0.0689704674692, 0.236345076931, 0.687903400971, 0.765417069144, 0.424159531455, 0.205786728915, 0.66769760907, 0.11904475505, 0.991681776302, 0.34801968711, 0.28072368863, 0.0622610096398, 926.25199382, 360.59164506, 108.108174541, 21.973443513, 72.7169139802, 82.9317774067, 191.258139555, 117.693085828
0.000227846501758, 0.275421483416, 0.0666476395454, 0.183746858989, 0.510800072614, 0.122320931195, 0.0391923762234, 0.931732392685, 0.669619396755, 0.228624140547, 0.314138148317, 0.930143248534, 0.901508432147, 0.408332124506, 0.311430248961, 0.583093633574, 0.269241939729, 512.222501663, 31.5739759974, 99.8375264827, 540.862508772, 223.355949206, 82.4517410013, 364.377442392, 0.311049413267
0.0318424321581, 0.936829482849, 0.04213327779, 0.00790480998871, 0.0814785339422, 0.51551815299, 0.972591871157, 0.464793433078, 0.253457215388, 0.75538134371, 0.477636985487, 0.8483903481, 0.289419677846, 0.720623676293, 0.0423537755777, 0.376142680764, 0.0867060503886, 3.83077365014, 88.9239582013, 93.454967562, 16.6084287695, 1.61579181227, 8.6251194216, 1310.00848846, 65.9028499257
0.000227846501758, 0.275421483416, 0.551953323437, 0.183746858989, 0.510800072614, 0.122320931195, 0.0391923762234, 0.931732392685, 0.669619396755, 0.228624140547, 0.314138148317, 0.930143248534, 0.901508432147, 0.408332124506, 0.311430248961, 0.309801831204, 0.269241939729, 321.781401787, 19.8349705908, 62.7185629648, 339.773234642, 140.313614103, 580.774442082, 351.795372152, 0.300308777019
0.0326161485461, 0.17635777501, 0.655537524114, 0.304389759008, 0.108716440085, 0.0345370001537, 0.874251419562, 0.0290664180584, 0.560652627322, 0.882471577662, 0.880563940082, 0.551906883154, 0.20980965519, 0.117359169556, 0.497592747017, 0.701980250314, 0.400865985922, 66.066060846, 330.107406062, 18.2815941559, 58.14179669, 177.304073677, 641.272589369, 212.721664522, 39.8840272728
0.00356623462329, 0.459736450276, 0.442542237895, 0.527515377823, 0.231704832946, 0.351926886223, 0.0752593280435, 0.600960542284, 0.0221622865763, 0.424159531455, 0.205786728915, 0.467880388323, 0.418147197986, 0.290997048706, 0.993016779753, 0.453507263745, 0.0622610096398, 265.314402739, 31.5116244345, 164.842047322, 119.589341575, 366.316688933, 414.540226003, 570.123133209, 4.83170819419
0.0728393956661, 0.070634198474, 0.0525337575001, 0.0462084807973, 0.513144068407, 0.92687554749, 0.933638425532, 0.00222908265937, 0.88707888494, 0.914687314645, 0.135145150597, 0.631841295223, 0.11904475505, 0.0737236553796, 0.786029896637, 0.634956252717, 0.0468631305643, 8.69805366148, 83.1397083643, 724.559307772, 760.122839093, 76.598432242, 87.3585495409, 118.076157727, 122.547898249
0.000976074458729, 0.033768149447, 0.377722242084, 0.163046880839, 0.231704832946, 0.991815269719, 0.876941612587, 0.536814775181, 0.0183821897991, 0.755191431042, 0.90009556951, 0.297307099577, 0.47587677122, 0.583288465432, 0.657689200434, 0.634956252717, 0.271053695445, 2.0351298762, 10.3969096516, 823.987802057, 313.909209587, 230.917196655, 614.7349435, 58.3736878047, 1.68809478902
0.0903109192043, 0.17635777501, 0.0149211513043, 0.304389759008, 0.108716440085, 0.82917151072, 0.146941366331, 0.687903400971, 0.869475861133, 0.806220094278, 0.638964762477, 0.519568603822, 0.47587677122, 0.652270036039, 0.497592747017, 0.701980250314, 0.400865985922, 160.157852713, 37.637602072, 598.326736409, 107.011674429, 326.333324515, 16.6260368584, 201.712838573, 105.33561492
0.0509626811217, 0.00357825771119, 0.191426283481, 0.696247808754, 0.476829206218, 0.476905012009, 0.197358867769, 0.0303523395235, 0.629348562579, 0.942366080802, 0.880563940082, 0.736016569907, 0.763311880451, 0.0152208739531, 0.372672009023, 0.127986669059, 0.221649251257, 294.306340109, 94.2778504079, 287.391592431, 392.363360371, 1114.63602991, 389.098659268, 7.38411898813, 105.392744592
0.0852111657722, 0.0742810078859, 0.0437879456552, 0.000801024105796, 0.212777450633, 0.0345370001537, 0.231574037278, 0.883142036924, 0.814704648745, 0.424159531455, 0.314138148317, 0.991318078812, 0.727512831363, 0.992076438922, 0.0617337657531, 0.28072368863, 0.0570589864916, 797.063021777, 303.43925062, 46.3140719663, 296.601866488, 1.13765410115, 62.2880835599, 106.230159897, 122.87312161
0.0342883793577, 0.00171648474705, 0.207496307506, 0.261878599801, 0.404808096985, 0.0344539162382, 0.673655260893, 0.191449520321, 0.350470279414, 0.921630214578, 0.783514309189, 0.425253979956, 0.530601101562, 0.866116661981, 0.164185806796, 0.131297443262, 0.780911581988, 403.671652898, 717.249592177, 44.5866311261, 608.41553555, 446.925076167, 377.776516208, 3.18113734018, 63.6077728247
0.011894945578, 0.119589617125, 0.0525337575001, 0.0462084807973, 0.013988880104, 0.94521073879, 0.236345076931, 0.687903400971, 0.765417069144, 0.424159531455, 0.205786728915, 0.66769760907, 0.11904475505, 0.991681776302, 0.34801968711, 0.28072368863, 0.0622610096398, 80.5999953711, 31.3777299446, 1002.50862388, 22.1141985427, 73.182715864, 83.4630125215, 192.483279579, 19.2605984326
