0.998182491552, 0.00289337162216, 0.221762941603, 0.592677734028, 0.610559266992, 0.0345370001537, 0.398671337702, 0.561081385954, 0.645892185143, 0.139650778455, 0.926376549903, 0.109612944342, 0.0108555643212, 0.900834280364, 0.497592747017, 0.376142680764, 0.839744199628, 0.80301280302, 0.580866225496, 0.0538193658068, 1.41487920675, 2.32215573272, 1.05122866866, 0.0139969816141, 1078.73382647
0.011894945578, 0.158314636262, 0.395790668179, 0.012862608662, 0.109448584753, 0.0960747655411, 0.972591871157, 0.639602740454, 0.255418401037, 0.75538134371, 0.682141734766, 0.229506841555, 0.285367743984, 0.720623676293, 0.0335347235887, 0.0397265049459, 0.782548886011, 44.1304027561, 1024.40145216, 155.925326167, 180.084282119, 21.2713637717, 754.371264064, 328.905688762, 24.9717420617
0.997537937087, 0.996744048901, 0.00440065582181, 0.000194824067725, 0.147085985007, 0.0345370001537, 0.777295571424, 0.530162889875, 0.498980214277, 0.0880763706028, 0.477636985487, 0.89375822186, 0.285367743984, 0.207536187126, 0.421574613074, 0.376142680764, 0.898105559004, 0.00354011967102, 0.0097035236739, 0.000560911530874, 0.00243343322547, 3.25208183654e-06, 7.34586912588e-05, 2.07781954717, 537.269663453
0.0303111250058, 0.159778286053, 0.04213327779, 0.000600715315049, 0.95292799497, 0.984590497951, 0.422629613415, 0.000780416177287, 0.0742123763893, 0.763250545578, 0.0312172240254, 0.746209428509, 0.875914522648, 0.998103915918, 0.206462258753, 0.453507263745, 0.76259340543, 1.64817340723, 1.28939356081, 86.4360127107, 1167.20440384, 1.10439364506, 77.5738325147, 300.7323259, 57.6981354512
0.011894945578, 0.158314636262, 0.395790668179, 0.012862608662, 0.0357360426218, 0.0850934024609, 0.263470611416, 0.721624640442, 0.764896821507, 0.75538134371, 0.783514309189, 0.640625929096, 0.285367743984, 0.720623676293, 0.0421096998261, 0.0397265049459, 0.95014749117, 1031.88753146, 453.232371403, 151.548279283, 63.901645217, 23.0155757805, 816.228295517, 355.875339521, 27.0193781631
0.000227846501758, 0.123849424426, 0.551953323437, 0.69504153558, 0.404808096985, 0.264370719698, 0.416337523448, 0.407505198905, 0.890360208673, 0.51362182823, 0.880563940082, 0.910864593033, 0.0119317425744, 0.211115892175, 0.497592747017, 0.65469995519, 0.0622610096398, 114.951970003, 88.1113611448, 63.860405599, 116.841066297, 378.805566834, 502.893875683, 129.968441258, 0.240618602086
0.0263586431296, 0.0742810078859, 0.931227001778, 0.0462084807973, 0.636389708405, 0.043172935192, 0.231574037278, 0.407505198905, 0.65889381766, 0.424159531455, 0.0284292047304, 0.996054345261, 0.656469994961, 0.900834280364, 0.726955151384, 0.28072368863, 0.269241939729, 54.0541840108, 20.5782486967, 3.92840918646, 90.2142990405, 7.79726404307, 991.402955228, 116.886434597, 41.5952296553
0.992251548075, 0.337450026719, 0.992191697111, 0.999857959964, 0.992096856365, 0.00377400122019, 0.740335679809, 0.530162889875, 0.0221622865763, 0.136545489098, 0.00230706269767, 0.999572470788, 0.752081430376, 0.207536187126, 0.885685675527, 0.780175716158, 0.321466640168, 1.27801325478e-07, 2.95759203191e-07, 1.91002768481e-09, 2.59524420293e-05, 0.116327136671, 9.48380775494, 5.55797381191, 903.154512609
0.0318424321581, 0.936829482849, 0.04213327779, 0.00176583787881, 0.0814785339422, 0.51551815299, 0.925866694685, 0.464793433078, 0.253457215388, 0.75538134371, 0.477636985487, 0.8483903481, 0.289419677846, 0.720623676293, 0.0423537755777, 0.376142680764, 0.538265514293, 11.3163920346, 96.7398626744, 102.267514514, 18.1745580203, 0.39496526184, 9.43775322609, 1433.43369916, 72.1120258273
0.0373735711631, 0.107553733297, 0.171741348808, 0.936704680246, 0.66959878691, 0.48329815008, 0.998908695083, 0.344600600949, 0.021980245935, 0.791094773157, 0.682141734766, 0.0425282156262, 0.768065514113, 0.814165232269, 0.0423537755777, 0.825280852019, 0.0675860800307, 0.0741750980649, 43.2704801981, 41.0576681681, 104.423870989, 1205.57610713, 335.009822819, 214.411659017, 74.9470885281
0.103409532029, 0.00492030045794, 0.00110656719989, 0.222057674575, 0.0367954108697, 0.89129402515, 0.740335679809, 0.467559372284, 0.39355351581, 0.0779390184856, 0.783514309189, 0.96988105253, 0.425568580755, 0.941530250195, 0.457762234652, 0.533185306634, 0.334281869452, 79.3175881815, 183.557616417, 1159.64113572, 68.0900344421, 428.675183108, 2.18013456238, 9.69406655228, 205.5524298
0.998009426003, 0.00289337162216, 0.0052782916824, 0.885072722103, 0.2165072521, 0.0473843868857, 0.480024530456, 0.530162889875, 0.645892185143, 0.653286412511, 0.861353026465, 0.229506841555, 0.768065514113, 0.900834280364, 0.457762234652, 0.376142680764, 0.839744199628, 0.575489015723, 0.540461888347, 0.0588710924607, 0.280124445735, 4.60114446117, 0.0387797241508, 0.0212580543579, 1495.89563476
0.00356623462329, 0.00492030045794, 0.483741904713, 0.676297284171, 0.480698459798, 0.309858486833, 0.197358867769, 0.328493623703, 0.928673630618, 0.673455013724, 0.880563940082, 0.616086007685, 0.472754314585, 0.561288541434, 0.457762234652, 0.863260244117, 0.52935881282, 280.056489364, 89.7130649658, 155.620981255, 313.125972937, 819.744486289, 891.720618546, 10.0056021382, 7.25221022037
0.000976074458729, 0.217942007468, 0.377722242084, 0.708447265988, 0.0113304852601, 0.793242735609, 0.876941612587, 0.536814775181, 0.253457215388, 0.755191431042, 0.90009556951, 0.843688125122, 0.47587677122, 0.870508375498, 0.657689200434, 0.679889484921, 0.271053695445, 30.128732496, 153.919272348, 465.822250802, 8.74889192608, 997.306265045, 749.833975515, 477.932418362, 2.18285718846
0.0728393956661, 0.158314636262, 0.191426283481, 0.00368267662794, 0.180229156787, 0.842515162826, 0.888509605907, 0.33030059669, 0.0221622865763, 0.75538134371, 0.682141734766, 0.0425282156262, 0.285367743984, 0.900834280364, 0.0421096998261, 0.222206855709, 0.841813096552, 47.8726483664, 270.556598041, 1087.94296093, 326.438770289, 6.76023756523, 362.388748611, 310.700906537, 145.068871166
0.0728393956661, 0.00492030045794, 0.23824620556, 0.0382393756309, 0.727925502593, 0.401321257198, 0.559526311513, 0.534426270455, 0.979304133293, 0.498729493863, 0.133376065191, 0.73140016075, 0.875914522648, 0.996306258067, 0.234846167423, 0.376142680764, 0.52935881282, 213.708399265, 257.938068911, 244.432021575, 910.467783731, 60.1657281929, 393.631733877, 8.32241735488, 123.745509951
0.011894945578, 0.158314636262, 0.395790668179, 0.012862608662, 0.0419692715614, 0.0960747655411, 0.263470611416, 0.721624640442, 0.764896821507, 0.75538134371, 0.389589121742, 0.640625929096, 0.285367743984, 0.720623676293, 0.0421096998261, 0.0397265049459, 0.95014749117, 1003.68924792, 440.846937401, 166.705060607, 73.2066359495, 22.4554522633, 796.363979797, 347.21450267, 26.3618152467
0.00704961697674, 0.00492030045794, 0.0973736494231, 0.0567724059769, 0.406028663662, 0.135579995253, 0.740335679809, 0.13462898004, 0.350470279414, 0.75538134371, 0.802330617931, 0.150787594151, 0.285367743984, 0.516747205807, 0.262610341957, 0.376142680764, 0.864754140015, 409.168477505, 946.902095307, 223.064903483, 782.145214382, 117.455823019, 203.310527851, 10.3136739952, 14.7777859921
0.998009426003, 0.0768110031419, 0.0052782916824, 0.885072722103, 0.2165072521, 0.04216091172, 0.480024530456, 0.530162889875, 0.645892185143, 0.653286412511, 0.861353026465, 0.229506841555, 0.0107531715073, 0.0926994201361, 0.457762234652, 0.376142680764, 0.918939084258, 0.493735408723, 0.463684212995, 0.0449227773211, 0.240191271641, 3.94522775845, 0.0332514759048, 0.486251052548, 1292.02774533
0.00317528294991, 0.316446762891, 0.207496307506, 0.304389759008, 0.161582986005, 0.264370719698, 0.197358867769, 0.986718269661, 0.999903700799, 0.936233939714, 0.0304535750798, 0.992714743183, 0.47587677122, 0.900834280364, 0.311430248961, 0.634956252717, 0.862551728804, 585.959765883, 187.705868424, 271.290312664, 174.437679181, 360.023015171, 264.458724469, 448.075349957, 4.68673576983
0.00317528294991, 0.316446762891, 0.0459722867105, 0.304389759008, 0.161582986005, 0.264370719698, 0.197358867769, 0.851021294057, 0.988201493468, 0.637946199755, 0.075709220881, 0.992714743183, 0.47587677122, 0.295089236689, 0.0820192827042, 0.36729510498, 0.862551728804, 719.596797602, 230.515045015, 333.162192321, 214.220843526, 442.131736451, 69.5102850643, 522.657487112, 5.46684288804
0.00356623462329, 0.00171648474705, 0.100375177266, 0.462127415786, 0.286824433589, 0.0344539162382, 0.673655260893, 0.191449520321, 0.587840376313, 0.939017739022, 0.966003801088, 0.811019086477, 0.530601101562, 0.866116661981, 0.164185806796, 0.131297443262, 0.780911581988, 376.536652503, 669.035733642, 41.5894965872, 371.907937206, 758.050526906, 181.558757144, 3.11768878655, 6.47750554593
0.0509626811217, 0.00357825771119, 0.191426283481, 0.696247808754, 0.476829206218, 0.476905012009, 0.197358867769, 0.0210024859028, 0.629348562579, 0.942366080802, 0.880563940082, 0.736016569907, 0.763311880451, 0.0152208739531, 0.372672009023, 0.127986669059, 0.221649251257, 281.585518074, 90.2028727625, 274.969646984, 375.404213388, 1066.45804447, 372.280622672, 7.06495473399, 100.837347154
0.174403650293, 0.879663688635, 0.207496307506, 0.000600715315049, 0.953001554832, 0.589980732698, 0.382879075307, 0.000780416177287, 0.0742123763893, 0.557658827765, 0.0312172240254, 0.746209428509, 0.875914522648, 0.998103915918, 0.206462258753, 0.453507263745, 0.76259340543, 7.6785053181, 5.26922745423, 12.4024142369, 209.702678568, 0.198416253477, 71.0707331922, 1160.23189007, 331.959070232
0.0852111657722, 0.0742810078859, 0.0437879456552, 0.000801024105796, 0.212777450633, 0.0345370001537, 0.231574037278, 0.883142036924, 0.814704648745, 0.424159531455, 0.314138148317, 0.991318078812, 0.727512831363, 0.992076438922, 0.0617337657531, 0.28072368863, 0.0570589864916, 797.063021777, 303.43925062, 46.3140719663, 296.601866488, 1.13765410115, 62.2880835599, 106.230159897, 122.87312161
0.0852111657722, 0.0201550600184, 0.0437879456552, 0.000801024105796, 0.212777450633, 0.0345370001537, 0.231574037278, 0.906719500493, 0.853206320378, 0.424159531455, 0.314138148317, 0.991318078812, 0.727512831363, 0.992076438922, 0.0617337657531, 0.28072368863, 0.0570589864916, 907.020982962, 345.299882001, 52.7032793295, 337.519253987, 1.29459793379, 70.8809682971, 32.6623023184, 138.942853057
0.174403650293, 0.159778286053, 0.207496307506, 0.000600715315049, 0.95292799497, 0.89129402515, 0.382879075307, 0.000780416177287, 0.0742123763893, 0.763250545578, 0.0312172240254, 0.746209428509, 0.875914522648, 0.998103915918, 0.206462258753, 0.453507263745, 0.76259340543, 11.0851088971, 7.60694402282, 77.9668951178, 1068.06484639, 1.01058908362, 361.982982091, 289.846214932, 327.969484098
0.886597627207, 0.893100139451, 0.802679226753, 0.999857959964, 0.643050556456, 0.856283645326, 0.989788043797, 0.291673359534, 0.98941006711, 0.991826415186, 0.28021165103, 0.875847672253, 0.651791823203, 0.915691824211, 0.899082125394, 0.587742886412, 0.870068603768, 2.83033403043e-06, 0.0001764296696, 0.000768307052414, 0.00125543319486, 6.64412967305, 20.7451946782, 128.503700336, 723.931592864
0.366186997, 0.0742810078859, 0.0437879456552, 0.000801024105796, 0.501595335257, 0.0345370001537, 0.231574037278, 0.581395100413, 0.4779976473, 0.424159531455, 0.314138148317, 0.73140016075, 0.727512831363, 0.992076438922, 0.284226920911, 0.305956971046, 0.52935881282, 420.826490304, 160.20725008, 24.4525060438, 453.219496215, 0.804458560392, 44.045182081, 75.1175259814, 418.340808543
0.886597627207, 0.070634198474, 0.0525337575001, 0.999857959964, 0.310860194735, 0.856283645326, 0.989788043797, 0.291673359534, 0.98941006711, 0.998778342004, 0.28021165103, 0.646282148996, 0.651791823203, 0.915691824211, 0.899082125394, 0.587742886412, 0.870068603768, 0.000101100385514, 0.00630212102915, 0.02744415972, 0.0149579799188, 142.907518705, 11.8195455923, 15.9756147161, 801.390567376
0.118201332809, 0.17635777501, 0.207496307506, 0.500384966917, 0.404808096985, 0.418888841181, 0.72089015781, 0.191449520321, 0.350470279414, 0.921630214578, 0.638964762477, 0.425253979956, 0.530601101562, 0.812738710314, 0.666615711807, 0.339038179814, 0.780911581988, 202.447475291, 431.788896552, 368.584494544, 444.901138629, 750.051539919, 358.299095189, 318.170232487, 218.518082732
0.000902162998388, 0.459736450276, 0.442542237895, 0.261878599801, 0.231704832946, 0.510198907865, 0.0752593280435, 0.536814775181, 0.566890516692, 0.963882422357, 0.966003801088, 0.970114560775, 0.311928591107, 0.290997048706, 0.825073195741, 0.0269469303484, 0.0622610096398, 449.493314303, 53.3867153835, 467.39337741, 247.854980815, 303.742656965, 633.549739473, 871.33006607, 1.86803746069
0.103409532029, 0.38768262155, 0.450422080317, 0.222057674575, 0.0367954108697, 0.89129402515, 0.696678547074, 0.467559372284, 0.39355351581, 0.0779390184856, 0.783514309189, 0.96988105253, 0.177263790777, 0.941530250195, 0.457762234652, 0.533185306634, 0.334281869452, 56.8148437456, 110.08178361, 718.411627486, 42.1825950739, 265.569430467, 664.533420338, 713.033028158, 204.277126267
0.0728393956661, 0.00492030045794, 0.23824620556, 0.0382393756309, 0.501595335257, 0.836061721743, 0.559526311513, 0.00896912917684, 0.979304133293, 0.498729493863, 0.133376065191, 0.73140016075, 0.875914522648, 0.996306258067, 0.234846167423, 0.376142680764, 0.52935881282, 102.346791911, 123.528761413, 609.121694196, 633.056512264, 53.7063079104, 351.371249678, 7.42891879554, 110.460135023
0.00317528294991, 0.316446762891, 0.0459722867105, 0.304389759008, 0.192070067741, 0.591315052207, 0.197358867769, 0.931732392685, 0.999903700799, 0.936233939714, 0.075709220881, 0.992714743183, 0.47587677122, 0.3673770283, 0.899422709467, 0.634956252717, 0.862551728804, 474.700225002, 152.065078805, 666.752740293, 259.070461801, 451.834570992, 71.0357281377, 534.127505437, 5.58681589073
0.011894945578, 0.158314636262, 0.395790668179, 0.012862608662, 0.161582986005, 0.0960747655411, 0.505663705381, 0.639602740454, 0.308376389187, 0.75538134371, 0.682141734766, 0.640625929096, 0.11904475505, 0.720623676293, 0.0421096998261, 0.0397265049459, 0.782548886011, 672.610482495, 684.686026953, 145.955607489, 251.840510443, 20.2670789872, 718.755137589, 313.377066229, 23.7927513367
0.00317528294991, 0.459736450276, 0.442542237895, 0.224780291656, 0.231704832946, 0.82917151072, 0.0752593280435, 0.536814775181, 0.566890516692, 0.963882422357, 0.966003801088, 0.970114560775, 0.311928591107, 0.253275346336, 0.825073195741, 0.0197876467077, 0.52935881282, 185.545901069, 22.037449492, 679.532891818, 268.463217843, 277.92696148, 670.333508672, 921.919312738, 6.95659187449
0.00356623462329, 0.029789168548, 0.0709858079518, 0.401737942023, 0.231704832946, 0.0152404333326, 0.403238779737, 0.391871977132, 0.587840376313, 0.112309048822, 0.116056877123, 0.532922491916, 0.156179942306, 0.290997048706, 0.183032231748, 0.376142680764, 0.832286104903, 502.081791806, 368.700944761, 14.9152614061, 237.357271816, 487.226250776, 92.4658485393, 38.912188985, 4.66015361521
0.0728393956661, 0.158314636262, 0.191426283481, 0.00368267662794, 0.180229156787, 0.213237109503, 0.888509605907, 0.33030059669, 0.0221622865763, 0.75538134371, 0.682141734766, 0.00443706010205, 0.285367743984, 0.900834280364, 0.0421096998261, 0.222206855709, 0.841813096552, 158.24248524, 894.32170421, 316.119533877, 279.762503668, 5.79361631882, 310.572128191, 266.274938568, 124.326012396
0.00537712188556, 0.00357825771119, 0.191426283481, 0.696247808754, 0.720426117199, 0.308060923026, 0.972591871157, 0.0303523395235, 0.768713027129, 0.942366080802, 0.976044748347, 0.736016569907, 0.763311880451, 0.0152208739531, 0.688304429284, 0.376142680764, 0.221649251257, 8.85165688156, 205.473995186, 108.093024641, 494.607335722, 1057.03969421, 368.992852173, 7.00256107625, 10.5231990444
0.0373735711631, 0.107553733297, 0.171741348808, 0.936704680246, 0.66959878691, 0.773213864939, 0.998908695083, 0.344600600949, 0.021980245935, 0.791094773157, 0.682141734766, 0.0425282156262, 0.0107531715073, 0.720623676293, 0.0423537755777, 0.764772297176, 0.0675860800307, 0.0351548276406, 20.5077756952, 55.1121697414, 102.943747422, 1188.48804487, 330.261330644, 211.372547876, 73.8847744134
0.00317528294991, 0.807471960798, 0.0459722867105, 0.0382393756309, 0.161582986005, 0.264370719698, 0.197358867769, 0.851021294057, 0.988201493468, 0.637946199755, 0.075709220881, 0.992714743183, 0.47587677122, 0.295089236689, 0.0820192827042, 0.36729510498, 0.862551728804, 274.130203738, 87.8146435132, 126.918046277, 81.6073719012, 19.5452099736, 23.5528067161, 1046.30964368, 5.46684288804
0.000618424468393, 0.459736450276, 0.442542237895, 0.261878599801, 0.231704832946, 0.842515162826, 0.0752593280435, 0.33030059669, 0.566890516692, 0.75538134371, 0.966003801088, 0.970114560775, 0.311928591107, 0.290997048706, 0.881362211524, 0.0269469303484, 0.0622610096398, 151.902854133, 18.0416352846, 605.705441238, 237.977011321, 291.637349702, 608.300357843, 836.604228472, 1.22948840072
0.00259803534937, 0.316446762891, 0.32273012393, 0.385314544711, 0.161582986005, 0.741546375787, 0.197358867769, 0.918802062248, 0.988201493468, 0.936233939714, 0.075709220881, 0.992714743183, 0.47587677122, 0.900834280364, 0.311430248961, 0.634956252717, 0.862551728804, 217.551465661, 69.6902571927, 531.434355673, 150.055636705, 413.462527966, 403.568101439, 450.949266683, 3.8592999681
0.00822428681387, 0.00492030045794, 0.0973736494231, 0.00778977927626, 0.105419161861, 0.842515162826, 0.740335679809, 0.191449520321, 0.350470279414, 0.579659636678, 0.783514309189, 0.182067329422, 0.11904475505, 0.995911841513, 0.343038745446, 0.0269469303484, 0.864754140015, 97.4619351142, 225.547459411, 972.895258113, 167.697590896, 12.4491783127, 156.845910671, 7.95658546188, 13.3003123565
0.886597627207, 0.00323643030175, 0.710773944278, 0.999857959964, 0.643050556456, 0.856283645326, 0.740335679809, 0.291673359534, 0.98941006711, 0.991826415186, 0.133340109067, 0.875847672253, 0.831455868253, 0.915691824211, 0.563156715258, 0.587742886412, 0.870068603768, 0.000759514141085, 0.00175767580141, 0.00833720517873, 0.013623204552, 72.0980916995, 147.624510505, 0.835219105479, 912.528178632
0.308314917358, 0.316446762891, 0.0459722867105, 0.69504153558, 0.161582986005, 0.115158820697, 0.197358867769, 0.931732392685, 0.988201493468, 0.51362182823, 0.075709220881, 0.992714743183, 0.47587677122, 0.442096180241, 0.297063686433, 0.634956252717, 0.933847832725, 328.797266202, 105.326645243, 63.1438558451, 91.0477716554, 698.144539602, 56.9084079078, 427.902222601, 472.081380515
0.00356623462329, 0.00492030045794, 0.483741904713, 0.676297284171, 0.480698459798, 0.401321257198, 0.197358867769, 0.328493623703, 0.928673630618, 0.673455013724, 0.880563940082, 0.616086007685, 0.472754314585, 0.561288541434, 0.457762234652, 0.863260244117, 0.00355308700947, 236.180788145, 75.6579590018, 180.972330121, 288.938145111, 756.422244731, 822.838485937, 9.23270623452, 6.6920036986
0.00188380119788, 0.459736450276, 0.147592385839, 0.564062873373, 0.689772617297, 0.401321257198, 0.0147065142044, 0.536814775181, 0.928673630618, 0.995093861787, 0.000348575980368, 0.214650724781, 0.360554832683, 0.561288541434, 0.457762234652, 0.0269469303484, 0.0622610096398, 224.074618727, 5.17725497081, 163.55498649, 523.58668556, 725.664097041, 221.177680577, 847.95577772, 3.79600800417
0.00317528294991, 0.316446762891, 0.0459722867105, 0.304389759008, 0.923417769039, 0.591315052207, 0.197358867769, 0.931732392685, 0.988201493468, 0.936233939714, 0.075709220881, 0.992714743183, 0.543817826857, 0.3673770283, 0.757122087, 0.634956252717, 0.862551728804, 75.8543637175, 24.2991243502, 106.543250262, 1100.48767036, 574.470244061, 90.3160464033, 679.098896161, 7.10317380369
0.120625840074, 0.932538315308, 0.189652857871, 0.885072722103, 0.0684845451732, 0.0024674588818, 0.989417264411, 0.0922230560039, 0.795835262382, 0.738069461071, 0.0140591269525, 0.519568603822, 0.179726414432, 0.652270036039, 0.21954199267, 0.453507263745, 0.0707053410111, 0.308358360268, 18.5480346718, 0.071900164359, 2.00333437306, 102.23082008, 31.9078252046, 1022.00705869, 197.105377222
0.174403650293, 0.0742810078859, 0.0022131032383, 0.000801024105796, 0.310860194735, 0.0345370001537, 0.231574037278, 0.014850879284, 0.4779976473, 0.424159531455, 0.314138148317, 0.991318078812, 0.727512831363, 0.992076438922, 0.157982065538, 0.28072368863, 0.321795579374, 654.109232989, 249.017217032, 38.0076120241, 372.340655061, 0.998662956235, 2.75916004621, 93.031717407, 224.571002125
0.0341930667806, 0.070634198474, 0.0525337575001, 0.0462084807973, 0.513144068407, 0.985735323036, 0.403238779737, 0.538401925601, 0.550242772866, 0.914687314645, 0.135145150597, 0.631841295223, 0.11904475505, 0.915691824211, 0.786029896637, 0.634956252717, 0.832286104903, 15.4047955427, 11.312425113, 852.820552893, 889.007132129, 89.5862472102, 102.170819768, 138.096819297, 67.0526622284
0.997537937087, 0.996744048901, 0.00440065582181, 0.000600715315049, 0.147085985007, 0.0345370001537, 0.972591871157, 0.530162889875, 0.498980214277, 0.0880763706028, 0.477636985487, 0.89375822186, 0.285367743984, 0.207536187126, 0.421574613074, 0.376142680764, 0.898105559004, 0.000444558015114, 0.0103195495126, 0.000560911307426, 0.00243343225608, 1.00273807461e-05, 7.34586912588e-05, 2.07781954717, 537.269663453
0.0318424321581, 0.936829482849, 0.207496307506, 0.00790480998871, 0.0814785339422, 0.51551815299, 0.972591871157, 0.464793433078, 0.253457215388, 0.75538134371, 0.301364863497, 0.8483903481, 0.289419677846, 0.720623676293, 0.0423537755777, 0.318978210757, 0.0867060503886, 3.34107634048, 77.5565877764, 81.5083869575, 14.4853320719, 1.40924113199, 38.3607620542, 1203.40229025, 60.5397913318
0.00356623462329, 0.459736450276, 0.235393061079, 0.296233227417, 0.689772617297, 0.401321257198, 0.0147065142044, 0.536814775181, 0.928673630618, 0.995093861787, 0.000348575980368, 0.214650724781, 0.977590291144, 0.561288541434, 0.457762234652, 0.376142680764, 0.0622610096398, 276.278643208, 6.38343149708, 201.65938478, 645.569854856, 366.837772334, 316.861847416, 772.353650084, 6.54558154643
0.0373735711631, 0.158314636262, 0.191426283481, 0.222057674575, 0.2165072521, 0.043172935192, 0.972591871157, 0.217062401393, 0.0221622865763, 0.75538134371, 0.607280404495, 0.0425282156262, 0.285367743984, 0.720623676293, 0.0421096998261, 0.376142680764, 0.189211908673, 36.7545880889, 853.18626299, 58.002192146, 302.864852801, 330.200204565, 299.59045757, 256.859593775, 61.3372307952
0.000902162998388, 0.316446762891, 0.207496307506, 0.304389759008, 0.0543917070332, 0.510198907865, 0.197358867769, 0.413054079099, 0.991057824604, 0.936233939714, 0.299374360192, 0.992714743183, 0.47587677122, 0.900834280364, 0.617378146819, 0.859927283355, 0.0622610096398, 413.222703999, 132.371420399, 448.037210354, 53.4186501038, 324.415258995, 238.302669487, 403.758855907, 1.19988810122
0.0728393956661, 0.158314636262, 0.191426283481, 0.00368267662794, 0.180229156787, 0.510198907865, 0.888509605907, 0.536814775181, 0.0221622865763, 0.963882422357, 0.682141734766, 0.0425282156262, 0.285367743984, 0.900834280364, 0.0421096998261, 0.222206855709, 0.841813096552, 137.847523514, 779.057735114, 816.92355383, 330.840440081, 6.85139197515, 367.275164543, 314.890368449, 147.024966232
0.00281353436031, 0.316446762891, 0.536092497111, 0.856211338842, 0.161582986005, 0.264370719698, 0.369154702622, 0.931732392685, 0.988201493468, 0.936233939714, 0.075709220881, 0.992714743183, 0.47587677122, 0.996306258067, 0.865605353645, 0.634956252717, 0.862551728804, 114.3735805, 74.9121976032, 60.2830745024, 38.7615742959, 671.800325718, 772.258765915, 561.575978289, 5.20471504597
0.0341930667806, 0.070634198474, 0.0525337575001, 0.0462084807973, 0.310860194735, 0.395373739013, 0.933638425532, 0.065768908945, 0.517796142767, 0.940914435758, 0.880563940082, 0.875847672253, 0.11904475505, 0.915691824211, 0.294273957145, 0.587742886412, 0.113874476564, 62.9406111412, 601.613218107, 432.802232833, 395.102127488, 61.2388958333, 69.8413917739, 94.3994976371, 45.8355062906
0.003188161304, 0.029789168548, 0.0709858079518, 0.401737942023, 0.231704832946, 0.0152404333326, 0.933638425532, 0.932185757238, 0.587840376313, 0.112309048822, 0.116056877123, 0.532922491916, 0.156179942306, 0.290997048706, 0.183032231748, 0.376142680764, 0.0468631305643, 81.3131304072, 777.225596823, 18.7116071213, 297.77124897, 611.238779896, 116.000959212, 48.8164151262, 5.22648749703
0.00356623462329, 0.360275057141, 0.100375177266, 0.462127415786, 0.286824433589, 0.0344539162382, 0.673655260893, 0.191449520321, 0.0820131432663, 0.939017739022, 0.966003801088, 0.992714743183, 0.530601101562, 0.866116661981, 0.164185806796, 0.131297443262, 0.780911581988, 331.062815519, 588.237166795, 36.5667877076, 326.99310409, 666.501760387, 159.632144501, 645.807336649, 6.74710308585
0.00822428681387, 0.304702164685, 0.0973736494231, 0.453182813105, 0.358066206262, 0.842515162826, 0.570578036219, 0.409931273363, 0.350470279414, 0.75538134371, 0.783514309189, 0.000122095539902, 0.11904475505, 0.995911841513, 0.497592747017, 0.376142680764, 0.864754140015, 75.646419594, 94.5980633849, 479.607750912, 311.821087349, 504.49745612, 119.056153815, 405.451737281, 11.3735496792
0.00537712188556, 0.0789085714257, 0.83413894527, 0.296233227417, 0.231704832946, 0.248076681074, 0.0559766053196, 0.492974731089, 0.849420175866, 0.984934404239, 0.443195776427, 0.498135479721, 0.109252365936, 0.583288465432, 0.550890028666, 0.236050557677, 0.0162396267653, 197.60848511, 17.420205254, 81.4682789418, 81.6916124826, 115.223025291, 963.215798308, 124.196421262, 8.485114783
0.231127743853, 0.00492030045794, 0.23824620556, 0.304389759008, 0.727925502593, 0.401321257198, 0.559526311513, 0.534426270455, 0.979304133293, 0.498729493863, 0.133376065191, 0.73140016075, 0.875914522648, 0.996306258067, 0.299518301298, 0.376142680764, 0.52935881282, 152.302707986, 183.823689302, 174.198388703, 648.859424679, 369.49981709, 315.391660415, 6.6682149896, 327.766943167
0.00822428681387, 0.00492030045794, 0.0973736494231, 0.0567724059769, 0.406028663662, 0.135579995253, 0.740335679809, 0.13462898004, 0.350470279414, 0.75538134371, 0.802330617931, 0.150787594151, 0.285367743984, 0.995911841513, 0.262610341957, 0.376142680764, 0.864754140015, 402.232558157, 930.850916088, 219.283673343, 768.886871124, 115.464799369, 199.864159176, 10.1388442736, 16.948199252
0.405497139577, 0.0699179385169, 0.588980594884, 0.00790480998871, 0.471554662083, 0.476905012009, 0.496437361813, 0.555611702947, 0.588115060742, 0.980075971475, 0.794327389069, 0.508747477334, 0.763311880451, 0.0152208739531, 0.408306140756, 0.376142680764, 0.248497002745, 165.917060415, 164.070372403, 216.995768525, 291.370370322, 5.36158480367, 573.203440061, 79.1357281671, 534.149791775
0.0105366712634, 0.158314636262, 0.191426283481, 0.440047478085, 0.180229156787, 0.000131647604657, 0.943751880721, 0.208868734095, 0.0221622865763, 0.75538134371, 0.69589013851, 0.14781178133, 0.794816583594, 0.720623676293, 0.0421096998261, 0.127986669059, 0.0162396267653, 63.6479795673, 718.49635789, 0.149160827298, 209.841511071, 621.552138419, 302.345702391, 259.221855481, 17.4332820558
0.174403650293, 0.0742810078859, 0.0437879456552, 0.000801024105796, 0.0465760662727, 0.0345370001537, 0.715615331557, 0.407505198905, 0.4779976473, 0.424159531455, 0.314138148317, 0.991318078812, 0.622760186048, 0.996473720921, 0.157982065538, 0.149942937707, 0.269241939729, 383.850990256, 801.351906918, 48.2512632537, 65.219245682, 1.12265492064, 61.4668583671, 104.829588896, 253.050104704
0.00822428681387, 0.304702164685, 0.0973736494231, 0.0177962014716, 0.358066206262, 0.842515162826, 0.740335679809, 0.191449520321, 0.350470279414, 0.75538134371, 0.783514309189, 0.150787594151, 0.11904475505, 0.995911841513, 0.262610341957, 0.376142680764, 0.864754140015, 89.7820392768, 207.774561791, 896.232156418, 582.693013196, 30.553534985, 168.514603129, 573.884981215, 16.0983632424
0.0728393956661, 0.00492030045794, 0.23824620556, 0.0180136954568, 0.501595335257, 0.836061721743, 0.559526311513, 0.00896912917684, 0.979304133293, 0.498729493863, 0.133376065191, 0.73140016075, 0.957418685848, 0.996306258067, 0.234846167423, 0.376142680764, 0.52935881282, 113.2813157, 136.726323887, 674.199021304, 700.690986819, 27.9765755758, 388.365128395, 8.21106736681, 122.089853851
0.00822428681387, 0.00492030045794, 0.0973736494231, 0.00778977927626, 0.358066206262, 0.842515162826, 0.740335679809, 0.191449520321, 0.350470279414, 0.579659636678, 0.783514309189, 0.150787594151, 0.11904475505, 0.995911841513, 0.83835019274, 0.376142680764, 0.864754140015, 91.5067069869, 211.765806371, 913.4483243, 593.88625221, 13.6279739344, 171.697434856, 8.70998362768, 14.5597006936
0.00317528294991, 0.459736450276, 0.442542237895, 0.224780291656, 0.231704832946, 0.0345370001537, 0.0752593280435, 0.536814775181, 0.566890516692, 0.963882422357, 0.966003801088, 0.970114560775, 0.311928591107, 0.253275346336, 0.825073195741, 0.0197876467077, 0.52935881282, 698.805342711, 82.9977237762, 38.2145586448, 268.463217843, 277.92696148, 670.333508672, 921.919312738, 6.95659187449
0.00356623462329, 0.459736450276, 0.442542237895, 0.261878599801, 0.231704832946, 0.510198907865, 0.0752593280435, 0.536814775181, 0.587840376313, 0.963882422357, 0.895304585775, 0.970114560775, 0.311928591107, 0.290997048706, 0.350389101807, 0.0269469303484, 0.0622610096398, 386.469267134, 45.9012939957, 401.859538914, 213.102908859, 261.154500632, 544.718899515, 749.159734639, 6.34901658567
0.0903109192043, 0.17635777501, 0.0149211513043, 0.304389759008, 0.108716440085, 0.82917151072, 0.146941366331, 0.687903400971, 0.869475861133, 0.806220094278, 0.638964762477, 0.519568603822, 0.47587677122, 0.652270036039, 0.497592747017, 0.701980250314, 0.400865985922, 160.157852713, 37.637602072, 598.326736409, 107.011674429, 326.333324515, 16.6260368584, 201.712838573, 105.33561492
0.0373735711631, 0.158314636262, 0.191426283481, 0.222057674575, 0.466687761437, 0.401321257198, 0.972591871157, 0.217062401393, 0.0221622865763, 0.402019998478, 0.607280404495, 0.0425282156262, 0.0351924876067, 0.982179387535, 0.0421096998261, 0.376142680764, 0.189211908673, 22.1165771633, 513.393314992, 374.979955634, 572.819574654, 311.320318684, 282.460747861, 242.17311039, 57.8301466031
0.011894945578, 0.119589617125, 0.0525337575001, 0.0462084807973, 0.013988880104, 0.94521073879, 0.236345076931, 0.687903400971, 0.765417069144, 0.424159531455, 0.205786728915, 0.66769760907, 0.11904475505, 0.991681776302, 0.34801968711, 0.28072368863, 0.0622610096398, 80.5999953711, 31.3777299446, 1002.50862388, 22.1141985427, 73.182715864, 83.4630125215, 192.483279579, 19.2605984326
0.00356623462329, 0.459736450276, 0.147592385839, 0.296233227417, 0.689772617297, 0.401321257198, 0.0147065142044, 0.536814775181, 0.928673630618, 0.995093861787, 0.000348575980368, 0.214650724781, 0.360554832683, 0.561288541434, 0.457762234652, 0.0269469303484, 0.0622610096398, 316.600939773, 7.3150801216, 231.091154908, 739.789439978, 420.376986497, 221.175178569, 847.946185466, 7.18621696596
0.0342883793577, 0.00171648474705, 0.207496307506, 0.261878599801, 0.404808096985, 0.0344539162382, 0.673655260893, 0.191449520321, 0.350470279414, 0.921630214578, 0.783514309189, 0.425253979956, 0.530601101562, 0.866116661981, 0.164185806796, 0.131297443262, 0.780911581988, 403.671652898, 717.249592177, 44.5866311261, 608.41553555, 446.925076167, 377.776516208, 3.18113734018, 63.6077728247
0.0318424321581, 0.936829482849, 0.04213327779, 0.00790480998871, 0.0814785339422, 0.51551815299, 0.972591871157, 0.464793433078, 0.253457215388, 0.75538134371, 0.477636985487, 0.8483903481, 0.289419677846, 0.720623676293, 0.0423537755777, 0.376142680764, 0.0867060503886, 3.83077365014, 88.9239582013, 93.454967562, 16.6084287695, 1.61579181227, 8.6251194216, 1310.00848846, 65.9028499257
0.011894945578, 0.029789168548, 0.557556794117, 0.012862608662, 0.161582986005, 0.0960747655411, 0.505663705381, 0.639602740454, 0.308376389187, 0.75538134371, 0.682141734766, 0.640625929096, 0.11904475505, 0.720623676293, 0.0421096998261, 0.0397265049459, 0.782548886011, 546.088832403, 555.892901987, 118.500572546, 204.467955642, 16.4547324021, 976.859330169, 59.5568264297, 23.7927513367
0.00356623462329, 0.00492030045794, 0.442542237895, 0.493089570572, 0.231704832946, 0.510198907865, 0.0752593280435, 0.328493623703, 0.587840376313, 0.963882422357, 0.966003801088, 0.970114560775, 0.311928591107, 0.982585196261, 0.313118264989, 0.863260244117, 0.00355308700947, 360.932695022, 42.8682929168, 375.306030091, 199.021794882, 547.075832974, 652.386627357, 7.87243166485, 5.70605632629
0.329043720271, 0.00492030045794, 0.483741904713, 0.676297284171, 0.480698459798, 0.0069124685486, 0.197358867769, 0.297516539103, 0.928673630618, 0.673455013724, 0.880563940082, 0.616086007685, 0.0725078406961, 0.702268322104, 0.457762234652, 0.863260244117, 0.00355308700947, 196.552178268, 62.9633627778, 2.24109544781, 194.25183214, 508.539316795, 553.190660885, 6.20710741041, 456.495780681
0.0728393956661, 0.070634198474, 0.358660710362, 0.163046880839, 0.240095720301, 0.303105621771, 0.197358867769, 0.687903400971, 0.988201493468, 0.424159531455, 0.205786728915, 0.760108301521, 0.393286471293, 0.570048720696, 0.294273957145, 0.0328667798906, 0.269241939729, 534.751118512, 171.301732534, 289.56700925, 250.251208109, 177.947818266, 443.721373617, 92.5659137299, 96.0715388739
0.168241722209, 0.0699179385169, 0.588980594884, 0.00790480998871, 0.471554662083, 0.476905012009, 0.496437361813, 0.555611702947, 0.588115060742, 0.980075971475, 0.794327389069, 0.508747477334, 0.763311880451, 0.0152208739531, 0.408306140756, 0.376142680764, 0.248497002745, 199.221993953, 197.004615782, 260.553854902, 349.85785072, 6.43782871193, 688.263955402, 95.0208346205, 234.593441139
0.00317528294991, 0.316446762891, 0.0459722867105, 0.304389759008, 0.161582986005, 0.591315052207, 0.197358867769, 0.931732392685, 0.988201493468, 0.936233939714, 0.075709220881, 0.992714743183, 0.47587677122, 0.3673770283, 0.862391959402, 0.634956252717, 0.862551728804, 564.310997587, 180.770919833, 792.617918008, 256.718549803, 529.843017772, 83.2999221009, 626.34368312, 6.55136986261
0.0341930667806, 0.00492030045794, 0.203099232407, 0.183746858989, 0.808354766884, 0.264370719698, 0.559526311513, 0.291673359534, 0.976495418458, 0.228624140547, 0.133376065191, 0.616086007685, 0.385071853893, 0.995973964095, 0.21954199267, 0.534116453974, 0.862551728804, 150.408630562, 181.53760848, 103.946086716, 829.866795931, 258.006790725, 299.405976064, 7.37810086222, 51.3231426426
0.0326161485461, 0.17635777501, 0.655537524114, 0.304389759008, 0.108716440085, 0.0345370001537, 0.874251419562, 0.0290664180584, 0.560652627322, 0.882471577662, 0.880563940082, 0.551906883154, 0.20980965519, 0.117359169556, 0.497592747017, 0.701980250314, 0.400865985922, 66.066060846, 330.107406062, 18.2815941559, 58.14179669, 177.304073677, 641.272589369, 212.721664522, 39.8840272728
0.0728393956661, 0.119589617125, 0.0525337575001, 0.0462084807973, 0.013988880104, 0.0689704674692, 0.249753828637, 0.687903400971, 0.765417069144, 0.424159531455, 0.205786728915, 0.66769760907, 0.11904475505, 0.896410295801, 0.331920304142, 0.28072368863, 0.0622610096398, 850.861286857, 352.052880956, 100.152259267, 20.3563700992, 67.3655184074, 76.8286478573, 177.183037832, 109.031796123
0.308314917358, 0.316446762891, 0.0182377300762, 0.458019592666, 0.0684845451732, 0.115158820697, 0.71286959973, 0.931732392685, 0.795835262382, 0.51362182823, 0.075709220881, 0.992714743183, 0.47587677122, 0.442096180241, 0.297063686433, 0.634956252717, 0.0707053410111, 236.740329435, 488.811886204, 99.3319697566, 59.6259470951, 486.538214933, 21.1571600064, 400.712310481, 442.08422095
0.00317528294991, 0.316446762891, 0.0459722867105, 0.391261043543, 0.161582986005, 0.591315052207, 0.197358867769, 0.931732392685, 0.645892185143, 0.936233939714, 0.075709220881, 0.997067964496, 0.47587677122, 0.3673770283, 0.862391959402, 0.587523908238, 0.169157856771, 508.745946404, 162.971257136, 714.57255761, 231.440681003, 650.524423996, 81.609767712, 613.635177538, 6.41844264915
