0.00356623462329, 0.217942007468, 0.693807331971, 0.527515377823, 0.665610348578, 0.401321257198, 0.0270578063458, 0.328493623703, 0.904989940853, 0.984934404239, 0.075709220881, 0.616086007685, 0.387197860766, 0.561288541434, 0.657689200434, 0.859601070148, 0.862551728804, 137.31235948, 5.83960821877, 100.289910653, 293.561237057, 369.975605381, 961.986984936, 386.69954089, 6.45302958013
0.0373735711631, 0.265410857061, 0.191426283481, 0.836163210892, 0.180229156787, 0.043172935192, 0.972591871157, 0.344600600949, 0.0221622865763, 0.75538134371, 0.682141734766, 0.0425282156262, 0.285367743984, 0.720623676293, 0.0423537755777, 0.376142680764, 0.0867060503886, 11.4306059575, 265.3392811, 18.0385698104, 77.4413727467, 1053.35489864, 337.762978535, 505.04299866, 73.3040807379
0.0474003416739, 0.292900429246, 0.695941554836, 0.836163210892, 0.180229156787, 0.043172935192, 0.972591871157, 0.344600600949, 0.0221622865763, 0.75538134371, 0.879793425478, 0.0425282156262, 0.285367743984, 0.720623676293, 0.0423537755777, 0.376142680764, 0.0867060503886, 5.49207526721, 127.487843476, 8.66701060991, 37.208337817, 506.106536078, 1011.12887837, 564.21040907, 94.7845672054
0.991605327624, 0.00492030045794, 0.207496307506, 0.885072722103, 0.2165072521, 0.833770403874, 0.740335679809, 0.467559372284, 0.645892185143, 0.300717744522, 0.861353026465, 0.229506841555, 0.0119317425744, 0.34238261832, 0.457762234652, 0.309801831204, 0.839744199628, 0.285117532498, 0.659822062974, 2.68994160953, 0.985195175163, 16.1821839985, 5.55974450888, 0.134202796909, 1316.75685819
0.886597627207, 0.757939019009, 0.710773944278, 0.989765527297, 0.643050556456, 0.856283645326, 0.989788043797, 0.291673359534, 0.946694945298, 0.969990891071, 0.133340109067, 0.875847672253, 0.651791823203, 0.971973116071, 0.563156715258, 0.587742886412, 0.870068603768, 0.00119225356003, 0.0743194617365, 0.323642654396, 0.528840299364, 38.8397948108, 79.5367315156, 221.467445874, 1324.70985738
0.980725870528, 0.423078592649, 0.0052782916824, 0.786636363459, 0.34519136198, 0.923717470831, 0.160454796475, 0.501960942154, 0.425194482751, 0.519190718397, 0.914798411095, 0.819003525647, 0.891419949682, 0.358804904112, 0.666782267336, 0.858042739987, 0.474115671274, 0.756408170404, 0.194788710398, 6.48736911266, 3.93659800045, 21.9024938068, 0.192299815943, 18.171224522, 972.899836158
0.312792515689, 0.0742810078859, 0.0383445403824, 0.261878599801, 0.689772617297, 0.82917151072, 0.86894371204, 0.33481391768, 0.492159383484, 0.213845646586, 0.863446094589, 0.769108697202, 0.224630303031, 0.656527441368, 0.114551875314, 0.0879856264373, 0.317844375524, 20.2791524101, 97.1126050077, 360.795625239, 706.105467495, 348.61551447, 52.5767719148, 102.378308276, 470.579250018
0.907669508064, 0.978673780628, 0.168900992345, 0.00148028224086, 0.362985364664, 0.0982330676325, 0.350029849182, 0.251759933653, 0.217260224208, 0.419410081919, 0.0474143902324, 0.89375822186, 0.991390923864, 0.716421526068, 0.868799511477, 0.901694394865, 0.440818209794, 3.38090074443, 2.0720366956, 0.616769362263, 2.57320871116, 0.01108468069, 1.29530437251, 147.411183704, 1009.83183764
0.0581034802813, 0.17635777501, 0.483741904713, 0.304389759008, 0.108716440085, 0.51551815299, 0.874251419562, 0.0544497948602, 0.836230806264, 0.882471577662, 0.880563940082, 0.57093089671, 0.180972212014, 0.658105731419, 0.497592747017, 0.701980250314, 0.400865985922, 77.211202384, 385.795511515, 413.110387662, 98.3817609727, 300.016304775, 619.553211144, 255.740867912, 85.5824874518
0.0728393956661, 0.0742810078859, 0.0525337575001, 0.0462084807973, 0.226207122566, 0.0345370001537, 0.231574037278, 0.407505198905, 0.4779976473, 0.424159531455, 0.157475501516, 0.991318078812, 0.11904475505, 0.991681776302, 0.294273957145, 0.28072368863, 0.269241939729, 656.766617249, 250.028874412, 38.162021754, 261.157117443, 54.583125316, 62.2506560179, 88.522447658, 87.3833656634
0.64181904557, 0.996744048901, 0.199329181565, 0.895704093792, 0.950956557109, 0.0248068615791, 0.931355565041, 0.109873109693, 0.315640113637, 0.648835983879, 0.701053139263, 0.132448992784, 0.348311453204, 0.512367165342, 0.974655813856, 0.898868664746, 0.00562920492435, 0.00297623437054, 0.0274950314879, 0.00107819021781, 0.358552237108, 2.17543120804, 0.713865502342, 453.151526376, 718.5921636
0.0214228534332, 0.939364110392, 0.377722242084, 0.581004469391, 0.904822720198, 0.793242735609, 0.876941612587, 0.286677634678, 0.253457215388, 0.379359079686, 0.963102026803, 0.962689966631, 0.8684074501, 0.722229801482, 0.522192487496, 0.634956252717, 0.225866866935, 0.569773683146, 2.91081447667, 8.80930718099, 61.7098475359, 80.7159584303, 68.8053426397, 1288.10412528, 43.5597186487
0.174403650293, 0.159778286053, 0.23824620556, 0.42232552692, 0.501595335257, 0.836061721743, 0.559526311513, 0.00896912917684, 0.902887829567, 0.883174107477, 0.133376065191, 0.967263459175, 0.912280619203, 0.995911841513, 0.21954199267, 0.453507263745, 0.76259340543, 76.7053992419, 92.5805566068, 456.515752648, 474.4540753, 523.092716643, 333.62371895, 233.985558899, 264.761515194
0.886597627207, 0.820469917449, 0.992191697111, 0.599054592327, 0.00771027515358, 0.968507221706, 0.241104766926, 0.33030059669, 0.0938342853606, 0.487275415137, 0.399852740675, 0.802509716392, 0.0107531715073, 0.98408844909, 0.219806783168, 0.591416551372, 0.0318589843769, 0.00936035109356, 0.0037248280554, 0.203482663736, 0.00246757302197, 0.279559474624, 28.2024979712, 97.3490918849, 562.94368793
0.00356623462329, 0.217942007468, 0.0459722867105, 0.527515377823, 0.513459559296, 0.401321257198, 0.0752593280435, 0.536814775181, 0.904989940853, 0.984934404239, 0.075709220881, 0.616086007685, 0.387197860766, 0.561288541434, 0.657689200434, 0.859601070148, 0.862551728804, 421.212501416, 50.0277784196, 309.526809991, 547.786180292, 827.415659301, 81.2135999015, 401.141091327, 6.69402224315
0.00356623462329, 0.217942007468, 0.560581661772, 0.527515377823, 0.513459559296, 0.401321257198, 0.0752593280435, 0.536814775181, 0.904989940853, 0.984934404239, 0.075709220881, 0.616086007685, 0.387197860766, 0.561288541434, 0.657689200434, 0.859601070148, 0.259836608204, 269.715055095, 32.0342937765, 198.199341969, 350.763995135, 529.819175319, 870.603973685, 402.364292186, 6.71443434737
0.312792515689, 0.0742810078859, 0.330076926474, 0.261878599801, 0.689772617297, 0.82917151072, 0.86894371204, 0.33481391768, 0.492159383484, 0.213845646586, 0.863446094589, 0.775647469467, 0.224630303031, 0.656527441368, 0.114551875314, 0.0879856264373, 0.317844375524, 16.9402167455, 81.123142836, 301.391101994, 589.846134724, 291.216430379, 415.535200194, 98.2840893499, 451.760278457
0.045302678954, 0.275421483416, 0.551953323437, 0.69504153558, 0.404808096985, 0.264370719698, 0.608327660013, 0.7575958417, 0.151709972451, 0.419410081919, 0.289349970111, 0.951818346121, 0.47701401204, 0.0246757023688, 0.311430248961, 0.309801831204, 0.0622610096398, 134.176406951, 189.85163483, 102.503739962, 187.544162369, 608.029137223, 807.206007826, 488.952883167, 83.1304940908
0.0199772458344, 0.275421483416, 0.551953323437, 0.69504153558, 0.404808096985, 0.264370719698, 0.416337523448, 0.7575958417, 0.669619396755, 0.936233939714, 0.352784640051, 0.916353163336, 0.47701401204, 0.146055006015, 0.311430248961, 0.309801831204, 0.0622610096398, 208.858073475, 160.090941804, 116.028992669, 212.290402756, 688.257895089, 913.715928792, 553.469663812, 41.4388353059
0.011451818512, 0.816128285274, 0.453121889653, 0.440047478085, 0.576888204657, 0.995173371278, 0.0559766053196, 0.678257281486, 0.659814912728, 0.398547152476, 0.660043832032, 0.530600095762, 0.656469994961, 0.217857226388, 0.550890028666, 0.110436979517, 0.52935881282, 0.93587278175, 0.0825020035992, 123.915526047, 158.153183253, 166.239738491, 224.944533977, 1159.03885862, 21.7526000501
0.174403650293, 0.159778286053, 0.23824620556, 0.42232552692, 0.98249812857, 0.155414163238, 0.559526311513, 0.0234664968316, 0.902887829567, 0.883174107477, 0.292397781352, 0.967263459175, 0.351448727394, 0.995911841513, 0.21954199267, 0.110436979517, 0.489934669696, 8.62108763685, 10.4053313048, 3.36591627674, 506.408959709, 395.93200776, 252.521789499, 177.105069856, 200.399575359
0.0964914543367, 0.2579077717, 0.734153304122, 0.326923782252, 0.0430738798174, 0.865084304136, 0.244524091774, 0.267557756333, 0.0519540743281, 0.608234585457, 0.697724589812, 0.484672503289, 0.598783144298, 0.517325676909, 0.153031256615, 0.572518250599, 0.188710134983, 52.948489519, 21.4002844888, 265.434027481, 18.398412536, 153.482730303, 704.167636559, 330.365638232, 128.028951205
0.0199772458344, 0.275421483416, 0.551953323437, 0.69504153558, 0.404808096985, 0.373478473488, 0.416337523448, 0.7575958417, 0.669619396755, 0.936233939714, 0.352784640051, 0.916353163336, 0.47701401204, 0.146055006015, 0.311430248961, 0.309801831204, 0.0622610096398, 190.092628306, 145.707117706, 159.209799185, 212.290402756, 688.257895089, 913.715928792, 553.469663812, 41.4388353059
0.168241722209, 0.439528146693, 0.775655507036, 0.521398254558, 0.39890645535, 0.476905012009, 0.496437361813, 0.430296990038, 0.489939342948, 0.921630214578, 0.794327389069, 0.618149205748, 0.763311880451, 0.0152208739531, 0.408306140756, 0.287826835582, 0.248497002745, 60.4542631573, 59.7813958658, 79.0655238326, 84.0493872556, 153.306933279, 570.698019368, 502.276715315, 213.420498576
0.221126668363, 0.642996344315, 0.19291996843, 0.0534159789428, 0.370044369163, 0.509601022903, 0.0907791356785, 0.198847115007, 0.467684992832, 0.413937727404, 0.633319463989, 0.703816215031, 0.902035757429, 0.497333103855, 0.128456020809, 0.375874391684, 0.903501483954, 169.519030945, 24.3378382927, 176.50225637, 161.571038549, 24.7479346105, 92.3296365493, 492.636438986, 210.601069846
0.00822428681387, 0.428218251796, 0.269988604337, 0.37582394131, 0.84968924472, 0.443039801632, 0.197652619761, 0.176721895301, 0.36027052003, 0.35754002166, 0.929722658952, 0.199498704231, 0.230826129641, 0.217857226388, 0.17379160153, 0.110436979517, 0.94139383854, 121.197205396, 38.885884064, 106.325141739, 689.328532911, 475.066508491, 385.326684636, 745.904435156, 15.4667267603
0.168241722209, 0.0699179385169, 0.775655507036, 0.521398254558, 0.39890645535, 0.476905012009, 0.496437361813, 0.430296990038, 0.00326847725976, 0.921630214578, 0.794327389069, 0.508747477334, 0.763311880451, 0.0152208739531, 0.408306140756, 0.287826835582, 0.248497002745, 74.3630269818, 73.5353525393, 97.2561962552, 103.386701382, 188.578390017, 701.99899885, 82.4783435544, 203.6277466
0.168648738268, 0.257608408449, 0.693807331971, 0.932421177401, 0.471554662083, 0.741547300507, 0.792995168166, 0.328493623703, 0.586461269963, 0.389822900561, 0.117096474647, 0.95227218798, 0.125720605805, 0.379685260041, 0.537835391917, 0.17311351588, 0.927892736628, 4.41382292783, 13.0923998939, 32.1419122102, 31.9910111947, 444.913993067, 857.413788978, 414.210983429, 285.424477623
0.045302678954, 0.275421483416, 0.551953323437, 0.69504153558, 0.404808096985, 0.264370719698, 0.416337523448, 0.7575958417, 0.151709972451, 0.419410081919, 0.352784640051, 0.916353163336, 0.47701401204, 0.146055006015, 0.311430248961, 0.309801831204, 0.0622610096398, 201.781322105, 154.666570254, 112.097574941, 205.097353556, 664.937609115, 882.756433941, 534.716416039, 90.9110906062
0.174403650293, 0.159778286053, 0.23824620556, 0.42232552692, 0.98249812857, 0.836061721743, 0.559526311513, 0.00896912917684, 0.902887829567, 0.883174107477, 0.133376065191, 0.967263459175, 0.912280619203, 0.995911841513, 0.21954199267, 0.453507263745, 0.4594720689, 3.00704173252, 3.62938724116, 17.8965487871, 673.003396451, 526.182605734, 335.594421766, 235.367702835, 266.325451551
0.00356623462329, 0.0526944852542, 0.560581661772, 0.891699571436, 0.513459559296, 0.401321257198, 0.0752593280435, 0.536814775181, 0.904989940853, 0.984934404239, 0.075709220881, 0.616086007685, 0.387197860766, 0.561288541434, 0.657689200434, 0.859601070148, 0.259836608204, 71.4747974858, 8.48912441864, 52.5230518709, 92.9528591157, 749.582021144, 921.07232366, 99.097824304, 6.71443434737
0.011451818512, 0.816128285274, 0.382476214306, 0.440047478085, 0.576888204657, 0.995173371278, 0.0559766053196, 0.678257281486, 0.659814912728, 0.398547152476, 0.660043832032, 0.530600095762, 0.656469994961, 0.233989423615, 0.550890028666, 0.110436979517, 0.52935881282, 1.10047498081, 0.0970125348211, 145.709907167, 185.969316235, 195.478142535, 210.141428859, 1251.07648804, 23.4799431219
0.142464174909, 0.60366056911, 0.710773944278, 0.989765527297, 0.692390028603, 0.856283645326, 0.989788043797, 0.291673359534, 0.946694945298, 0.969990891071, 0.94177571886, 0.998162835368, 0.395307031688, 0.985518332973, 0.690941395574, 0.412383228005, 0.8642455362, 0.00611491122648, 0.381174714972, 1.65992047924, 3.24607209339, 228.002139863, 466.906302455, 723.905933739, 202.806644575
0.0250723705079, 0.288915517576, 0.170457211081, 0.854154975994, 0.00879108116236, 0.804630069811, 0.706129583111, 0.123748546777, 0.751234683125, 0.593812611931, 0.700783028187, 0.602996005321, 0.912010583116, 0.720994946247, 0.260584600663, 0.506453456202, 0.0476682147638, 22.8796794271, 45.9933462964, 162.102452854, 2.34833163165, 729.30193073, 205.445221878, 378.782898959, 34.0448209035
0.0964914543367, 0.378070736357, 0.734153304122, 0.326923782252, 0.0430738798174, 0.996617666523, 0.244524091774, 0.267557756333, 0.0519540743281, 0.608234585457, 0.697724589812, 0.484672503289, 0.598783144298, 0.517325676909, 0.153031256615, 0.572518250599, 0.188710134983, 1.20603278663, 0.487444400609, 244.835744846, 16.5912173017, 138.406795996, 635.000343216, 469.044052754, 128.028951205
0.045302678954, 0.275421483416, 0.551953323437, 0.69504153558, 0.404808096985, 0.778083535667, 0.416337523448, 0.7575958417, 0.151709972451, 0.419410081919, 0.352784640051, 0.916353163336, 0.796148531499, 0.146055006015, 0.311430248961, 0.309801831204, 0.0622610096398, 70.8619065837, 54.3160682002, 245.673028791, 192.94693345, 625.545236884, 830.459993556, 503.038634831, 85.5253168555
0.011451818512, 0.796830508918, 0.453121889653, 0.440047478085, 0.0144947985306, 0.995173371278, 0.0559766053196, 0.678257281486, 0.659814912728, 0.398547152476, 0.660043832032, 0.530600095762, 0.656469994961, 0.217857226388, 0.726955151384, 0.110436979517, 0.10854799558, 1.42172842051, 0.125332679348, 188.245911794, 4.28691774536, 155.799068246, 210.816914889, 976.779466484, 18.5071639338
0.333875736941, 0.15225151409, 0.466609800958, 0.847321446274, 0.694805137682, 0.972833452925, 0.963221314906, 0.811939906494, 0.970376078992, 0.575754606814, 0.635895122249, 0.556121848352, 0.902035757429, 0.233188550159, 0.525634543113, 0.810731862085, 0.880534039983, 0.173997515689, 3.00845438379, 70.5749426897, 135.884653134, 626.290108597, 580.425145031, 211.520340426, 516.549566001
0.103535508394, 0.803764672631, 0.572136347935, 0.0635481654973, 0.109392882818, 0.0983884095272, 0.730980220135, 0.00656524060323, 0.254918168105, 0.183439304494, 0.385169805266, 0.507316389125, 0.796148531499, 0.688436636234, 0.219806783168, 0.723858730417, 0.0318589843769, 53.6385598964, 119.285608571, 20.3759141591, 22.9718845308, 13.4553732978, 169.69494064, 681.092069238, 117.283087261
0.0368348420182, 0.439528146693, 0.906389487715, 0.260752979281, 0.238013945863, 0.737917389012, 0.734185128247, 0.483780812834, 0.0610111518935, 0.927895317667, 0.144734248011, 0.533465524655, 0.98699777937, 0.00364829032611, 0.254054391193, 0.791068378854, 0.492787531815, 16.5409650598, 37.2857984999, 93.420745917, 39.9925306611, 47.5395650892, 805.985807591, 673.026717689, 61.2148803367
0.0964914543367, 0.0774808698301, 0.807587374263, 0.326923782252, 0.918013844547, 0.204131299385, 0.00804121741766, 0.509743524292, 0.17618996839, 0.608234585457, 0.00503517570974, 0.977250975653, 0.752081430376, 0.98408844909, 0.996619970049, 0.780175716158, 0.214992423764, 21.7521674446, 0.274768736584, 7.22467765542, 177.005199286, 100.665133864, 657.210661855, 84.2008811888, 105.932036058
0.221126668363, 0.642996344315, 0.19291996843, 0.0534159789428, 0.370044369163, 0.509601022903, 0.115675663696, 0.198847115007, 0.814626405198, 0.413937727404, 0.633319463989, 0.703816215031, 0.902035757429, 0.497333103855, 0.128456020809, 0.375874391684, 0.903501483954, 142.512073901, 26.183653831, 149.335196725, 136.702177768, 20.9387560227, 78.1183465934, 416.810306241, 178.18555322
0.297740599342, 0.827102643648, 0.421513130446, 0.709507405162, 0.100942843758, 0.591929287869, 0.776169081187, 0.530035252848, 0.433999873709, 0.921585548496, 0.877153421934, 0.798621206531, 0.0863965573828, 0.693727455415, 0.928429194158, 0.414045705376, 0.175350410872, 14.2306260679, 38.7930350239, 55.3829321732, 11.0491438659, 142.561259153, 123.791010329, 723.091653081, 379.102299066
0.339093316073, 0.972383045712, 0.0052782916824, 0.786636363459, 0.34519136198, 0.923717470831, 0.160454796475, 0.501960942154, 0.425194482751, 0.519190718397, 0.914798411095, 0.819003525647, 0.891419949682, 0.358804904112, 0.666782267336, 0.858042739987, 0.470887993038, 1.21029154065, 0.311671842839, 10.3801205028, 6.2987570009, 35.0451039672, 0.307689485136, 854.941030608, 504.44318799
0.907669508064, 0.978673780628, 0.168900992345, 0.00148028224086, 0.152553525579, 0.0982330676325, 0.350029849182, 0.251759933653, 0.217260224208, 0.419410081919, 0.0474143902324, 0.89375822186, 0.962108212333, 0.716421526068, 0.868799511477, 0.901694394865, 0.440818209794, 4.49542124503, 2.75508761895, 0.820088581119, 1.3036952888, 0.0127721362693, 1.49249260476, 169.852048836, 1163.56169385
0.168648738268, 0.257608408449, 0.693807331971, 0.932421177401, 0.327750780238, 0.741547300507, 0.792995168166, 0.328493623703, 0.93014084828, 0.389822900561, 0.117096474647, 0.95227218798, 0.125720605805, 0.379685260041, 0.537835391917, 0.17311351588, 0.927892736628, 5.75692009872, 17.0763307278, 41.9224838512, 25.814531202, 492.030369232, 948.213878975, 458.075911958, 315.650919732
0.435167398517, 0.536859397648, 0.0052782916824, 0.786636363459, 0.34519136198, 0.944504778083, 0.160454796475, 0.501960942154, 0.425194482751, 0.519190718397, 0.914798411095, 0.819003525647, 0.891419949682, 0.358804904112, 0.666782267336, 0.858042739987, 0.470887993038, 12.1653137825, 3.13278713266, 143.743660834, 86.9296786883, 483.660447138, 4.24644863658, 575.202078719, 627.363230356
0.0368348420182, 0.494504491413, 0.906389487715, 0.260752979281, 0.238013945863, 0.737917389012, 0.988302179816, 0.483780812834, 0.0610111518935, 0.96889388086, 0.144734248011, 0.274462740469, 0.98699777937, 0.00364829032611, 0.254054391193, 0.791068378854, 0.492787531815, 0.680610210864, 37.0360584071, 84.8372096884, 36.3180006364, 43.1716104639, 731.931502937, 727.250831296, 60.095846116
0.00822428681387, 0.428218251796, 0.269988604337, 0.37582394131, 0.905185120531, 0.428638489571, 0.197652619761, 0.176721895301, 0.36027052003, 0.35754002166, 0.769192325154, 0.199498704231, 0.230826129641, 0.403051792443, 0.17379160153, 0.677837400673, 0.94139383854, 77.197214128, 24.7685737376, 64.6678316475, 691.158051133, 468.29625117, 379.835325508, 735.274418363, 15.2463076859
0.149300037645, 0.378070736357, 0.145918001178, 0.985824811991, 0.1642696191, 0.836061721743, 0.488099734509, 0.715745799239, 0.753084498286, 0.112309048822, 0.403020010388, 0.807831066207, 0.912280619203, 0.936764845684, 0.183032231748, 0.615417883111, 0.81954136672, 2.28614410247, 2.20223356388, 12.0531020195, 3.28949330078, 578.843914399, 135.082127567, 401.418113762, 171.389714821
0.753689463118, 0.276867845135, 0.912905785063, 0.114543563768, 0.918013844547, 0.00377400122019, 0.00804121741766, 0.509743524292, 0.17618996839, 0.530338925974, 0.00503517570974, 0.977250975653, 0.752081430376, 0.98408844909, 0.999114493322, 0.780175716158, 0.321466640168, 5.01398371611, 0.0633355721648, 0.0297265538923, 38.7217082522, 7.10196756644, 288.27258572, 135.185530808, 787.502514835
0.753689463118, 0.0774808698301, 0.807587374263, 0.114543563768, 0.918013844547, 0.00377400122019, 0.00804121741766, 0.509743524292, 0.17618996839, 0.530338925974, 0.00503517570974, 0.977250975653, 0.752081430376, 0.98408844909, 0.996619970049, 0.780175716158, 0.321466640168, 12.0033314729, 0.151623521289, 0.0711645071303, 92.6986455609, 17.0019042016, 304.709345581, 39.0389214501, 789.209779087
0.011451818512, 0.816128285274, 0.453121889653, 0.440047478085, 0.0832743367925, 0.995173371278, 0.0559766053196, 0.678257281486, 0.659814912728, 0.398547152476, 0.660043832032, 0.530600095762, 0.656469994961, 0.217857226388, 0.726955151384, 0.110436979517, 0.52935881282, 1.40155441735, 0.123554237114, 185.574745089, 24.41458501, 154.871581759, 209.561901994, 1079.77901665, 20.2650678335
0.166721711146, 0.114372588981, 0.393147161948, 0.939932011162, 0.834190192878, 0.156015127341, 0.993384901609, 0.788209821651, 0.71847919572, 0.0902315075753, 0.618692841777, 0.717977135592, 0.655388885417, 0.975525976054, 0.208616251504, 0.0949333335699, 0.892115968055, 0.122796805892, 11.8172181883, 2.95558568807, 45.7092448201, 499.861398661, 356.599233364, 111.845772063, 167.771864155
0.00649044753867, 0.785714262883, 0.269988604337, 0.995139687561, 0.157173636475, 0.722130878523, 0.355467616364, 0.833148719039, 0.377559893094, 0.61472182337, 0.461816934986, 0.318918848478, 0.902035757429, 0.0334554075252, 0.85049311213, 0.308247977393, 0.161610647259, 0.904395204579, 0.564955152423, 2.28594127321, 0.635725485765, 340.72068982, 153.838431392, 1068.40101361, 11.5405245456
0.149300037645, 0.2579077717, 0.0709858079518, 0.985824811991, 0.1642696191, 0.155414163238, 0.488099734509, 0.897896593924, 0.913762749939, 0.112309048822, 0.403020010388, 0.807831066207, 0.351448727394, 0.936764845684, 0.183032231748, 0.459845431051, 0.489934669696, 10.5366886658, 10.1499504808, 3.64427208707, 3.97915698092, 700.202308452, 78.4201633929, 302.227683948, 183.206466073
0.142464174909, 0.757939019009, 0.710773944278, 0.989765527297, 0.692390028603, 0.856283645326, 0.989788043797, 0.291673359534, 0.946694945298, 0.969990891071, 0.133340109067, 0.875847672253, 0.395307031688, 0.971973116071, 0.563156715258, 0.587742886412, 0.870068603768, 0.00489637175964, 0.305216713825, 1.32914239582, 2.59921610293, 182.567366461, 373.864271953, 1041.01292365, 255.151385957
0.168241722209, 0.439528146693, 0.775655507036, 0.521398254558, 0.800940316766, 0.476905012009, 0.496437361813, 0.430296990038, 0.489939342948, 0.921630214578, 0.794327389069, 0.618149205748, 0.763311880451, 0.0152208739531, 0.408306140756, 0.287826835582, 0.248497002745, 22.9578598162, 22.7023345291, 30.0255948488, 136.382528632, 153.306933279, 570.698019368, 502.276715315, 213.420498576
0.333875736941, 0.15225151409, 0.466609800958, 0.847321446274, 0.603101412224, 0.984552601668, 0.963221314906, 0.811939906494, 0.970376078992, 0.575754606814, 0.635895122249, 0.556121848352, 0.2206332795, 0.567257968852, 0.685958270938, 0.810731862085, 0.880534039983, 0.12410260301, 2.1457606368, 88.5617023828, 123.188215227, 620.503539415, 575.062342377, 209.566011168, 511.776937856
0.0368348420182, 0.494504491413, 0.906389487715, 0.260752979281, 0.238013945863, 0.737917389012, 0.734185128247, 0.483780812834, 0.0610111518935, 0.927895317667, 0.144734248011, 0.274462740469, 0.98699777937, 0.00364829032611, 0.254054391193, 0.791068378854, 0.492787531815, 14.6884860102, 33.1100348539, 82.958238199, 35.5136308558, 42.2154471776, 715.720710157, 711.143705864, 58.7648454631
0.149300037645, 0.824159037805, 0.145918001178, 0.985824811991, 0.1642696191, 0.836061721743, 0.488099734509, 0.715745799239, 0.753084498286, 0.112309048822, 0.403020010388, 0.807831066207, 0.933993765625, 0.965135418873, 0.183032231748, 0.615417883111, 0.81954136672, 0.875001745306, 0.842885717433, 4.61321982812, 1.25902491284, 221.547467114, 51.7015079029, 802.783715733, 199.354393334
0.0964914543367, 0.687356367944, 0.734153304122, 0.326923782252, 0.0430738798174, 0.865084304136, 0.244524091774, 0.267557756333, 0.209357265782, 0.608234585457, 0.697724589812, 0.484672503289, 0.598783144298, 0.517325676909, 0.153031256615, 0.633594109982, 0.188710134983, 22.1407875994, 8.94868121331, 110.993127046, 7.69342709915, 64.1798956434, 294.452707094, 602.343682523, 104.332421174
0.453761810814, 0.769520204839, 0.0504426161496, 0.415024205765, 0.885795612698, 0.886457713732, 0.813915761195, 0.304464391937, 0.901880595012, 0.425884990265, 0.0803463312634, 0.00937768311935, 0.831518698706, 0.543116228297, 0.514181944184, 0.800946101577, 0.0147689455497, 1.37332289404, 4.56375044044, 26.4379846447, 148.141210473, 114.91075413, 15.038528845, 501.663678898, 463.670364959
0.308314917358, 0.154063690392, 0.973938374437, 0.154037406605, 0.189238783117, 0.0807399953898, 0.819503357045, 0.765883438523, 0.489939342948, 0.300717744522, 0.0659516586818, 0.0249005119622, 0.0088695740822, 0.232535964109, 0.657330856115, 0.265538722923, 0.6309326717, 10.543609642, 36.1859502838, 4.80596254373, 11.6393494581, 9.80736860007, 999.282527234, 246.87009038, 541.944145055
0.103535508394, 0.803764672631, 0.522946844954, 0.0635481654973, 0.109392882818, 0.0983884095272, 0.730980220135, 0.00656524060323, 0.254918168105, 0.183439304494, 0.385169805266, 0.507316389125, 0.796148531499, 0.688436636234, 0.219806783168, 0.723858730417, 0.0318589843769, 58.6822187782, 130.502090153, 22.2918709003, 25.1319415806, 14.720588344, 158.76656063, 681.092069238, 117.283087261
0.453761810814, 0.769520204839, 0.0504426161496, 0.415024205765, 0.885795612698, 0.886457713732, 0.737688386497, 0.304464391937, 0.901880595012, 0.71581907757, 0.1056966541, 0.00937768311935, 0.733564302642, 0.543116228297, 0.514181944184, 0.99207188021, 0.0147689455497, 1.67788496779, 3.83905748221, 23.2416506357, 130.231040862, 101.018123646, 13.2203811367, 441.012888019, 407.612939387
0.921198148221, 0.707555003904, 0.986164471445, 0.0720170150767, 0.843607874741, 0.353913605986, 0.937939843033, 0.28476359307, 0.674228668876, 0.3342937428, 0.68054018692, 0.757127487604, 0.62055582618, 0.066039808318, 0.908740917513, 0.541881915041, 0.0169972349283, 0.0266127524919, 0.272131160835, 0.169878612065, 1.28389767155, 0.15037723358, 61.2871971182, 123.925315845, 1111.24321141
0.921198148221, 0.707555003904, 0.986164471445, 0.0720170150767, 0.843607874741, 0.353913605986, 0.957806082756, 0.28476359307, 0.674228668876, 0.3342937428, 0.68054018692, 0.45325185927, 0.62055582618, 0.066039808318, 0.563156715258, 0.541881915041, 0.0169972349283, 0.0203425158086, 0.306477337258, 0.190829945051, 1.44224231134, 0.168923438167, 68.8458206494, 139.209173689, 1248.29416955
0.308314917358, 0.3390768473, 0.973938374437, 0.154037406605, 0.189238783117, 0.119828682486, 0.819503357045, 0.765883438523, 0.00326847725976, 0.815916296181, 0.0659516586818, 0.0249005119622, 0.0088695740822, 0.232535964109, 0.657330856115, 0.196466155041, 0.6309326717, 8.54445961008, 29.3248139063, 5.81811305912, 9.52491302762, 8.02573488165, 817.750098164, 482.421068072, 499.802711255
0.0368348420182, 0.494504491413, 0.906389487715, 0.0894129777762, 0.98652446164, 0.737917389012, 0.988302179816, 0.483780812834, 0.0610111518935, 0.0940538507864, 0.144734248011, 0.274462740469, 0.98699777937, 0.00364829032611, 0.254054391193, 0.791068378854, 0.492787531815, 0.0145172634162, 0.789970833838, 1.80955868849, 93.2680264446, 13.189228261, 636.117389192, 632.049444839, 52.2289484456
0.980725870528, 0.156328668403, 0.0052782916824, 0.786636363459, 0.34519136198, 0.923717470831, 0.160454796475, 0.501960942154, 0.425194482751, 0.519190718397, 0.914798411095, 0.819003525647, 0.891419949682, 0.358804904112, 0.666782267336, 0.858042739987, 0.474115671274, 0.93208047919, 0.240027489962, 7.99403066731, 4.85085472924, 26.9892469723, 0.23696056125, 7.16276238734, 972.899836158
0.64181904557, 0.883689667931, 0.441898250059, 0.139867337012, 0.46278696986, 0.970564304866, 0.19802572513, 0.109873109693, 0.808356596456, 0.374332413649, 0.526710853895, 0.490501427416, 0.212381530644, 0.128718310894, 0.893689119968, 0.501068378489, 0.991572300587, 1.25970276544, 0.404987576432, 28.5971420553, 25.4623455294, 8.5555657647, 32.6734874839, 276.438280344, 445.779842402
0.435167398517, 0.942989358335, 0.109891993333, 0.870940905587, 0.0320523280003, 0.563066748206, 0.0924095219813, 0.986330833106, 0.00470774324855, 0.896193944841, 0.678720762542, 0.45325185927, 0.032393731472, 0.104978596957, 0.563156715258, 0.782732065076, 0.0408216229223, 8.667890854, 1.26711308686, 10.6935108187, 0.696569687284, 67.336867334, 11.9858455821, 777.146213176, 635.583208181
0.294930332938, 0.940810239326, 0.505950135223, 0.509730261488, 0.334043063972, 0.517575906852, 0.999359572231, 0.891572908701, 0.730507529303, 0.588473411758, 0.195750921177, 0.290288375462, 0.850760982056, 0.693727455415, 0.70339077458, 0.768428644134, 0.0244864396625, 0.0176236238803, 17.5188275501, 18.5138867851, 14.7538178567, 30.3650982966, 43.0993730959, 647.655640853, 324.930009942
0.108775173439, 0.996744048901, 0.199329181565, 0.899403944129, 0.802335761758, 0.0248068615791, 0.931355565041, 0.109873109693, 0.315640113637, 0.842957509072, 0.701053139263, 0.132448992784, 0.348311453204, 0.512367165342, 0.974655813856, 0.898868664746, 0.00562920492435, 0.0210645777645, 0.194598662876, 0.00763099234146, 0.61048164513, 4.02360280392, 1.31909609071, 837.343175963, 144.482143177
0.327304476802, 0.862050912029, 0.702715720365, 0.492994895063, 0.932306208486, 0.89534828327, 0.457410842772, 0.493978086364, 0.922604419819, 0.995629753637, 0.114371339577, 0.0765474907322, 0.955987073763, 0.729068834118, 0.813670164039, 0.324957362464, 0.594112051299, 0.629922468073, 0.550814428063, 5.04437816465, 47.9062686353, 47.1296096439, 133.680789616, 680.044889471, 393.280828592
0.984149294885, 0.095447169512, 0.474139031666, 0.332274097032, 0.238013945863, 0.738377920284, 0.309758078108, 0.76847235331, 0.936905813946, 0.376608869598, 0.174108453124, 0.0755709513366, 0.777249752717, 0.612278823706, 0.410521061762, 0.559515456285, 0.927241975805, 5.7640539162, 3.04910555689, 14.9640504652, 6.4039462817, 10.084620519, 18.6474979569, 4.15593451884, 1117.26401025
0.308314917358, 0.3390768473, 0.973938374437, 0.154037406605, 0.189238783117, 0.0807399953898, 0.819503357045, 0.765883438523, 0.00326847725976, 0.300717744522, 0.0659516586818, 0.0249005119622, 0.0088695740822, 0.232535964109, 0.657330856115, 0.265538722923, 0.6309326717, 9.41554713907, 32.3144096033, 4.29177183294, 10.3940535748, 8.75807664542, 892.369127829, 526.441597168, 545.409301118
0.995566215767, 0.494070898476, 0.48904927909, 0.991314021338, 0.378534405607, 0.332676028391, 0.271885246467, 0.650528965351, 0.103385322512, 0.898559933275, 0.194184774805, 0.994424845596, 0.138231026143, 0.355328550366, 0.454515253852, 0.401156964396, 0.487115513226, 0.0285473888864, 0.0129915500403, 0.0180651677612, 0.0244765321149, 3.20227324551, 3.09424685856, 4.37099607383, 895.935262944
0.418288543511, 0.883689667931, 0.441898250059, 0.0707252480775, 0.46278696986, 0.691256933827, 0.176182423944, 0.528671202041, 0.883975057021, 0.29873668853, 0.526710853895, 0.490501427416, 0.212381530644, 0.128718310894, 0.806225122985, 0.501068378489, 0.991572300587, 20.1301115086, 5.71766231971, 39.7124428228, 39.925277399, 6.70163547064, 50.311076057, 425.663386999, 333.906614668
0.995767918999, 0.757939019009, 0.878726320448, 0.906127243274, 0.727327782532, 0.534758000897, 0.557786696834, 0.430204920797, 0.796619889279, 0.597941458568, 0.881389873849, 0.878042897645, 0.306392099111, 0.304340472529, 0.821839670984, 0.956837125617, 0.0455771300976, 0.010421269359, 0.0125083523075, 0.0181631443775, 0.0534228913114, 0.395386081595, 2.07288541201, 5.28194072231, 855.645791731
0.921198148221, 0.60366056911, 0.986164471445, 0.0043080197356, 0.843607874741, 0.353913605986, 0.957806082756, 0.530035252848, 0.66064626178, 0.3342937428, 0.68054018692, 0.230468629623, 0.62055582618, 0.693727455415, 0.690941395574, 0.541881915041, 0.0169972349283, 0.0224430766141, 0.338124075964, 0.210534975976, 1.5911677294, 0.0111009136267, 75.4710622638, 105.167938378, 1040.49500205
0.142464174909, 0.60366056911, 0.710773944278, 0.960919174895, 0.375279699013, 0.856283645326, 0.989788043797, 0.291673359534, 0.946694945298, 0.969990891071, 0.94177571886, 0.998162835368, 0.395307031688, 0.985518332973, 0.690941395574, 0.412383228005, 0.8642455362, 0.0417509004895, 2.60255415075, 11.3334719315, 7.77732481458, 227.602073881, 466.906302455, 723.905933739, 202.806644575
0.418288543511, 0.883689667931, 0.441898250059, 0.139867337012, 0.46278696986, 0.691256933827, 0.19802572513, 0.528671202041, 0.808356596456, 0.29873668853, 0.526710853895, 0.490501427416, 0.212381530644, 0.128718310894, 0.806225122985, 0.501068378489, 0.991572300587, 18.1927199545, 5.84886035437, 36.265081968, 36.4594407836, 12.2506837796, 46.7850489555, 395.830977193, 310.504933269
0.0782688951015, 0.852351598386, 0.913496952244, 0.931475151706, 0.802335761758, 0.230227797885, 0.765762641927, 0.805176812642, 0.938839823177, 0.256102401532, 0.768986014243, 0.216272587337, 0.51351783119, 0.925966740509, 0.249209635184, 0.299354756101, 0.979952132791, 0.365396210385, 0.947864331986, 0.384275035457, 3.3849012936, 32.8984481644, 242.025157773, 1034.30212707, 131.32242477
0.64181904557, 0.883689667931, 0.441898250059, 0.139867337012, 0.46278696986, 0.691256933827, 0.19802572513, 0.109873109693, 0.808356596456, 0.29873668853, 0.526710853895, 0.490501427416, 0.212381530644, 0.128718310894, 0.893689119968, 0.501068378489, 0.991572300587, 10.2606087487, 3.29872981456, 20.453336183, 20.5629536437, 6.90932820827, 26.3865482358, 223.246815086, 360.004156884
0.714920706773, 0.797029551425, 0.0907290521511, 0.960919174895, 0.0258813310528, 0.376344859754, 0.353436430641, 0.85414769571, 0.097537352719, 0.171712085349, 0.69587773605, 0.0678650690218, 0.0795397671113, 0.621425737548, 0.782884208736, 0.417116430976, 0.277614313564, 5.2237024807, 3.24000404045, 4.12605379816, 0.301142349301, 120.546709801, 17.3298492553, 369.634424404, 810.354702662
0.753689463118, 0.744777898509, 0.807587374263, 0.828432336701, 0.967757537479, 0.00341032828243, 0.00804121741766, 0.509743524292, 0.17618996839, 0.530338925974, 0.00503517570974, 0.977250975653, 0.603054625878, 0.990225781058, 0.998591907717, 0.780175716158, 0.321466640168, 0.366757219498, 0.00463279891952, 0.00196486870375, 7.23602262763, 26.2304531889, 87.2779844561, 215.690721143, 574.970029932
0.714920706773, 0.797029551425, 0.0907290521511, 0.960919174895, 0.0258813310528, 0.376344859754, 0.353436430641, 0.85414769571, 0.097537352719, 0.171712085349, 0.69587773605, 0.0678650690218, 0.0795397671113, 0.621425737548, 0.782884208736, 0.417116430976, 0.277614313564, 5.2237024807, 3.24000404045, 4.12605379816, 0.301142349301, 120.546709801, 17.3298492553, 369.634424404, 810.354702662
0.984149294885, 0.095447169512, 0.474139031666, 0.541723196678, 0.953830286344, 0.804164738491, 0.469217378942, 0.76847235331, 0.586461269963, 0.376608869598, 0.1056966541, 0.0755709513366, 0.777249752717, 0.612278823706, 0.410521061762, 0.571911243416, 0.904404278077, 0.134844626058, 0.122396485033, 0.573208840995, 8.27854992691, 9.46645213409, 11.6066031553, 2.58674288697, 695.409111542
0.435167398517, 0.942989358335, 0.109891993333, 0.870940905587, 0.296014609451, 0.563066748206, 0.0924095219813, 0.986330833106, 0.00470774324855, 0.896193944841, 0.678720762542, 0.757127487604, 0.032393731472, 0.104978596957, 0.908740917513, 0.782732065076, 0.0408216229223, 6.6928834191, 0.978397203199, 8.2569592137, 5.35465505523, 58.0960465377, 10.3409955096, 670.49633217, 548.360402005
0.616746837574, 0.942989358335, 0.0976955290396, 0.870940905587, 0.296014609451, 0.587020625981, 0.0924095219813, 0.986330833106, 0.00305711988281, 0.991412566267, 0.678720762542, 0.757127487604, 0.454263572911, 0.104978596957, 0.908740917513, 0.782732065076, 0.0200433912727, 4.32488033585, 0.632231365735, 5.76503177678, 3.62936103238, 39.3772381721, 6.2180458737, 453.029369762, 661.992363445
