0.907669508064, 0.978673780628, 0.168900992345, 0.00148028224086, 0.362985364664, 0.0982330676325, 0.350029849182, 0.687903400971, 0.217260224208, 0.419410081919, 0.0474143902324, 0.89375822186, 0.991390923864, 0.592084159354, 0.868799511477, 0.901694394865, 0.440818209794, 2.66899603348, 1.6357350126, 0.486898346297, 2.03137695028, 0.00875061737401, 1.02255655925, 116.371314729, 797.19500006
0.64181904557, 0.996744048901, 0.199329181565, 0.895704093792, 0.950956557109, 0.0248068615791, 0.931355565041, 0.109873109693, 0.315640113637, 0.648835983879, 0.701053139263, 0.132448992784, 0.75407084861, 0.512367165342, 0.974655813856, 0.898868664746, 0.00363904534971, 0.0029694833425, 0.027432664179, 0.00107574454604, 0.357738928778, 2.1704966514, 0.712246232681, 452.123637346, 716.962172396
0.0373735711631, 0.265410857061, 0.191426283481, 0.836163210892, 0.180229156787, 0.03094377853, 0.972591871157, 0.344600600949, 0.0221622865763, 0.75538134371, 0.682141734766, 0.0425282156262, 0.539330323051, 0.720623676293, 0.0423537755777, 0.376142680764, 0.0867060503886, 12.6756797214, 294.24124646, 14.326549088, 85.7805547741, 1166.78416685, 374.134582759, 559.427952699, 81.1977434009
0.0506244386608, 0.757939019009, 0.710773944278, 0.482913890777, 0.870506852095, 0.645540413943, 0.989788043797, 0.430296990038, 0.946694945298, 0.969990891071, 0.0180013753346, 0.875847672253, 0.763311880451, 0.971973116071, 0.563156715258, 0.587742886412, 0.870068603768, 0.272593359843, 16.9921839244, 27.3011502243, 155.911954653, 150.870158566, 449.083976325, 1250.45974765, 107.311764268
0.886597627207, 0.757939019009, 0.710773944278, 0.989765527297, 0.643050556456, 0.856283645326, 0.989788043797, 0.291673359534, 0.946694945298, 0.969990891071, 0.133340109067, 0.875847672253, 0.651791823203, 0.971973116071, 0.563156715258, 0.587742886412, 0.870068603768, 0.00119225356003, 0.0743194617365, 0.323642654396, 0.528840299364, 38.8397948108, 79.5367315156, 221.467445874, 1324.70985738
0.980725870528, 0.423078592649, 0.0052782916824, 0.786636363459, 0.34519136198, 0.923717470831, 0.160454796475, 0.501960942154, 0.425194482751, 0.519190718397, 0.914798411095, 0.819003525647, 0.891419949682, 0.358804904112, 0.666782267336, 0.858042739987, 0.474115671274, 0.756408170404, 0.194788710398, 6.48736911266, 3.93659800045, 21.9024938068, 0.192299815943, 18.171224522, 972.899836158
0.000227846501758, 0.275421483416, 0.551953323437, 0.69504153558, 0.404808096985, 0.264370719698, 0.416337523448, 0.7575958417, 0.669619396755, 0.936233939714, 0.352784640051, 0.916353163336, 0.656469994961, 0.146055006015, 0.311430248961, 0.309801831204, 0.0622610096398, 225.868555992, 173.129576708, 125.478994378, 229.580431936, 744.313180371, 988.133683271, 598.547097898, 0.510947446121
0.0728393956661, 0.0742810078859, 0.0525337575001, 0.0462084807973, 0.226207122566, 0.0345370001537, 0.231574037278, 0.407505198905, 0.4779976473, 0.424159531455, 0.157475501516, 0.991318078812, 0.11904475505, 0.991681776302, 0.294273957145, 0.28072368863, 0.269241939729, 656.766617249, 250.028874412, 38.162021754, 261.157117443, 54.583125316, 62.2506560179, 88.522447658, 87.3833656634
0.997537937087, 0.00492030045794, 0.207496307506, 0.885072722103, 0.2165072521, 0.760559827431, 0.740335679809, 0.467559372284, 0.645892185143, 0.300717744522, 0.861353026465, 0.229506841555, 0.0119317425744, 0.900834280364, 0.457762234652, 0.376142680764, 0.839744199628, 0.109704398242, 0.25387909937, 0.700328757909, 0.266425244289, 4.3761301655, 1.50351557367, 0.0362923143071, 1214.18901057
0.308314917358, 0.154063690392, 0.973938374437, 0.154037406605, 0.189238783117, 0.0807399953898, 0.819503357045, 0.765883438523, 0.489939342948, 0.300717744522, 0.0659516586818, 0.0249005119622, 0.0088695740822, 0.232535964109, 0.657330856115, 0.265538722923, 0.6309326717, 10.543609642, 36.1859502838, 4.80596254373, 11.6393494581, 9.80736860007, 999.282527234, 246.87009038, 541.944145055
0.0581034802813, 0.17635777501, 0.483741904713, 0.304389759008, 0.108716440085, 0.0345370001537, 0.874251419562, 0.0544497948602, 0.836230806264, 0.882471577662, 0.880563940082, 0.57093089671, 0.180972212014, 0.3673770283, 0.497592747017, 0.701980250314, 0.400865985922, 106.794561149, 533.612494995, 29.5518576406, 93.9851352182, 286.608744275, 591.8657254, 244.311951869, 81.7578540569
0.174403650293, 0.138589473122, 0.23824620556, 0.42232552692, 0.00771027515358, 0.879000208821, 0.559526311513, 0.00896912917684, 0.902887829567, 0.883174107477, 0.133376065191, 0.967263459175, 0.912280619203, 0.995911841513, 0.00081889882697, 0.453507263745, 0.76259340543, 77.2238275187, 93.2062802052, 629.149599297, 7.7599168645, 500.763910275, 319.382611813, 193.258292492, 251.453787859
0.0341930667806, 0.159778286053, 0.23824620556, 0.42232552692, 0.98249812857, 0.836061721743, 0.559526311513, 0.00896912917684, 0.151709972451, 0.883174107477, 0.133376065191, 0.967263459175, 0.912280619203, 0.995911841513, 0.21954199267, 0.453507263745, 0.4594720689, 3.73266575634, 4.50518838002, 22.2151339277, 835.404678513, 653.154817494, 416.576129489, 292.163874886, 63.2460969802
0.886597627207, 0.820469917449, 0.992191697111, 0.599054592327, 0.00771027515358, 0.968507221706, 0.241104766926, 0.33030059669, 0.0938342853606, 0.487275415137, 0.399852740675, 0.802509716392, 0.0107531715073, 0.98408844909, 0.219806783168, 0.591416551372, 0.0318589843769, 0.00936035109356, 0.0037248280554, 0.203482663736, 0.00246757302197, 0.279559474624, 28.2024979712, 97.3490918849, 562.94368793
0.00356623462329, 0.217942007468, 0.0459722867105, 0.527515377823, 0.513459559296, 0.178295335706, 0.0752593280435, 0.536814775181, 0.988201493468, 0.984934404239, 0.075709220881, 0.616086007685, 0.387197860766, 0.561288541434, 0.657689200434, 0.859601070148, 0.862551728804, 513.195508905, 60.9526809369, 148.645543267, 560.988261881, 847.357033207, 83.1709120985, 410.808909915, 6.85535349062
0.0581034802813, 0.17635777501, 0.483741904713, 0.304389759008, 0.108716440085, 0.51551815299, 0.874251419562, 0.0544497948602, 0.836230806264, 0.882471577662, 0.880563940082, 0.57093089671, 0.180972212014, 0.658105731419, 0.497592747017, 0.701980250314, 0.400865985922, 77.211202384, 385.795511515, 413.110387662, 98.3817609727, 300.016304775, 619.553211144, 255.740867912, 85.5824874518
0.174403650293, 0.159778286053, 0.23824620556, 0.42232552692, 0.501595335257, 0.836061721743, 0.559526311513, 0.00896912917684, 0.902887829567, 0.883174107477, 0.133376065191, 0.967263459175, 0.912280619203, 0.995911841513, 0.21954199267, 0.453507263745, 0.76259340543, 76.7053992419, 92.5805566068, 456.515752648, 474.4540753, 523.092716643, 333.62371895, 233.985558899, 264.761515194
0.0728393956661, 0.0742810078859, 0.0525337575001, 0.0462084807973, 0.226207122566, 0.51551815299, 0.231574037278, 0.407505198905, 0.4779976473, 0.424159531455, 0.0132793171979, 0.991318078812, 0.11904475505, 0.991681776302, 0.294273957145, 0.28072368863, 0.269241939729, 368.04921148, 140.115114955, 413.500792003, 211.895107441, 44.2871223137, 50.5083283747, 71.8244776979, 70.9002604912
0.0373735711631, 0.265410857061, 0.191426283481, 0.836163210892, 0.180229156787, 0.043172935192, 0.972591871157, 0.344600600949, 0.0221622865763, 0.75538134371, 0.682141734766, 0.0425282156262, 0.285367743984, 0.720623676293, 0.0423537755777, 0.376142680764, 0.0867060503886, 11.4306059575, 265.3392811, 18.0385698104, 77.4413727467, 1053.35489864, 337.762978535, 505.04299866, 73.3040807379
0.00356623462329, 0.217942007468, 0.0459722867105, 0.527515377823, 0.513459559296, 0.401321257198, 0.0752593280435, 0.536814775181, 0.904989940853, 0.984934404239, 0.075709220881, 0.616086007685, 0.387197860766, 0.561288541434, 0.657689200434, 0.859601070148, 0.862551728804, 421.212501416, 50.0277784196, 309.526809991, 547.786180292, 827.415659301, 81.2135999015, 401.141091327, 6.69402224315
0.00356623462329, 0.217942007468, 0.560581661772, 0.527515377823, 0.513459559296, 0.401321257198, 0.0752593280435, 0.536814775181, 0.904989940853, 0.984934404239, 0.075709220881, 0.616086007685, 0.387197860766, 0.561288541434, 0.657689200434, 0.859601070148, 0.259836608204, 269.715055095, 32.0342937765, 198.199341969, 350.763995135, 529.819175319, 870.603973685, 402.364292186, 6.71443434737
0.045302678954, 0.275421483416, 0.265138386991, 0.261878599801, 0.689772617297, 0.82917151072, 0.86894371204, 0.33481391768, 0.667102785846, 0.213845646586, 0.863446094589, 0.775647469467, 0.224630303031, 0.656527441368, 0.114551875314, 0.0879856264373, 0.317844375524, 21.1124727111, 101.103201045, 375.621605781, 735.121079629, 362.940984273, 401.5183327, 458.357175732, 77.928691701
0.045302678954, 0.275421483416, 0.551953323437, 0.69504153558, 0.404808096985, 0.264370719698, 0.608327660013, 0.7575958417, 0.151709972451, 0.419410081919, 0.289349970111, 0.951818346121, 0.47701401204, 0.0246757023688, 0.311430248961, 0.309801831204, 0.0622610096398, 134.176406951, 189.85163483, 102.503739962, 187.544162369, 608.029137223, 807.206007826, 488.952883167, 83.1304940908
0.011451818512, 0.389719861612, 0.382476214306, 0.440047478085, 0.576888204657, 0.995173371278, 0.0559766053196, 0.678257281486, 0.659814912728, 0.398547152476, 0.660043832032, 0.530600095762, 0.656469994961, 0.233989423615, 0.550890028666, 0.110436979517, 0.52935881282, 3.16204041723, 0.278750141013, 418.674321259, 534.353351557, 561.675456652, 603.808085576, 749.990264429, 23.4799431219
0.00317528294991, 0.936829482849, 0.377722242084, 0.581004469391, 0.904822720198, 0.793242735609, 0.876941612587, 0.286677634678, 0.253457215388, 0.379359079686, 0.963102026803, 0.962689966631, 0.47587677122, 0.722229801482, 0.000708448405007, 0.634956252717, 0.225866866935, 0.540297376149, 2.76022826383, 8.35357212235, 58.5173897856, 76.5402507053, 65.2458110877, 1172.15266643, 5.87532212454
0.00356623462329, 0.217942007468, 0.693807331971, 0.527515377823, 0.665610348578, 0.401321257198, 0.0270578063458, 0.328493623703, 0.904989940853, 0.984934404239, 0.075709220881, 0.616086007685, 0.387197860766, 0.561288541434, 0.657689200434, 0.859601070148, 0.862551728804, 137.31235948, 5.83960821877, 100.289910653, 293.561237057, 369.975605381, 961.986984936, 386.69954089, 6.45302958013
0.221126668363, 0.642996344315, 0.19291996843, 0.0534159789428, 0.370044369163, 0.509601022903, 0.0907791356785, 0.198847115007, 0.467684992832, 0.413937727404, 0.633319463989, 0.703816215031, 0.902035757429, 0.497333103855, 0.128456020809, 0.375874391684, 0.903501483954, 169.519030945, 24.3378382927, 176.50225637, 161.571038549, 24.7479346105, 92.3296365493, 492.636438986, 210.601069846
0.00348596649444, 0.428218251796, 0.269988604337, 0.37582394131, 0.905185120531, 0.428638489571, 0.197652619761, 0.176721895301, 0.36027052003, 0.35754002166, 0.769192325154, 0.807831066207, 0.230826129641, 0.403051792443, 0.17379160153, 0.677837400673, 0.997394738479, 66.2861967744, 21.2677953621, 55.5277112262, 593.470102479, 402.107482821, 326.149582118, 631.351083447, 5.54870063696
0.312792515689, 0.0742810078859, 0.330076926474, 0.261878599801, 0.689772617297, 0.82917151072, 0.86894371204, 0.33481391768, 0.492159383484, 0.213845646586, 0.863446094589, 0.775647469467, 0.224630303031, 0.656527441368, 0.114551875314, 0.0879856264373, 0.317844375524, 16.9402167455, 81.123142836, 301.391101994, 589.846134724, 291.216430379, 415.535200194, 98.2840893499, 451.760278457
0.00356623462329, 0.217942007468, 0.560581661772, 0.527515377823, 0.513459559296, 0.401321257198, 0.0752593280435, 0.536814775181, 0.904989940853, 0.984934404239, 0.075709220881, 0.616086007685, 0.387197860766, 0.561288541434, 0.657689200434, 0.859601070148, 0.259836608204, 269.715055095, 32.0342937765, 198.199341969, 350.763995135, 529.819175319, 870.603973685, 402.364292186, 6.71443434737
0.045302678954, 0.275421483416, 0.551953323437, 0.69504153558, 0.404808096985, 0.778083535667, 0.416337523448, 0.7575958417, 0.151709972451, 0.419410081919, 0.352784640051, 0.916353163336, 0.796148531499, 0.146055006015, 0.311430248961, 0.309801831204, 0.0622610096398, 70.8619065837, 54.3160682002, 245.673028791, 192.94693345, 625.545236884, 830.459993556, 503.038634831, 85.5253168555
0.00822428681387, 0.188134305013, 0.269988604337, 0.37582394131, 0.84968924472, 0.443039801632, 0.197652619761, 0.510284890624, 0.311003751112, 0.35754002166, 0.929722658952, 0.703816215031, 0.230826129641, 0.217857226388, 0.17379160153, 0.110436979517, 0.94139383854, 118.907513565, 38.1512409608, 104.316417135, 676.305543599, 466.091417853, 378.046984093, 279.687251236, 12.4070040915
0.312792515689, 0.0742810078859, 0.0383445403824, 0.261878599801, 0.689772617297, 0.82917151072, 0.86894371204, 0.33481391768, 0.492159383484, 0.213845646586, 0.863446094589, 0.769108697202, 0.224630303031, 0.656527441368, 0.114551875314, 0.0879856264373, 0.317844375524, 20.2791524101, 97.1126050077, 360.795625239, 706.105467495, 348.61551447, 52.5767719148, 102.378308276, 470.579250018
0.00356623462329, 0.0526944852542, 0.560581661772, 0.891699571436, 0.102251794561, 0.401321257198, 0.0752593280435, 0.536814775181, 0.904989940853, 0.984934404239, 0.075709220881, 0.616086007685, 0.387197860766, 0.561288541434, 0.657689200434, 0.827844218962, 0.00686498447978, 83.1974628533, 9.88143567132, 61.1374192118, 16.8034550301, 611.657913425, 751.593767876, 80.8636903354, 5.4789693281
0.168241722209, 0.0699179385169, 0.775655507036, 0.521398254558, 0.39890645535, 0.476905012009, 0.496437361813, 0.430296990038, 0.00326847725976, 0.921630214578, 0.794327389069, 0.508747477334, 0.763311880451, 0.0152208739531, 0.408306140756, 0.287826835582, 0.248497002745, 74.3630269818, 73.5353525393, 97.2561962552, 103.386701382, 188.578390017, 701.99899885, 82.4783435544, 203.6277466
0.0964914543367, 0.378070736357, 0.734153304122, 0.326923782252, 0.0430738798174, 0.996617666523, 0.244524091774, 0.811317173797, 0.0519540743281, 0.608234585457, 0.697724589812, 0.484672503289, 0.598783144298, 0.517325676909, 0.153031256615, 0.572518250599, 0.188710134983, 1.0402587647, 0.420443221494, 211.182094145, 14.3106882387, 119.38222926, 547.717010633, 404.572074919, 110.430860672
0.174403650293, 0.159778286053, 0.23824620556, 0.42232552692, 0.98249812857, 0.155414163238, 0.559526311513, 0.0234664968316, 0.902887829567, 0.883174107477, 0.292397781352, 0.967263459175, 0.351448727394, 0.995911841513, 0.21954199267, 0.110436979517, 0.489934669696, 8.62108763685, 10.4053313048, 3.36591627674, 506.408959709, 395.93200776, 252.521789499, 177.105069856, 200.399575359
0.142464174909, 0.757939019009, 0.710773944278, 0.989765527297, 0.692390028603, 0.856283645326, 0.989788043797, 0.291673359534, 0.946694945298, 0.969990891071, 0.133340109067, 0.875847672253, 0.395307031688, 0.971973116071, 0.563156715258, 0.587742886412, 0.870068603768, 0.00489637175964, 0.305216713825, 1.32914239582, 2.59921610293, 182.567366461, 373.864271953, 1041.01292365, 255.151385957
0.168648738268, 0.257608408449, 0.693807331971, 0.932421177401, 0.471554662083, 0.741547300507, 0.792995168166, 0.328493623703, 0.586461269963, 0.389822900561, 0.117096474647, 0.95227218798, 0.125720605805, 0.379685260041, 0.537835391917, 0.17311351588, 0.927892736628, 4.41382292783, 13.0923998939, 32.1419122102, 31.9910111947, 444.913993067, 857.413788978, 414.210983429, 285.424477623
0.168241722209, 0.0699179385169, 0.775655507036, 0.00790480998871, 0.471554662083, 0.476905012009, 0.496437361813, 0.430296990038, 0.00326847725976, 0.921630214578, 0.794327389069, 0.508747477334, 0.763311880451, 0.0152208739531, 0.408306140756, 0.520472954191, 0.248497002745, 104.236563201, 103.076390696, 136.326506049, 183.051977567, 3.36838883144, 737.682109786, 86.6707767169, 213.978290523
0.0250723705079, 0.288915517576, 0.170457211081, 0.854154975994, 0.00879108116236, 0.804630069811, 0.706129583111, 0.123748546777, 0.751234683125, 0.593812611931, 0.700783028187, 0.602996005321, 0.912010583116, 0.720994946247, 0.260584600663, 0.506453456202, 0.0476682147638, 22.8796794271, 45.9933462964, 162.102452854, 2.34833163165, 729.30193073, 205.445221878, 378.782898959, 34.0448209035
0.174403650293, 0.159778286053, 0.23824620556, 0.42232552692, 0.98249812857, 0.836061721743, 0.559526311513, 0.00896912917684, 0.902887829567, 0.883174107477, 0.133376065191, 0.967263459175, 0.912280619203, 0.995911841513, 0.21954199267, 0.453507263745, 0.4594720689, 3.00704173252, 3.62938724116, 17.8965487871, 673.003396451, 526.182605734, 335.594421766, 235.367702835, 266.325451551
0.103535508394, 0.803764672631, 0.572136347935, 0.0635481654973, 0.109392882818, 0.0983884095272, 0.737512563413, 0.00656524060323, 0.254918168105, 0.183439304494, 0.385169805266, 0.507316389125, 0.796148531499, 0.688436636234, 0.219806783168, 0.723858730417, 0.0266085051517, 50.1548612697, 114.669703412, 19.4985046628, 21.9826896668, 12.875969978, 162.387688007, 651.763488211, 112.232747251
0.00356623462329, 0.0526944852542, 0.560581661772, 0.891699571436, 0.513459559296, 0.401321257198, 0.0752593280435, 0.536814775181, 0.904989940853, 0.984934404239, 0.075709220881, 0.616086007685, 0.387197860766, 0.561288541434, 0.657689200434, 0.859601070148, 0.259836608204, 71.4747974858, 8.48912441864, 52.5230518709, 92.9528591157, 749.582021144, 921.07232366, 99.097824304, 6.71443434737
0.0222386494173, 0.288915517576, 0.170457211081, 0.854154975994, 0.00879108116236, 0.804630069811, 0.706129583111, 0.123748546777, 0.751234683125, 0.593812611931, 0.700783028187, 0.576072142125, 0.912010583116, 0.720994946247, 0.260584600663, 0.506453456202, 0.0476682147638, 25.292318436, 50.843298053, 179.195992231, 2.59596082238, 806.20608024, 227.109212324, 418.72517179, 33.3775805547
0.011451818512, 0.816128285274, 0.453121889653, 0.440047478085, 0.576888204657, 0.995173371278, 0.0559766053196, 0.678257281486, 0.659814912728, 0.398547152476, 0.797397146291, 0.530600095762, 0.47701401204, 0.217857226388, 0.550890028666, 0.110436979517, 0.52935881282, 0.719193916235, 0.0634006461378, 95.2258621022, 121.536612077, 127.750919666, 172.864029686, 890.691247846, 16.7163079463
0.333875736941, 0.15225151409, 0.466609800958, 0.847321446274, 0.694805137682, 0.972833452925, 0.963221314906, 0.811939906494, 0.970376078992, 0.575754606814, 0.635895122249, 0.205322769883, 0.902035757429, 0.233188550159, 0.525634543113, 0.110436979517, 0.880534039983, 0.144580075847, 2.49982053633, 58.6429669789, 112.910884841, 520.404392238, 482.293733676, 175.758985643, 429.217481269
0.221126668363, 0.642996344315, 0.119006185191, 0.0534159789428, 0.370044369163, 0.509601022903, 0.115675663696, 0.198847115007, 0.814626405198, 0.413937727404, 0.633319463989, 0.703816215031, 0.902035757429, 0.497333103855, 0.128456020809, 0.573225736984, 0.903501483954, 151.090096469, 27.75968853, 158.32391363, 144.930493685, 22.199092195, 50.1006835528, 429.241334532, 183.499792384
0.435167398517, 0.536859397648, 0.0052782916824, 0.786636363459, 0.34519136198, 0.944504778083, 0.160454796475, 0.501960942154, 0.425194482751, 0.519190718397, 0.914798411095, 0.819003525647, 0.891419949682, 0.358804904112, 0.666782267336, 0.858042739987, 0.470887993038, 12.1653137825, 3.13278713266, 143.743660834, 86.9296786883, 483.660447138, 4.24644863658, 575.202078719, 627.363230356
0.103535508394, 0.803764672631, 0.522946844954, 0.0635481654973, 0.109392882818, 0.0983884095272, 0.730980220135, 0.00656524060323, 0.254918168105, 0.183439304494, 0.385169805266, 0.507316389125, 0.796148531499, 0.688436636234, 0.219806783168, 0.723858730417, 0.0318589843769, 58.6822187782, 130.502090153, 22.2918709003, 25.1319415806, 14.720588344, 158.76656063, 681.092069238, 117.283087261
0.907669508064, 0.978673780628, 0.168900992345, 0.00148028224086, 0.152553525579, 0.0982330676325, 0.350029849182, 0.251759933653, 0.217260224208, 0.419410081919, 0.0474143902324, 0.89375822186, 0.962108212333, 0.716421526068, 0.868799511477, 0.901694394865, 0.440818209794, 4.49542124503, 2.75508761895, 0.820088581119, 1.3036952888, 0.0127721362693, 1.49249260476, 169.852048836, 1163.56169385
0.984149294885, 0.095447169512, 0.474139031666, 0.332274097032, 0.238013945863, 0.738377920284, 0.309758078108, 0.76847235331, 0.936905813946, 0.376608869598, 0.174108453124, 0.0755709513366, 0.777249752717, 0.612278823706, 0.410521061762, 0.559515456285, 0.927241975805, 5.7640539162, 3.04910555689, 14.9640504652, 6.4039462817, 10.084620519, 18.6474979569, 4.15593451884, 1117.26401025
0.149300037645, 0.2579077717, 0.0709858079518, 0.985824811991, 0.1642696191, 0.155414163238, 0.488099734509, 0.897896593924, 0.913762749939, 0.112309048822, 0.403020010388, 0.807831066207, 0.351448727394, 0.936764845684, 0.183032231748, 0.459845431051, 0.489934669696, 10.5366886658, 10.1499504808, 3.64427208707, 3.97915698092, 700.202308452, 78.4201633929, 302.227683948, 183.206466073
0.921198148221, 0.60366056911, 0.986164471445, 0.0043080197356, 0.843607874741, 0.353913605986, 0.957806082756, 0.530035252848, 0.66064626178, 0.3342937428, 0.68054018692, 0.230468629623, 0.62055582618, 0.693727455415, 0.690941395574, 0.541881915041, 0.0169972349283, 0.0224430766141, 0.338124075964, 0.210534975976, 1.5911677294, 0.0111009136267, 75.4710622638, 105.167938378, 1040.49500205
0.168241722209, 0.439528146693, 0.775655507036, 0.521398254558, 0.39890645535, 0.476905012009, 0.496437361813, 0.430296990038, 0.489939342948, 0.921630214578, 0.794327389069, 0.618149205748, 0.763311880451, 0.0152208739531, 0.408306140756, 0.287826835582, 0.248497002745, 60.4542631573, 59.7813958658, 79.0655238326, 84.0493872556, 153.306933279, 570.698019368, 502.276715315, 213.420498576
0.312792515689, 0.0742810078859, 0.0383445403824, 0.261878599801, 0.689772617297, 0.82917151072, 0.86894371204, 0.33481391768, 0.492159383484, 0.213845646586, 0.863446094589, 0.769108697202, 0.224630303031, 0.656527441368, 0.114551875314, 0.0879856264373, 0.317844375524, 20.2791524101, 97.1126050077, 360.795625239, 706.105467495, 348.61551447, 52.5767719148, 102.378308276, 470.579250018
0.333875736941, 0.15225151409, 0.466609800958, 0.847321446274, 0.603101412224, 0.984552601668, 0.963221314906, 0.811939906494, 0.970376078992, 0.575754606814, 0.635895122249, 0.556121848352, 0.2206332795, 0.567257968852, 0.685958270938, 0.810731862085, 0.880534039983, 0.12410260301, 2.1457606368, 88.5617023828, 123.188215227, 620.503539415, 575.062342377, 209.566011168, 511.776937856
0.714920706773, 0.797029551425, 0.0907290521511, 0.96791176552, 0.0258813310528, 0.376344859754, 0.353436430641, 0.85414769571, 0.097537352719, 0.0181684985244, 0.69587773605, 0.0678650690218, 0.0795397671113, 0.621425737548, 0.782884208736, 0.417116430976, 0.277614313564, 4.0528027189, 2.5137528856, 3.20119342809, 0.233640896764, 113.95366947, 16.3719654253, 349.203384703, 765.563449443
0.0782688951015, 0.852351598386, 0.913496952244, 0.931475151706, 0.802335761758, 0.230227797885, 0.765762641927, 0.805176812642, 0.938839823177, 0.256102401532, 0.768986014243, 0.216272587337, 0.51351783119, 0.925966740509, 0.249209635184, 0.299354756101, 0.979952132791, 0.365396210385, 0.947864331986, 0.384275035457, 3.3849012936, 32.8984481644, 242.025157773, 1034.30212707, 131.32242477
0.149300037645, 0.824159037805, 0.145918001178, 0.985824811991, 0.1642696191, 0.836061721743, 0.488099734509, 0.715745799239, 0.753084498286, 0.112309048822, 0.403020010388, 0.807831066207, 0.933993765625, 0.965135418873, 0.183032231748, 0.615417883111, 0.81954136672, 0.875001745306, 0.842885717433, 4.61321982812, 1.25902491284, 221.547467114, 51.7015079029, 802.783715733, 199.354393334
0.0964914543367, 0.2579077717, 0.734153304122, 0.326923782252, 0.0430738798174, 0.865084304136, 0.244524091774, 0.267557756333, 0.0519540743281, 0.608234585457, 0.697724589812, 0.484672503289, 0.598783144298, 0.517325676909, 0.153031256615, 0.572518250599, 0.188710134983, 52.948489519, 21.4002844888, 265.434027481, 18.398412536, 153.482730303, 704.167636559, 330.365638232, 128.028951205
0.149300037645, 0.029789168548, 0.0709858079518, 0.985824811991, 0.114031793436, 0.155414163238, 0.488099734509, 0.897896593924, 0.913762749939, 0.112309048822, 0.403020010388, 0.318918848478, 0.351448727394, 0.936764845684, 0.183032231748, 0.459845431051, 0.489934669696, 12.314882575, 11.8628776343, 4.25928716764, 3.19061484344, 804.14226067, 90.0610676539, 37.9001906119, 193.583002337
0.907669508064, 0.978673780628, 0.168900992345, 0.00148028224086, 0.413840137066, 0.741547300507, 0.350029849182, 0.251759933653, 0.217260224208, 0.419410081919, 0.16388937392, 0.89375822186, 0.962108212333, 0.716421526068, 0.868799511477, 0.4484504313, 0.440818209794, 1.64695651545, 1.00936247291, 4.49371782387, 3.71883691105, 0.0142872847664, 1.66954583058, 190.001464024, 1301.59410398
0.0368348420182, 0.494504491413, 0.906389487715, 0.260752979281, 0.238013945863, 0.737917389012, 0.734185128247, 0.483780812834, 0.0610111518935, 0.927895317667, 0.144734248011, 0.274462740469, 0.98699777937, 0.00364829032611, 0.254054391193, 0.791068378854, 0.492787531815, 14.6884860102, 33.1100348539, 82.958238199, 35.5136308558, 42.2154471776, 715.720710157, 711.143705864, 58.7648454631
0.00649044753867, 0.785714262883, 0.269988604337, 0.995139687561, 0.157173636475, 0.722130878523, 0.355467616364, 0.679473474081, 0.377559893094, 0.61472182337, 0.461816934986, 0.807831066207, 0.902035757429, 0.0334554075252, 0.85049311213, 0.308247977393, 0.161610647259, 0.801120575726, 0.500441836353, 2.02490524009, 0.563130769139, 301.813138558, 136.271324861, 946.398245807, 10.2226898388
0.0964914543367, 0.2579077717, 0.734153304122, 0.332310350492, 0.0430738798174, 0.865084304136, 0.962317145025, 0.267557756333, 0.0519540743281, 0.608234585457, 0.697724589812, 0.484672503289, 0.598783144298, 0.517325676909, 0.153031256615, 0.572518250599, 0.188710134983, 3.36222395403, 56.7355584351, 264.157851419, 18.3099550994, 155.779763402, 704.167636559, 330.365638232, 128.028951205
0.308314917358, 0.494504491413, 0.906389487715, 0.0894129777762, 0.608069194798, 0.737917389012, 0.819503357045, 0.483780812834, 0.0610111518935, 0.815916296181, 0.144734248011, 0.274462740469, 0.98699777937, 0.00364829032611, 0.254054391193, 0.791068378854, 0.492787531815, 5.5386688557, 19.0088596463, 45.3459871417, 69.9510090519, 12.113766762, 584.247806879, 580.511566357, 435.678590162
0.921198148221, 0.707555003904, 0.986164471445, 0.0720170150767, 0.843607874741, 0.353913605986, 0.293817336545, 0.28476359307, 0.674228668876, 0.3342937428, 0.68054018692, 0.45325185927, 0.62055582618, 0.066039808318, 0.563156715258, 0.541881915041, 0.0137406925683, 0.271411852306, 0.134987304419, 0.188329421696, 1.42334401641, 0.166709964793, 67.9437055103, 137.385058559, 1231.93725699
0.011451818512, 0.796830508918, 0.453121889653, 0.440047478085, 0.0144947985306, 0.995173371278, 0.0559766053196, 0.678257281486, 0.659814912728, 0.398547152476, 0.684185461018, 0.530600095762, 0.656469994961, 0.217857226388, 0.755337842892, 0.810731862085, 0.10854799558, 1.34530742187, 0.118595774902, 178.1272841, 4.05648658112, 147.424529051, 199.485046627, 924.275443072, 17.5123635701
0.174874641118, 0.292900429246, 0.695941554836, 0.836163210892, 0.180229156787, 0.043172935192, 0.972591871157, 0.344600600949, 0.0221622865763, 0.311903743734, 0.879793425478, 0.0425282156262, 0.285367743984, 0.720623676293, 0.0423537755777, 0.212567485291, 0.0867060503886, 4.35591918805, 101.114190287, 6.87404960455, 29.5109780487, 401.407312253, 801.954719952, 447.491126285, 284.015874863
0.142464174909, 0.60366056911, 0.856946784619, 0.328938309228, 0.692390028603, 0.856283645326, 0.989788043797, 0.291673359534, 0.946694945298, 0.969990891071, 0.94177571886, 0.998162835368, 0.301103848626, 0.985518332973, 0.690941395574, 0.412383228005, 0.8642455362, 0.167701364331, 10.4537118172, 45.5232984977, 89.0234867877, 57.1209482288, 505.877878852, 722.943010796, 202.536875864
0.168241722209, 0.439528146693, 0.775655507036, 0.521398254558, 0.800940316766, 0.476905012009, 0.510474184833, 0.291673359534, 0.489939342948, 0.921630214578, 0.794327389069, 0.618149205748, 0.395307031688, 0.0152208739531, 0.408306140756, 0.287826835582, 0.248497002745, 14.648415917, 15.1385392885, 19.5898882971, 88.9813678974, 100.023520374, 372.346010365, 327.705239373, 139.243993282
0.753689463118, 0.276867845135, 0.912905785063, 0.114543563768, 0.959158818672, 0.00377400122019, 0.00804121741766, 0.509743524292, 0.17618996839, 0.136545489098, 0.00503517570974, 0.977250975653, 0.752081430376, 0.98408844909, 0.996619970049, 0.780175716158, 0.321466640168, 2.6453215778, 0.0334151375784, 0.0156833964562, 41.1818836843, 7.50608131276, 304.675774483, 142.877811968, 832.312715464
0.980725870528, 0.156328668403, 0.0052782916824, 0.786636363459, 0.34519136198, 0.923717470831, 0.160454796475, 0.501960942154, 0.425194482751, 0.519190718397, 0.914798411095, 0.819003525647, 0.891419949682, 0.358804904112, 0.666782267336, 0.858042739987, 0.474115671274, 0.93208047919, 0.240027489962, 7.99403066731, 4.85085472924, 26.9892469723, 0.23696056125, 7.16276238734, 972.899836158
0.0368348420182, 0.306025603282, 0.906389487715, 0.260752979281, 0.0824083967833, 0.737917389012, 0.734185128247, 0.483780812834, 0.0610111518935, 0.297606543072, 0.144734248011, 0.274462740469, 0.98699777937, 0.00364829032611, 0.254054391193, 0.83452944823, 0.492787531815, 19.6930609895, 44.3910921308, 111.22328355, 15.7984077089, 53.1335654898, 900.826492861, 474.911222282, 59.4915263878
0.221126668363, 0.642996344315, 0.19291996843, 0.0534159789428, 0.370044369163, 0.509601022903, 0.115675663696, 0.198847115007, 0.814626405198, 0.413937727404, 0.633319463989, 0.703816215031, 0.902035757429, 0.497333103855, 0.128456020809, 0.375874391684, 0.903501483954, 142.512073901, 26.183653831, 149.335196725, 136.702177768, 20.9387560227, 78.1183465934, 416.810306241, 178.18555322
0.308314917358, 0.3390768473, 0.973938374437, 0.154037406605, 0.189238783117, 0.119828682486, 0.819503357045, 0.765883438523, 0.00326847725976, 0.815916296181, 0.0659516586818, 0.0249005119622, 0.0088695740822, 0.232535964109, 0.657330856115, 0.196466155041, 0.6309326717, 8.54445961008, 29.3248139063, 5.81811305912, 9.52491302762, 8.02573488165, 817.750098164, 482.421068072, 499.802711255
0.418288543511, 0.883689667931, 0.48904927909, 0.475939301971, 0.46278696986, 0.332676028391, 0.176182423944, 0.528671202041, 0.883975057021, 0.29873668853, 0.526710853895, 0.490501427416, 0.212381530644, 0.128718310894, 0.806225122985, 0.501068378489, 0.991572300587, 25.8333109755, 7.33757230779, 15.4678888109, 27.5644920987, 38.4536420734, 54.6460969615, 425.663386999, 333.906614668
0.435167398517, 0.942989358335, 0.109891993333, 0.870940905587, 0.0320523280003, 0.563066748206, 0.0924095219813, 0.986330833106, 0.00470774324855, 0.896193944841, 0.678720762542, 0.45325185927, 0.032393731472, 0.104978596957, 0.563156715258, 0.782732065076, 0.0408216229223, 8.667890854, 1.26711308686, 10.6935108187, 0.696569687284, 67.336867334, 11.9858455821, 777.146213176, 635.583208181
0.327304476802, 0.996744048901, 0.199329181565, 0.899403944129, 0.932306208486, 0.0248068615791, 0.931355565041, 0.0463098156889, 0.615123026042, 0.842957509072, 0.701053139263, 0.132448992784, 0.348311453204, 0.512367165342, 0.974655813856, 0.324957362464, 0.00562920492435, 0.00848909125106, 0.078423874666, 0.00307531397245, 0.739601535924, 4.66789412231, 1.53032025989, 971.425232538, 548.660133541
0.297740599342, 0.827102643648, 0.421513130446, 0.709507405162, 0.100942843758, 0.591929287869, 0.776169081187, 0.501960942154, 0.433999873709, 0.921585548496, 0.877153421934, 0.798621206531, 0.0863965573828, 0.693727455415, 0.928429194158, 0.414045705376, 0.175350410872, 12.0231285941, 32.7753428713, 46.7917653279, 9.33516747056, 120.446728286, 104.588176858, 610.923503214, 320.294811363
0.0368348420182, 0.494504491413, 0.906389487715, 0.0894129777762, 0.98652446164, 0.737917389012, 0.988302179816, 0.483780812834, 0.0610111518935, 0.0940538507864, 0.144734248011, 0.274462740469, 0.98699777937, 0.00364829032611, 0.254054391193, 0.791068378854, 0.492787531815, 0.0145172634162, 0.789970833838, 1.80955868849, 93.2680264446, 13.189228261, 636.117389192, 632.049444839, 52.2289484456
0.142464174909, 0.60366056911, 0.710773944278, 0.989765527297, 0.692390028603, 0.856283645326, 0.989788043797, 0.291673359534, 0.946694945298, 0.969990891071, 0.94177571886, 0.998162835368, 0.395307031688, 0.985518332973, 0.690941395574, 0.412383228005, 0.8642455362, 0.00611491122648, 0.381174714972, 1.65992047924, 3.24607209339, 228.002139863, 466.906302455, 723.905933739, 202.806644575
0.106240874466, 0.769520204839, 0.0504426161496, 0.445994279207, 0.885795612698, 0.886457713732, 0.607981530664, 0.304464391937, 0.901880595012, 0.425884990265, 0.0803463312634, 0.000356265460624, 0.831518698706, 0.543116228297, 0.514181944184, 0.482630704783, 0.0147689455497, 3.59037586783, 5.07431253355, 34.4824862983, 193.217347275, 165.589130543, 20.3955347929, 680.365687544, 122.551326461
0.64181904557, 0.883689667931, 0.441898250059, 0.139867337012, 0.46278696986, 0.691256933827, 0.19802572513, 0.109873109693, 0.808356596456, 0.29873668853, 0.526710853895, 0.490501427416, 0.212381530644, 0.128718310894, 0.893689119968, 0.501068378489, 0.991572300587, 10.2606087487, 3.29872981456, 20.453336183, 20.5629536437, 6.90932820827, 26.3865482358, 223.246815086, 360.004156884
0.011451818512, 0.816128285274, 0.855452595772, 0.265723968365, 0.0832743367925, 0.995173371278, 0.0559766053196, 0.678257281486, 0.659814912728, 0.0902315075753, 0.692003939036, 0.332214138238, 0.656469994961, 0.217857226388, 0.726955151384, 0.110436979517, 0.52935881282, 0.441000884853, 0.0388764982794, 58.3913302102, 7.68208030988, 26.1178284443, 278.860259212, 963.22362857, 18.0775805705
0.166721711146, 0.114372588981, 0.393147161948, 0.939932011162, 0.834190192878, 0.156015127341, 0.993384901609, 0.788209821651, 0.71847919572, 0.0902315075753, 0.618692841777, 0.717977135592, 0.655388885417, 0.975525976054, 0.208616251504, 0.0949333335699, 0.892115968055, 0.122796805892, 11.8172181883, 2.95558568807, 45.7092448201, 499.861398661, 356.599233364, 111.845772063, 167.771864155
0.0964914543367, 0.687356367944, 0.734153304122, 0.326923782252, 0.0430738798174, 0.865084304136, 0.244524091774, 0.267557756333, 0.209357265782, 0.608234585457, 0.697724589812, 0.484672503289, 0.598783144298, 0.517325676909, 0.153031256615, 0.633594109982, 0.188710134983, 22.1407875994, 8.94868121331, 110.993127046, 7.69342709915, 64.1798956434, 294.452707094, 602.343682523, 104.332421174
0.149300037645, 0.378070736357, 0.145918001178, 0.985824811991, 0.1642696191, 0.836061721743, 0.488099734509, 0.715745799239, 0.753084498286, 0.112309048822, 0.403020010388, 0.199498704231, 0.912280619203, 0.929833672235, 0.183032231748, 0.615417883111, 0.81954136672, 2.13015823686, 2.05197299703, 11.2307069878, 3.06504793036, 539.348823542, 125.86534085, 374.028960174, 159.695625637
0.327304476802, 0.862050912029, 0.702715720365, 0.492994895063, 0.932306208486, 0.89534828327, 0.457410842772, 0.493978086364, 0.922604419819, 0.995629753637, 0.114371339577, 0.0765474907322, 0.955987073763, 0.729068834118, 0.813670164039, 0.324957362464, 0.594112051299, 0.629922468073, 0.550814428063, 5.04437816465, 47.9062686353, 47.1296096439, 133.680789616, 680.044889471, 393.280828592
0.108775173439, 0.862050912029, 0.702715720365, 0.492994895063, 0.802335761758, 0.647342081466, 0.457410842772, 0.408415506462, 0.922604419819, 0.995629753637, 0.114371339577, 0.0765474907322, 0.955987073763, 0.754088699278, 0.813670164039, 0.898868664746, 0.594112051299, 6.54290449475, 5.72122186429, 14.0512009485, 51.4917186404, 52.9003059246, 150.049082103, 763.311705048, 134.860194602
0.995566215767, 0.494070898476, 0.48904927909, 0.991314021338, 0.378534405607, 0.332676028391, 0.271885246467, 0.650528965351, 0.103385322512, 0.898559933275, 0.194184774805, 0.994424845596, 0.138231026143, 0.355328550366, 0.454515253852, 0.401156964396, 0.487115513226, 0.0285473888864, 0.0129915500403, 0.0180651677612, 0.0244765321149, 3.20227324551, 3.09424685856, 4.37099607383, 895.935262944
