0.00356623462329, 0.217942007468, 0.693807331971, 0.527515377823, 0.665610348578, 0.401321257198, 0.0270578063458, 0.328493623703, 0.904989940853, 0.984934404239, 0.075709220881, 0.616086007685, 0.387197860766, 0.561288541434, 0.657689200434, 0.859601070148, 0.862551728804, 137.31235948, 5.83960821877, 100.289910653, 293.561237057, 369.975605381, 961.986984936, 386.69954089, 6.45302958013
0.00317528294991, 0.936829482849, 0.377722242084, 0.581004469391, 0.904822720198, 0.793242735609, 0.876941612587, 0.286677634678, 0.253457215388, 0.379359079686, 0.963102026803, 0.962689966631, 0.47587677122, 0.722229801482, 0.000708448405007, 0.634956252717, 0.225866866935, 0.540297376149, 2.76022826383, 8.35357212235, 58.5173897856, 76.5402507053, 65.2458110877, 1172.15266643, 5.87532212454
0.980725870528, 0.276867845135, 0.912905785063, 0.114543563768, 0.959158818672, 0.00377400122019, 0.00804121741766, 0.509743524292, 0.17618996839, 0.136545489098, 0.00503517570974, 0.977250975653, 0.752081430376, 0.98408844909, 0.996619970049, 0.780175716158, 0.321466640168, 0.212223629909, 0.00268076359801, 0.0012582165258, 3.30385875022, 0.602183052509, 24.4429257103, 11.4625186381, 898.334554504
0.886597627207, 0.820469917449, 0.992191697111, 0.599054592327, 0.00771027515358, 0.975579724717, 0.598471589292, 0.33030059669, 0.0938342853606, 0.487275415137, 0.399852740675, 0.802509716392, 0.0107531715073, 0.211115892175, 0.219806783168, 0.591416551372, 0.0318589843769, 0.00430451987165, 0.00589484966113, 0.190191465839, 0.00230526900455, 0.261171517942, 26.3474855031, 90.9459789622, 525.916203306
0.64181904557, 0.996744048901, 0.199329181565, 0.895704093792, 0.950956557109, 0.0248068615791, 0.931355565041, 0.109873109693, 0.315640113637, 0.648835983879, 0.701053139263, 0.132448992784, 0.75407084861, 0.512367165342, 0.974655813856, 0.898868664746, 0.00363904534971, 0.0029694833425, 0.027432664179, 0.00107574454604, 0.357738928778, 2.1704966514, 0.712246232681, 452.123637346, 716.962172396
0.907669508064, 0.996744048901, 0.168900992345, 0.00148028224086, 0.35536350763, 0.0982330676325, 0.350029849182, 0.687903400971, 0.211094397918, 0.419410081919, 0.0474143902324, 0.89375822186, 0.991390923864, 0.592084159354, 0.868799511477, 0.901694394865, 0.782548886011, 0.33346802277, 0.204370974548, 0.0608337467695, 0.247166388338, 0.00108506218205, 0.126795333864, 94.5489221266, 647.347031541
0.0373735711631, 0.265410857061, 0.191426283481, 0.836163210892, 0.180229156787, 0.03094377853, 0.972591871157, 0.344600600949, 0.0221622865763, 0.75538134371, 0.682141734766, 0.0425282156262, 0.539330323051, 0.720623676293, 0.0423537755777, 0.376142680764, 0.0867060503886, 12.6756797214, 294.24124646, 14.326549088, 85.7805547741, 1166.78416685, 374.134582759, 559.427952699, 81.1977434009
0.980725870528, 0.921701055728, 0.0052782916824, 0.786636363459, 0.717657338074, 0.923717470831, 0.160454796475, 0.291673359534, 0.425194482751, 0.519190718397, 0.914798411095, 0.819003525647, 0.891419949682, 0.0567018788231, 0.666782267336, 0.858042739987, 0.35658014328, 0.0668716211383, 0.0172206453518, 0.573527503351, 1.21597557971, 3.86521469122, 0.0339358650326, 33.1113768105, 1101.64827772
0.0728393956661, 0.0742810078859, 0.0525337575001, 0.0462084807973, 0.226207122566, 0.0345370001537, 0.231574037278, 0.407505198905, 0.4779976473, 0.424159531455, 0.157475501516, 0.991318078812, 0.11904475505, 0.991681776302, 0.294273957145, 0.28072368863, 0.269241939729, 656.766617249, 250.028874412, 38.162021754, 261.157117443, 54.583125316, 62.2506560179, 88.522447658, 87.3833656634
0.997537937087, 0.00492030045794, 0.207496307506, 0.885072722103, 0.2165072521, 0.760559827431, 0.740335679809, 0.467559372284, 0.645892185143, 0.300717744522, 0.861353026465, 0.229506841555, 0.0119317425744, 0.900834280364, 0.457762234652, 0.376142680764, 0.839744199628, 0.109704398242, 0.25387909937, 0.700328757909, 0.266425244289, 4.3761301655, 1.50351557367, 0.0362923143071, 1214.18901057
0.000227846501758, 0.275421483416, 0.551953323437, 0.69504153558, 0.404808096985, 0.264370719698, 0.416337523448, 0.407505198905, 0.669619396755, 0.936233939714, 0.352784640051, 0.916353163336, 0.656469994961, 0.018346072037, 0.311430248961, 0.309801831204, 0.0622610096398, 176.733278715, 135.467097665, 98.1823874903, 179.637675933, 582.395846025, 773.175818501, 468.339608459, 0.399796319621
0.0581034802813, 0.17635777501, 0.483741904713, 0.304389759008, 0.108716440085, 0.0345370001537, 0.874251419562, 0.0544497948602, 0.836230806264, 0.882471577662, 0.880563940082, 0.57093089671, 0.180972212014, 0.3673770283, 0.497592747017, 0.701980250314, 0.400865985922, 106.794561149, 533.612494995, 29.5518576406, 93.9851352182, 286.608744275, 591.8657254, 244.311951869, 81.7578540569
0.886597627207, 0.757939019009, 0.710773944278, 0.989765527297, 0.643050556456, 0.856283645326, 0.989788043797, 0.291673359534, 0.946694945298, 0.969990891071, 0.133340109067, 0.875847672253, 0.651791823203, 0.971973116071, 0.563156715258, 0.587742886412, 0.870068603768, 0.00119225356003, 0.0743194617365, 0.323642654396, 0.528840299364, 38.8397948108, 79.5367315156, 221.467445874, 1324.70985738
0.308314917358, 0.00492030045794, 0.207496307506, 0.012862608662, 0.161582986005, 0.760559827431, 0.740335679809, 0.467559372284, 0.645892185143, 0.300717744522, 0.783514309189, 0.96988105253, 0.530601101562, 0.900834280364, 0.457762234652, 0.376142680764, 0.780911581988, 125.902407194, 291.364706057, 803.733285638, 224.164396395, 18.0398202015, 301.796978432, 7.28486687467, 495.876200746
0.0341930667806, 0.159778286053, 0.23824620556, 0.42232552692, 0.98249812857, 0.836061721743, 0.559526311513, 0.00896912917684, 0.151709972451, 0.883174107477, 0.133376065191, 0.967263459175, 0.912280619203, 0.995911841513, 0.21954199267, 0.453507263745, 0.4594720689, 3.73266575634, 4.50518838002, 22.2151339277, 835.404678513, 653.154817494, 416.576129489, 292.163874886, 63.2460969802
0.174403650293, 0.159778286053, 0.23824620556, 0.0382393756309, 0.501595335257, 0.836061721743, 0.559526311513, 0.00896912917684, 0.902887829567, 0.883174107477, 0.133376065191, 0.967263459175, 0.875914522648, 0.995911841513, 0.21954199267, 0.453507263745, 0.76259340543, 103.439964694, 124.848180199, 615.627762883, 639.818230309, 54.2799485006, 355.124268995, 249.064877105, 281.824205536
0.00356623462329, 0.217942007468, 0.0459722867105, 0.527515377823, 0.513459559296, 0.178295335706, 0.0752593280435, 0.884515916468, 0.988201493468, 0.984934404239, 0.075709220881, 0.616086007685, 0.387197860766, 0.561288541434, 0.657689200434, 0.859601070148, 0.862551728804, 467.384038629, 55.5116124113, 135.376388006, 510.910471569, 771.71593568, 75.7464867064, 374.137193505, 6.24339602565
0.0581034802813, 0.120422739123, 0.483741904713, 0.304389759008, 0.108716440085, 0.51551815299, 0.874251419562, 0.0544497948602, 0.812329433563, 0.882471577662, 0.880563940082, 0.57093089671, 0.180972212014, 0.658105731419, 0.497592747017, 0.701980250314, 0.400865985922, 67.2642394456, 336.094256563, 359.890212498, 85.7074378176, 261.365811422, 539.737424842, 150.012950114, 73.0169472166
0.0728393956661, 0.0742810078859, 0.0525337575001, 0.0462084807973, 0.226207122566, 0.51551815299, 0.231574037278, 0.407505198905, 0.4779976473, 0.424159531455, 0.0132793171979, 0.991318078812, 0.11904475505, 0.991681776302, 0.294273957145, 0.28072368863, 0.269241939729, 368.04921148, 140.115114955, 413.500792003, 211.895107441, 44.2871223137, 50.5083283747, 71.8244776979, 70.9002604912
0.045302678954, 0.275421483416, 0.560581661772, 0.261878599801, 0.689772617297, 0.82917151072, 0.86894371204, 0.220700823814, 0.667102785846, 0.213845646586, 0.863446094589, 0.722032346487, 0.224630303031, 0.656527441368, 0.114551875314, 0.498331785126, 0.317844375524, 12.8193136407, 61.3890027001, 228.074240313, 446.359259409, 220.374674919, 667.451343671, 399.736908342, 67.962226711
0.0728393956661, 0.459736450276, 0.0525337575001, 0.0462084807973, 0.226207122566, 0.51551815299, 0.231574037278, 0.407505198905, 0.4779976473, 0.424159531455, 0.0132793171979, 0.976581097646, 0.11904475505, 0.991681776302, 0.294273957145, 0.28072368863, 0.269241939729, 311.267067302, 118.498340864, 349.706438267, 179.204211316, 37.4545638242, 42.7159704657, 456.502562369, 79.3648240455
0.0581034802813, 0.17635777501, 0.483741904713, 0.304389759008, 0.108716440085, 0.0345370001537, 0.559526311513, 0.00199696931204, 0.836230806264, 0.882471577662, 0.880563940082, 0.57093089671, 0.180972212014, 0.3673770283, 0.497592747017, 0.701980250314, 0.400865985922, 273.508029153, 330.11399231, 23.2799584196, 74.0383249864, 225.780718444, 466.251889979, 192.460729545, 64.4060845877
0.00356623462329, 0.217942007468, 0.560581661772, 0.527515377823, 0.513459559296, 0.401321257198, 0.0752593280435, 0.536814775181, 0.904989940853, 0.984934404239, 0.075709220881, 0.616086007685, 0.387197860766, 0.561288541434, 0.657689200434, 0.859601070148, 0.259836608204, 269.715055095, 32.0342937765, 198.199341969, 350.763995135, 529.819175319, 870.603973685, 402.364292186, 6.71443434737
0.00317528294991, 0.217942007468, 0.377722242084, 0.581004469391, 0.904822720198, 0.793242735609, 0.876941612587, 0.328493623703, 0.253457215388, 0.379359079686, 0.963102026803, 0.962689966631, 0.47587677122, 0.722229801482, 0.657689200434, 0.634956252717, 0.225866866935, 6.24150435182, 31.8861010273, 96.5002960528, 675.991702212, 884.191426713, 753.718288888, 480.408218798, 7.1379254202
0.174403650293, 0.138589473122, 0.23824620556, 0.42232552692, 0.00771027515358, 0.879000208821, 0.874251419562, 0.00740318973544, 0.902887829567, 0.883174107477, 0.133376065191, 0.994101189247, 0.912280619203, 0.995911841513, 0.00081889882697, 0.453507263745, 0.278239095124, 17.7601239408, 88.7406993903, 470.405210637, 5.80196718118, 374.413260305, 238.797330479, 144.496170527, 188.008022536
0.00356623462329, 0.217942007468, 0.0459722867105, 0.527515377823, 0.513459559296, 0.401321257198, 0.0752593280435, 0.536814775181, 0.904989940853, 0.984934404239, 0.075709220881, 0.616086007685, 0.387197860766, 0.410900576546, 0.657689200434, 0.859601070148, 0.862551728804, 367.312885651, 43.6260737567, 269.918830476, 477.689816723, 721.537068413, 70.8212639313, 349.809873432, 5.83743506776
0.149040749934, 0.0526944852542, 0.0383445403824, 0.261878599801, 0.689772617297, 0.82917151072, 0.697873706719, 0.33481391768, 0.492159383484, 0.213845646586, 0.863446094589, 0.769108697202, 0.224630303031, 0.656527441368, 0.114551875314, 0.0879856264373, 0.317844375524, 50.1839034113, 97.6835180743, 399.392473658, 781.642541092, 385.90937068, 58.2012794034, 80.2140036885, 231.37877453
0.045302678954, 0.275421483416, 0.265138386991, 0.261878599801, 0.689772617297, 0.82917151072, 0.86894371204, 0.33481391768, 0.667102785846, 0.213845646586, 0.863446094589, 0.775647469467, 0.224630303031, 0.656527441368, 0.114551875314, 0.0879856264373, 0.317844375524, 21.1124727111, 101.103201045, 375.621605781, 735.121079629, 362.940984273, 401.5183327, 458.357175732, 77.928691701
0.00356623462329, 0.217942007468, 0.265138386991, 0.913265498492, 0.513459559296, 0.401321257198, 0.0752593280435, 0.536814775181, 0.904989940853, 0.984934404239, 0.075709220881, 0.95852612857, 0.387197860766, 0.561288541434, 0.883968271159, 0.859601070148, 0.259836608204, 79.7350926807, 9.47020692759, 58.5931063271, 103.695359724, 1047.78755375, 467.829541632, 412.126411484, 6.87733923328
0.011451818512, 0.389719861612, 0.593069827654, 0.440047478085, 0.576888204657, 0.995173371278, 0.0559766053196, 0.678257281486, 0.03298426421, 0.398547152476, 0.749091621423, 0.530600095762, 0.656469994961, 0.233989423615, 0.550890028666, 0.110436979517, 0.52935881282, 2.30168186194, 0.202905105225, 304.757360484, 388.961320811, 408.849363161, 862.833495445, 754.877482131, 23.6329472329
0.045302678954, 0.188134305013, 0.551953323437, 0.37582394131, 0.404808096985, 0.778083535667, 0.416337523448, 0.7575958417, 0.151709972451, 0.419410081919, 0.352784640051, 0.916353163336, 0.796148531499, 0.146055006015, 0.311430248961, 0.309801831204, 0.0622610096398, 134.583740101, 103.159228398, 466.591948351, 366.452459392, 413.45544485, 875.085372419, 349.43388363, 85.5253168555
0.333875736941, 0.15225151409, 0.466609800958, 0.847321446274, 0.603101412224, 0.984552601668, 0.963221314906, 0.811939906494, 0.097537352719, 0.575754606814, 0.209833187484, 0.556121848352, 0.2206332795, 0.567257968852, 0.685958270938, 0.810731862085, 0.880534039983, 0.0911291461319, 1.57564249171, 65.0312896134, 90.4577067273, 455.638772654, 422.271080237, 153.885343198, 375.800299313
0.011451818512, 0.389719861612, 0.382476214306, 0.440047478085, 0.576888204657, 0.995173371278, 0.0559766053196, 0.678257281486, 0.659814912728, 0.398547152476, 0.660043832032, 0.530600095762, 0.656469994961, 0.233989423615, 0.550890028666, 0.110436979517, 0.52935881282, 3.16204041723, 0.278750141013, 418.674321259, 534.353351557, 561.675456652, 603.808085576, 749.990264429, 23.4799431219
0.11252487887, 0.15225151409, 0.466609800958, 0.0534159789428, 0.694805137682, 0.972833452925, 0.963221314906, 0.817522757593, 0.648870093966, 0.575754606814, 0.635895122249, 0.703816215031, 0.902035757429, 0.233188550159, 0.128456020809, 0.110436979517, 0.880534039983, 0.773088589925, 13.3668676142, 313.57162033, 603.749280372, 57.2284011644, 614.737447403, 224.024536601, 168.922066871
0.149300037645, 0.029789168548, 0.0709858079518, 0.985824811991, 0.114031793436, 0.0152404333326, 0.488099734509, 0.970680035763, 0.913762749939, 0.112309048822, 0.160606229506, 0.318918848478, 0.351448727394, 0.936764845684, 0.183032231748, 0.428084777907, 0.489934669696, 16.6138158971, 16.0040230855, 0.552352388998, 4.17797768713, 1052.9909084, 117.931229434, 49.6287262752, 253.488905449
0.312792515689, 0.0742810078859, 0.330076926474, 0.261878599801, 0.689772617297, 0.82917151072, 0.86894371204, 0.203951923642, 0.492159383484, 0.213845646586, 0.863446094589, 0.882981953222, 0.224630303031, 0.656527441368, 0.0501474728643, 0.0879856264373, 0.317844375524, 16.59952437, 79.491638549, 295.329688965, 577.983471817, 285.359644782, 407.178183481, 96.307453491, 442.674722779
0.0964914543367, 0.687356367944, 0.393147161948, 0.326923782252, 0.0430738798174, 0.865084304136, 0.244524091774, 0.267557756333, 0.209357265782, 0.608234585457, 0.618692841777, 0.484672503289, 0.598783144298, 0.517325676909, 0.153031256615, 0.439293467824, 0.106981494533, 49.2998608486, 19.9256117974, 247.143228034, 17.1305959074, 142.906385344, 206.604061964, 667.168907663, 115.56084921
0.221126668363, 0.642996344315, 0.19291996843, 0.0534159789428, 0.370044369163, 0.509601022903, 0.0907791356785, 0.198847115007, 0.467684992832, 0.413937727404, 0.633319463989, 0.703816215031, 0.902035757429, 0.497333103855, 0.128456020809, 0.375874391684, 0.903501483954, 169.519030945, 24.3378382927, 176.50225637, 161.571038549, 24.7479346105, 92.3296365493, 492.636438986, 210.601069846
0.0341930667806, 0.159778286053, 0.23824620556, 0.42232552692, 0.98249812857, 0.836061721743, 0.559526311513, 0.00896912917684, 0.151709972451, 0.883174107477, 0.133376065191, 0.967263459175, 0.912280619203, 0.995911841513, 0.21954199267, 0.453507263745, 0.4594720689, 3.73266575634, 4.50518838002, 22.2151339277, 835.404678513, 653.154817494, 416.576129489, 292.163874886, 63.2460969802
0.011451818512, 0.816128285274, 0.855452595772, 0.265723968365, 0.0832743367925, 0.995173371278, 0.0559766053196, 0.678257281486, 0.659814912728, 0.0902315075753, 0.692003939036, 0.332214138238, 0.656469994961, 0.217857226388, 0.726955151384, 0.110436979517, 0.52935881282, 0.441000884853, 0.0388764982794, 58.3913302102, 7.68208030988, 26.1178284443, 278.860259212, 963.22362857, 18.0775805705
0.168241722209, 0.446757966253, 0.775655507036, 0.00790480998871, 0.471554662083, 0.476905012009, 0.496437361813, 0.365828244694, 0.00326847725976, 0.921630214578, 0.794327389069, 0.508747477334, 0.763311880451, 0.0152208739531, 0.408306140756, 0.520472954191, 0.248497002745, 82.3500719194, 81.4335001682, 107.702107906, 144.616659018, 2.66113016395, 582.791421061, 524.896570948, 220.021114199
0.435167398517, 0.536859397648, 0.0052782916824, 0.786636363459, 0.34519136198, 0.944504778083, 0.160454796475, 0.501960942154, 0.425194482751, 0.519190718397, 0.914798411095, 0.819003525647, 0.891419949682, 0.358804904112, 0.666782267336, 0.858042739987, 0.470887993038, 12.1653137825, 3.13278713266, 143.743660834, 86.9296786883, 483.660447138, 4.24644863658, 575.202078719, 627.363230356
0.333875736941, 0.15225151409, 0.466609800958, 0.847321446274, 0.694805137682, 0.972833452925, 0.963221314906, 0.811939906494, 0.970376078992, 0.575754606814, 0.635895122249, 0.205322769883, 0.902035757429, 0.233188550159, 0.525634543113, 0.110436979517, 0.880534039983, 0.144580075847, 2.49982053633, 58.6429669789, 112.910884841, 520.404392238, 482.293733676, 175.758985643, 429.217481269
0.174403650293, 0.159778286053, 0.23824620556, 0.42232552692, 0.501595335257, 0.836061721743, 0.559526311513, 0.00896912917684, 0.902887829567, 0.883174107477, 0.133376065191, 0.967263459175, 0.912280619203, 0.995911841513, 0.21954199267, 0.453507263745, 0.76259340543, 76.7053992419, 92.5805566068, 456.515752648, 474.4540753, 523.092716643, 333.62371895, 233.985558899, 264.761515194
0.00822428681387, 0.188134305013, 0.269988604337, 0.37582394131, 0.84968924472, 0.443039801632, 0.197652619761, 0.510284890624, 0.311003751112, 0.35754002166, 0.929722658952, 0.703816215031, 0.230826129641, 0.217857226388, 0.17379160153, 0.110436979517, 0.94139383854, 118.907513565, 38.1512409608, 104.316417135, 676.305543599, 466.091417853, 378.046984093, 279.687251236, 12.4070040915
0.0368348420182, 0.494504491413, 0.906389487715, 0.260752979281, 0.238013945863, 0.737917389012, 0.734185128247, 0.483780812834, 0.0610111518935, 0.927895317667, 0.144734248011, 0.274462740469, 0.98699777937, 0.00364829032611, 0.254054391193, 0.791068378854, 0.492787531815, 14.6884860102, 33.1100348539, 82.958238199, 35.5136308558, 42.2154471776, 715.720710157, 711.143705864, 58.7648454631
0.308314917358, 0.3390768473, 0.973938374437, 0.154037406605, 0.189238783117, 0.119828682486, 0.819503357045, 0.765883438523, 0.00326847725976, 0.815916296181, 0.0659516586818, 0.0249005119622, 0.0088695740822, 0.232535964109, 0.657330856115, 0.196466155041, 0.6309326717, 8.54445961008, 29.3248139063, 5.81811305912, 9.52491302762, 8.02573488165, 817.750098164, 482.421068072, 499.802711255
0.0964914543367, 0.738341745588, 0.734153304122, 0.332310350492, 0.0430738798174, 0.865084304136, 0.962317145025, 0.679473474081, 0.0519540743281, 0.608234585457, 0.697724589812, 0.484672503289, 0.708629199534, 0.517325676909, 0.153031256615, 0.572518250599, 0.161610647259, 1.62474583245, 27.4166335673, 127.650440324, 8.84801953907, 75.2783053201, 340.278770387, 854.150249956, 142.315212356
0.221126668363, 0.642996344315, 0.119006185191, 0.0534159789428, 0.370044369163, 0.509601022903, 0.115675663696, 0.198847115007, 0.814626405198, 0.413937727404, 0.633319463989, 0.703816215031, 0.902035757429, 0.497333103855, 0.128456020809, 0.573225736984, 0.903501483954, 151.090096469, 27.75968853, 158.32391363, 144.930493685, 22.199092195, 50.1006835528, 429.241334532, 183.499792384
0.0373735711631, 0.265410857061, 0.191426283481, 0.836163210892, 0.180229156787, 0.043172935192, 0.972591871157, 0.344600600949, 0.0221622865763, 0.75538134371, 0.682141734766, 0.0425282156262, 0.285367743984, 0.720623676293, 0.0421096998261, 0.376142680764, 0.0867060503886, 11.4242308412, 265.191295176, 18.0285092781, 77.3981818816, 1052.76741798, 337.574600221, 504.761324366, 73.2631973374
0.0972167283574, 0.757939019009, 0.710773944278, 0.989765527297, 0.692390028603, 0.654509360667, 0.989788043797, 0.291673359534, 0.946694945298, 0.969990891071, 0.133340109067, 0.875847672253, 0.395307031688, 0.971973116071, 0.563156715258, 0.587742886412, 0.870068603768, 0.0114512033616, 0.713813989406, 1.1837281194, 2.63466368728, 185.05718334, 378.9629574, 1055.2100477, 174.893992353
0.0222386494173, 0.288915517576, 0.170457211081, 0.955704707001, 0.00879108116236, 0.804630069811, 0.706129583111, 0.123748546777, 0.751234683125, 0.593812611931, 0.700783028187, 0.576072142125, 0.912010583116, 0.720994946247, 0.260584600663, 0.506453456202, 0.0476682147638, 7.74300750116, 15.5652017115, 54.8591824641, 0.794729204885, 825.832027488, 227.109212324, 418.72517179, 33.3775805547
0.00348596649444, 0.428218251796, 0.269988604337, 0.37582394131, 0.905185120531, 0.428638489571, 0.197652619761, 0.176721895301, 0.36027052003, 0.35754002166, 0.769192325154, 0.807831066207, 0.230826129641, 0.403051792443, 0.17379160153, 0.677837400673, 0.997394738479, 66.2861967744, 21.2677953621, 55.5277112262, 593.470102479, 402.107482821, 326.149582118, 631.351083447, 5.54870063696
0.714920706773, 0.797029551425, 0.0907290521511, 0.96791176552, 0.0258813310528, 0.376344859754, 0.353436430641, 0.85414769571, 0.097537352719, 0.0181684985244, 0.69587773605, 0.0678650690218, 0.0795397671113, 0.621425737548, 0.782884208736, 0.417116430976, 0.277614313564, 4.0528027189, 2.5137528856, 3.20119342809, 0.233640896764, 113.95366947, 16.3719654253, 349.203384703, 765.563449443
0.921198148221, 0.60366056911, 0.986164471445, 0.0043080197356, 0.843607874741, 0.353913605986, 0.957806082756, 0.530035252848, 0.66064626178, 0.3342937428, 0.68054018692, 0.230468629623, 0.62055582618, 0.693727455415, 0.690941395574, 0.541881915041, 0.0169972349283, 0.0224430766141, 0.338124075964, 0.210534975976, 1.5911677294, 0.0111009136267, 75.4710622638, 105.167938378, 1040.49500205
0.011451818512, 0.796830508918, 0.453121889653, 0.440047478085, 0.0144947985306, 0.995173371278, 0.0559766053196, 0.678257281486, 0.659814912728, 0.398547152476, 0.684185461018, 0.530600095762, 0.656469994961, 0.217857226388, 0.836531480879, 0.810731862085, 0.10854799558, 1.31305148738, 0.115752248222, 173.856392619, 3.95922571471, 143.889786081, 194.702068036, 902.114435363, 17.0924761578
0.0250723705079, 0.288915517576, 0.170457211081, 0.854154975994, 0.00879108116236, 0.804630069811, 0.706129583111, 0.123748546777, 0.751234683125, 0.593812611931, 0.883729355573, 0.602996005321, 0.912010583116, 0.720994946247, 0.0869090023545, 0.506453456202, 0.0476682147638, 20.843268645, 41.8996986296, 147.674489218, 2.13931787034, 664.390255727, 187.159525774, 345.069245672, 31.014654306
0.753689463118, 0.276867845135, 0.912905785063, 0.114543563768, 0.959158818672, 0.00377400122019, 0.00804121741766, 0.509743524292, 0.17618996839, 0.136545489098, 0.00503517570974, 0.977250975653, 0.752081430376, 0.98408844909, 0.996619970049, 0.780175716158, 0.321466640168, 2.6453215778, 0.0334151375784, 0.0156833964562, 41.1818836843, 7.50608131276, 304.675774483, 142.877811968, 832.312715464
0.174403650293, 0.0955724509187, 0.23824620556, 0.42232552692, 0.98249812857, 0.155414163238, 0.559526311513, 0.0195264582414, 0.902887829567, 0.883174107477, 0.292397781352, 0.967263459175, 0.351448727394, 0.995911841513, 0.21954199267, 0.110436979517, 0.489934669696, 8.51803631879, 10.2809522066, 3.32568212956, 500.355650315, 391.199273681, 249.503295274, 103.240007176, 193.98242738
0.011451818512, 0.816128285274, 0.453121889653, 0.440047478085, 0.576888204657, 0.995173371278, 0.0559766053196, 0.678257281486, 0.659814912728, 0.398547152476, 0.797397146291, 0.530600095762, 0.47701401204, 0.217857226388, 0.550890028666, 0.110436979517, 0.52935881282, 0.719193916235, 0.0634006461378, 95.2258621022, 121.536612077, 127.750919666, 172.864029686, 890.691247846, 16.7163079463
0.0368348420182, 0.494504491413, 0.918130291641, 0.0894129777762, 0.98652446164, 0.737917389012, 0.988302179816, 0.483780812834, 0.193223285027, 0.0940538507864, 0.144734248011, 0.274462740469, 0.989791586129, 0.00364829032611, 0.254054391193, 0.791068378854, 0.492787531815, 0.0100432736239, 0.546514381647, 1.2518814687, 64.5243034507, 9.12451779066, 504.047781063, 499.544915796, 41.2795325847
0.166721711146, 0.114372588981, 0.734153304122, 0.939932011162, 0.834190192878, 0.156015127341, 0.993384901609, 0.788209821651, 0.71847919572, 0.0902315075753, 0.697724589812, 0.717977135592, 0.655388885417, 0.975525976054, 0.0668033413679, 0.0949333335699, 0.892115968055, 0.0693177688992, 6.6707207362, 1.66840337742, 25.8024860335, 282.167574818, 638.803422159, 126.922397243, 190.387234098
0.0964914543367, 0.378070736357, 0.734153304122, 0.326923782252, 0.0430738798174, 0.996617666523, 0.244524091774, 0.811317173797, 0.0519540743281, 0.608234585457, 0.697724589812, 0.484672503289, 0.598783144298, 0.517325676909, 0.153031256615, 0.572518250599, 0.188710134983, 1.0402587647, 0.420443221494, 211.182094145, 14.3106882387, 119.38222926, 547.717010633, 404.572074919, 110.430860672
0.418288543511, 0.883689667931, 0.48904927909, 0.475939301971, 0.46278696986, 0.332676028391, 0.176182423944, 0.528671202041, 0.883975057021, 0.29873668853, 0.526710853895, 0.490501427416, 0.212381530644, 0.128718310894, 0.806225122985, 0.501068378489, 0.991572300587, 25.8333109755, 7.33757230779, 15.4678888109, 27.5644920987, 38.4536420734, 54.6460969615, 425.663386999, 333.906614668
0.168241722209, 0.0699179385169, 0.775655507036, 0.401737942023, 0.39890645535, 0.476905012009, 0.496437361813, 0.430296990038, 0.00326847725976, 0.921630214578, 0.794327389069, 0.508747477334, 0.763311880451, 0.0152208739531, 0.408306140756, 0.287826835582, 0.248497002745, 87.915511755, 86.9369956143, 114.98090667, 122.228681773, 152.312365909, 701.99899885, 82.4783435544, 203.6277466
0.168241722209, 0.0699179385169, 0.775655507036, 0.521398254558, 0.39890645535, 0.476905012009, 0.496437361813, 0.430296990038, 0.00326847725976, 0.921630214578, 0.794327389069, 0.508747477334, 0.763311880451, 0.0152208739531, 0.408306140756, 0.287826835582, 0.248497002745, 74.3630269818, 73.5353525393, 97.2561962552, 103.386701382, 188.578390017, 701.99899885, 82.4783435544, 203.6277466
0.011451818512, 0.816128285274, 0.855452595772, 0.265723968365, 0.0832743367925, 0.996752201349, 0.0559766053196, 0.678257281486, 0.659814912728, 0.0902315075753, 0.692003939036, 0.332214138238, 0.656469994961, 0.217857226388, 0.726955151384, 0.110436979517, 0.162357525451, 0.313166939193, 0.0276072778782, 61.6231884294, 8.10714254079, 27.5629711631, 294.290059358, 1016.52038777, 19.0778430537
0.103535508394, 0.803764672631, 0.522946844954, 0.0635481654973, 0.109392882818, 0.0983884095272, 0.730980220135, 0.00656524060323, 0.254918168105, 0.183439304494, 0.385169805266, 0.507316389125, 0.796148531499, 0.688436636234, 0.219806783168, 0.723858730417, 0.0318589843769, 58.6822187782, 130.502090153, 22.2918709003, 25.1319415806, 14.720588344, 158.76656063, 681.092069238, 117.283087261
0.168241722209, 0.0699179385169, 0.775655507036, 0.00790480998871, 0.471554662083, 0.476905012009, 0.496437361813, 0.430296990038, 0.00326847725976, 0.921630214578, 0.794327389069, 0.508747477334, 0.763311880451, 0.0152208739531, 0.408306140756, 0.520472954191, 0.248497002745, 104.236563201, 103.076390696, 136.326506049, 183.051977567, 3.36838883144, 737.682109786, 86.6707767169, 213.978290523
0.886597627207, 0.757939019009, 0.710773944278, 0.989765527297, 0.34519136198, 0.856283645326, 0.989788043797, 0.501960942154, 0.946694945298, 0.969990891071, 0.133340109067, 0.875847672253, 0.651791823203, 0.971973116071, 0.563156715258, 0.587742886412, 0.870068603768, 0.00189624121989, 0.118202730954, 0.514743308266, 0.318184927395, 38.3504631254, 78.5346705346, 218.677239616, 1308.02020929
0.106240874466, 0.769520204839, 0.0504426161496, 0.445994279207, 0.885795612698, 0.886457713732, 0.607981530664, 0.304464391937, 0.901880595012, 0.425884990265, 0.0803463312634, 0.000356265460624, 0.831518698706, 0.543116228297, 0.514181944184, 0.482630704783, 0.0147689455497, 3.59037586783, 5.07431253355, 34.4824862983, 193.217347275, 165.589130543, 20.3955347929, 680.365687544, 122.551326461
0.886597627207, 0.820469917449, 0.992191697111, 0.599054592327, 0.00771027515358, 0.968507221706, 0.241104766926, 0.33030059669, 0.0938342853606, 0.487275415137, 0.399852740675, 0.802509716392, 0.0107531715073, 0.98408844909, 0.219806783168, 0.591416551372, 0.0318589843769, 0.00936035109356, 0.0037248280554, 0.203482663736, 0.00246757302197, 0.279559474624, 28.2024979712, 97.3490918849, 562.94368793
0.108775173439, 0.862050912029, 0.702715720365, 0.492994895063, 0.802335761758, 0.647342081466, 0.457410842772, 0.408415506462, 0.922604419819, 0.995894701592, 0.114371339577, 0.0765474907322, 0.955987073763, 0.754088699278, 0.813670164039, 0.898868664746, 0.594112051299, 6.53950769009, 5.71825164318, 14.0439061477, 51.4649862756, 52.8728422797, 149.971182843, 762.915425268, 134.790180782
0.312792515689, 0.0742810078859, 0.0383445403824, 0.261878599801, 0.689772617297, 0.82917151072, 0.86894371204, 0.33481391768, 0.492159383484, 0.213845646586, 0.863446094589, 0.769108697202, 0.224630303031, 0.656527441368, 0.114551875314, 0.0879856264373, 0.317844375524, 20.2791524101, 97.1126050077, 360.795625239, 706.105467495, 348.61551447, 52.5767719148, 102.378308276, 470.579250018
0.312792515689, 0.0742810078859, 0.0383445403824, 0.261878599801, 0.689772617297, 0.82917151072, 0.86894371204, 0.33481391768, 0.492159383484, 0.213845646586, 0.863446094589, 0.769108697202, 0.224630303031, 0.656527441368, 0.114551875314, 0.0879856264373, 0.317844375524, 20.2791524101, 97.1126050077, 360.795625239, 706.105467495, 348.61551447, 52.5767719148, 102.378308276, 470.579250018
0.166721711146, 0.114372588981, 0.393147161948, 0.939932011162, 0.834190192878, 0.156015127341, 0.993384901609, 0.788209821651, 0.71847919572, 0.0902315075753, 0.618692841777, 0.717977135592, 0.655388885417, 0.975525976054, 0.208616251504, 0.0949333335699, 0.892115968055, 0.122796805892, 11.8172181883, 2.95558568807, 45.7092448201, 499.861398661, 356.599233364, 111.845772063, 167.771864155
0.921198148221, 0.83132905108, 0.986164471445, 0.0043080197356, 0.843607874741, 0.353913605986, 0.488099734509, 0.530035252848, 0.780263990765, 0.3342937428, 0.68054018692, 0.230468629623, 0.151025268232, 0.936764845684, 0.690941395574, 0.541881915041, 0.0169972349283, 0.131279118769, 0.126460655423, 0.113249399291, 0.855909041674, 0.00597132041352, 40.5968292234, 149.65892265, 1246.36479814
0.785709542154, 0.978673780628, 0.906389487715, 0.260752979281, 0.238013945863, 0.737917389012, 0.734185128247, 0.483780812834, 0.0610111518935, 0.280795736453, 0.144734248011, 0.574265069017, 0.98699777937, 0.00165316278022, 0.254054391193, 0.786342560807, 0.492787531815, 0.216227459682, 0.487408894386, 1.22121838105, 0.522791945928, 0.621448588791, 10.5360396498, 317.828802289, 908.790694609
0.149300037645, 0.029789168548, 0.0709858079518, 0.985824811991, 0.114031793436, 0.155414163238, 0.488099734509, 0.897896593924, 0.913762749939, 0.112309048822, 0.403020010388, 0.318918848478, 0.351448727394, 0.936764845684, 0.183032231748, 0.459845431051, 0.489934669696, 12.314882575, 11.8628776343, 4.25928716764, 3.19061484344, 804.14226067, 90.0610676539, 37.9001906119, 193.583002337
0.00822428681387, 0.275421483416, 0.269988604337, 0.69504153558, 0.84968924472, 0.294565367676, 0.197652619761, 0.510284890624, 0.679510245465, 0.35754002166, 0.929722658952, 0.703816215031, 0.230826129641, 0.217857226388, 0.17379160153, 0.110436979517, 0.94139383854, 76.7036631551, 24.6102188824, 40.1823689483, 374.158769437, 740.958447525, 376.970018081, 423.059779303, 13.0364597118
0.00356623462329, 0.0526944852542, 0.560581661772, 0.891699571436, 0.513459559296, 0.401321257198, 0.0752593280435, 0.536814775181, 0.904989940853, 0.984934404239, 0.075709220881, 0.616086007685, 0.387197860766, 0.561288541434, 0.657689200434, 0.859601070148, 0.259836608204, 71.4747974858, 8.48912441864, 52.5230518709, 92.9528591157, 749.582021144, 921.07232366, 99.097824304, 6.71443434737
0.753689463118, 0.156328668403, 0.0052782916824, 0.786636363459, 0.34519136198, 0.923717470831, 0.160454796475, 0.501960942154, 0.425194482751, 0.519190718397, 0.914798411095, 0.819003525647, 0.891419949682, 0.358804904112, 0.666782267336, 0.858042739987, 0.474115671274, 11.6181812784, 2.99189067086, 99.643860709, 60.4648534733, 336.415117464, 2.95366206878, 89.2822816574, 901.397926248
0.00356623462329, 0.0310194710453, 0.560581661772, 0.891699571436, 0.102251794561, 0.401321257198, 0.0752593280435, 0.536814775181, 0.904989940853, 0.987813357149, 0.075709220881, 0.0150229055373, 0.12767873583, 0.0214480418064, 0.657689200434, 0.80833571, 0.00686498447978, 76.6378068536, 9.10233957194, 56.3170746365, 15.4785963045, 563.43209783, 692.334790502, 43.7830728889, 5.03568048903
0.714920706773, 0.898756726115, 0.0509390240752, 0.96791176552, 0.0258813310528, 0.376344859754, 0.353436430641, 0.85414769571, 0.970376078992, 0.0181684985244, 0.69587773605, 0.0678650690218, 0.0795397671113, 0.621425737548, 0.782884208736, 0.417116430976, 0.0958415944314, 2.21855300714, 1.37605859706, 1.75237182733, 0.127897840102, 62.3796107565, 5.00833413037, 390.676419176, 823.71670684
0.980725870528, 0.423078592649, 0.0052782916824, 0.786636363459, 0.34519136198, 0.923717470831, 0.160454796475, 0.501960942154, 0.425194482751, 0.519190718397, 0.914798411095, 0.819003525647, 0.891419949682, 0.358804904112, 0.666782267336, 0.858042739987, 0.474115671274, 0.756408170404, 0.194788710398, 6.48736911266, 3.93659800045, 21.9024938068, 0.192299815943, 18.171224522, 972.899836158
0.221126668363, 0.642996344315, 0.19291996843, 0.0534159789428, 0.370044369163, 0.509601022903, 0.115675663696, 0.198847115007, 0.814626405198, 0.413937727404, 0.633319463989, 0.703816215031, 0.902035757429, 0.497333103855, 0.128456020809, 0.375874391684, 0.903501483954, 142.512073901, 26.183653831, 149.335196725, 136.702177768, 20.9387560227, 78.1183465934, 416.810306241, 178.18555322
0.174403650293, 0.159778286053, 0.23824620556, 0.42232552692, 0.98249812857, 0.836061721743, 0.559526311513, 0.00896912917684, 0.902887829567, 0.883174107477, 0.133376065191, 0.967263459175, 0.912280619203, 0.995911841513, 0.21954199267, 0.453507263745, 0.4594720689, 3.00704173252, 3.62938724116, 17.8965487871, 673.003396451, 526.182605734, 335.594421766, 235.367702835, 266.325451551
0.149300037645, 0.378070736357, 0.145918001178, 0.985824811991, 0.1642696191, 0.836061721743, 0.488099734509, 0.715745799239, 0.753084498286, 0.112309048822, 0.403020010388, 0.199498704231, 0.912280619203, 0.929833672235, 0.183032231748, 0.615417883111, 0.81954136672, 2.13015823686, 2.05197299703, 11.2307069878, 3.06504793036, 539.348823542, 125.86534085, 374.028960174, 159.695625637
0.0964914543367, 0.687356367944, 0.734153304122, 0.326923782252, 0.0430738798174, 0.865084304136, 0.244524091774, 0.267557756333, 0.209357265782, 0.608234585457, 0.697724589812, 0.484672503289, 0.598783144298, 0.517325676909, 0.153031256615, 0.633594109982, 0.188710134983, 22.1407875994, 8.94868121331, 110.993127046, 7.69342709915, 64.1798956434, 294.452707094, 602.343682523, 104.332421174
0.149300037645, 0.2579077717, 0.0709858079518, 0.985824811991, 0.1642696191, 0.155414163238, 0.488099734509, 0.897896593924, 0.913762749939, 0.112309048822, 0.403020010388, 0.807831066207, 0.351448727394, 0.936764845684, 0.183032231748, 0.459845431051, 0.489934669696, 10.5366886658, 10.1499504808, 3.64427208707, 3.97915698092, 700.202308452, 78.4201633929, 302.227683948, 183.206466073
0.00318063932436, 0.0526944852542, 0.560581661772, 0.891699571436, 0.513459559296, 0.401321257198, 0.0752593280435, 0.536814775181, 0.904989940853, 0.984934404239, 0.075709220881, 0.616086007685, 0.387197860766, 0.561288541434, 0.657689200434, 0.859601070148, 0.259836608204, 71.4750268903, 8.48915166521, 52.523220448, 92.9531574558, 749.584426991, 921.07527992, 99.0981423669, 5.98844973198
0.308314917358, 0.883689667931, 0.973938374437, 0.154037406605, 0.189238783117, 0.119828682486, 0.176182423944, 0.528671202041, 0.00326847725976, 0.815916296181, 0.0659516586818, 0.0249005119622, 0.212381530644, 0.232535964109, 0.806225122985, 0.196466155041, 0.6309326717, 4.95174446217, 1.40647023818, 0.980524338901, 1.60522990093, 1.35257398903, 137.815107105, 746.539063818, 399.392821023
