0.00356623462329, 0.217942007468, 0.693807331971, 0.527515377823, 0.665610348578, 0.401321257198, 0.0270578063458, 0.328493623703, 0.904989940853, 0.984934404239, 0.075709220881, 0.616086007685, 0.387197860766, 0.561288541434, 0.657689200434, 0.859601070148, 0.862551728804, 137.31235948, 5.83960821877, 100.289910653, 293.561237057, 369.975605381, 961.986984936, 386.69954089, 6.45302958013
0.00317528294991, 0.936829482849, 0.377722242084, 0.581004469391, 0.904822720198, 0.793242735609, 0.876941612587, 0.286677634678, 0.253457215388, 0.379359079686, 0.963102026803, 0.962689966631, 0.47587677122, 0.722229801482, 0.000708448405007, 0.634956252717, 0.225866866935, 0.540297376149, 2.76022826383, 8.35357212235, 58.5173897856, 76.5402507053, 65.2458110877, 1172.15266643, 5.87532212454
0.886597627207, 0.757939019009, 0.710773944278, 0.999857959964, 0.643050556456, 0.856283645326, 0.989788043797, 0.291673359534, 0.98941006711, 0.991826415186, 0.133340109067, 0.875847672253, 0.651791823203, 0.971973116071, 0.563156715258, 0.587742886412, 0.870068603768, 1.3001043383e-05, 0.000810423704013, 0.0035291923895, 0.00576678980482, 30.5195843294, 62.4904014966, 174.002493532, 1040.7977456
0.907669508064, 0.996744048901, 0.168900992345, 0.00148028224086, 0.35536350763, 0.0982330676325, 0.350029849182, 0.687903400971, 0.211094397918, 0.419410081919, 0.0474143902324, 0.89375822186, 0.991390923864, 0.592084159354, 0.868799511477, 0.901694394865, 0.782548886011, 0.33346802277, 0.204370974548, 0.0608337467695, 0.247166388338, 0.00108506218205, 0.126795333864, 94.5489221266, 647.347031541
0.886597627207, 0.820469917449, 0.992191697111, 0.599054592327, 0.00771027515358, 0.975579724717, 0.598471589292, 0.33030059669, 0.0938342853606, 0.487275415137, 0.399852740675, 0.802509716392, 0.0107531715073, 0.211115892175, 0.219806783168, 0.591416551372, 0.0318589843769, 0.00430451987165, 0.00589484966113, 0.190191465839, 0.00230526900455, 0.261171517942, 26.3474855031, 90.9459789622, 525.916203306
0.0373735711631, 0.265410857061, 0.191426283481, 0.836163210892, 0.180229156787, 0.03094377853, 0.972591871157, 0.344600600949, 0.0221622865763, 0.75538134371, 0.682141734766, 0.0425282156262, 0.539330323051, 0.720623676293, 0.0423537755777, 0.376142680764, 0.0867060503886, 12.6756797214, 294.24124646, 14.326549088, 85.7805547741, 1166.78416685, 374.134582759, 559.427952699, 81.1977434009
0.980725870528, 0.921701055728, 0.0052782916824, 0.786636363459, 0.717657338074, 0.923717470831, 0.160454796475, 0.291673359534, 0.425194482751, 0.519190718397, 0.914798411095, 0.819003525647, 0.891419949682, 0.0567018788231, 0.666782267336, 0.858042739987, 0.35658014328, 0.0668716211383, 0.0172206453518, 0.573527503351, 1.21597557971, 3.86521469122, 0.0339358650326, 33.1113768105, 1101.64827772
0.997537937087, 0.00492030045794, 0.207496307506, 0.885072722103, 0.2165072521, 0.0345370001537, 0.740335679809, 0.467559372284, 0.645892185143, 0.139650778455, 0.861353026465, 0.229506841555, 0.0119317425744, 0.900834280364, 0.457762234652, 0.376142680764, 0.839744199628, 0.34453377825, 0.797323778505, 0.0471671845519, 0.307787870093, 5.0555261251, 1.73693696822, 0.0419267106281, 1402.69234041
0.174403650293, 0.159778286053, 0.23824620556, 0.0382393756309, 0.95292799497, 0.89129402515, 0.382879075307, 0.00896912917684, 0.0742123763893, 0.758002273396, 0.0312172240254, 0.967263459175, 0.875914522648, 0.995911841513, 0.21954199267, 0.453507263745, 0.76259340543, 11.4074222782, 7.82812541765, 80.233879936, 1099.1201653, 66.2806657608, 433.638454476, 304.130463056, 344.132529349
0.0728393956661, 0.0742810078859, 0.0525337575001, 0.0462084807973, 0.226207122566, 0.0345370001537, 0.231574037278, 0.407505198905, 0.4779976473, 0.424159531455, 0.157475501516, 0.991318078812, 0.11904475505, 0.991681776302, 0.294273957145, 0.28072368863, 0.269241939729, 656.766617249, 250.028874412, 38.162021754, 261.157117443, 54.583125316, 62.2506560179, 88.522447658, 87.3833656634
0.980725870528, 0.844405414245, 0.992191697111, 0.114543563768, 0.959158818672, 0.00377400122019, 0.00804121741766, 0.509743524292, 0.17618996839, 0.136545489098, 0.00503517570974, 0.977250975653, 0.752081430376, 0.211115892175, 0.996619970049, 0.780175716158, 0.321466640168, 0.00487923134067, 6.16334089185e-05, 2.89276434894e-05, 0.0759589832958, 0.0138447845034, 6.30729414043, 25.2924719978, 860.728983049
0.997537937087, 0.00492030045794, 0.207496307506, 0.885072722103, 0.2165072521, 0.760559827431, 0.740335679809, 0.467559372284, 0.645892185143, 0.300717744522, 0.861353026465, 0.229506841555, 0.0119317425744, 0.900834280364, 0.457762234652, 0.376142680764, 0.839744199628, 0.109704398242, 0.25387909937, 0.700328757909, 0.266425244289, 4.3761301655, 1.50351557367, 0.0362923143071, 1214.18901057
0.000227846501758, 0.275421483416, 0.551953323437, 0.69504153558, 0.404808096985, 0.264370719698, 0.416337523448, 0.407505198905, 0.669619396755, 0.936233939714, 0.352784640051, 0.916353163336, 0.656469994961, 0.018346072037, 0.311430248961, 0.309801831204, 0.0622610096398, 176.733278715, 135.467097665, 98.1823874903, 179.637675933, 582.395846025, 773.175818501, 468.339608459, 0.399796319621
0.0581034802813, 0.17635777501, 0.483741904713, 0.304389759008, 0.108716440085, 0.0345370001537, 0.874251419562, 0.0544497948602, 0.836230806264, 0.882471577662, 0.880563940082, 0.57093089671, 0.180972212014, 0.3673770283, 0.497592747017, 0.701980250314, 0.400865985922, 106.794561149, 533.612494995, 29.5518576406, 93.9851352182, 286.608744275, 591.8657254, 244.311951869, 81.7578540569
0.308314917358, 0.00492030045794, 0.207496307506, 0.012862608662, 0.161582986005, 0.760559827431, 0.740335679809, 0.467559372284, 0.645892185143, 0.300717744522, 0.783514309189, 0.96988105253, 0.530601101562, 0.900834280364, 0.457762234652, 0.376142680764, 0.780911581988, 125.902407194, 291.364706057, 803.733285638, 224.164396395, 18.0398202015, 301.796978432, 7.28486687467, 495.876200746
0.174403650293, 0.159778286053, 0.23824620556, 0.0382393756309, 0.501595335257, 0.836061721743, 0.559526311513, 0.00896912917684, 0.902887829567, 0.883174107477, 0.133376065191, 0.967263459175, 0.875914522648, 0.995911841513, 0.21954199267, 0.453507263745, 0.76259340543, 103.439964694, 124.848180199, 615.627762883, 639.818230309, 54.2799485006, 355.124268995, 249.064877105, 281.824205536
0.00822428681387, 0.188134305013, 0.269988604337, 0.37582394131, 0.238013945863, 0.443039801632, 0.197652619761, 0.510284890624, 0.311003751112, 0.35754002166, 0.929722658952, 0.703816215031, 0.230826129641, 0.217857226388, 0.17379160153, 0.110436979517, 0.94139383854, 473.210660441, 151.828706113, 415.143157628, 254.050173539, 466.091417853, 378.046984093, 279.687251236, 12.4070040915
0.00356623462329, 0.217942007468, 0.0459722867105, 0.527515377823, 0.513459559296, 0.401321257198, 0.0752593280435, 0.536814775181, 0.904989940853, 0.984934404239, 0.075709220881, 0.616086007685, 0.387197860766, 0.410900576546, 0.657689200434, 0.859601070148, 0.862551728804, 367.312885651, 43.6260737567, 269.918830476, 477.689816723, 721.537068413, 70.8212639313, 349.809873432, 5.83743506776
0.0341930667806, 0.159778286053, 0.231194090443, 0.42232552692, 0.98249812857, 0.995173371278, 0.559526311513, 0.00896912917684, 0.151709972451, 0.936671520703, 0.133376065191, 0.860883790139, 0.912280619203, 0.995911841513, 0.21954199267, 0.453507263745, 0.4594720689, 0.12508832228, 0.150976940556, 25.8598471081, 940.426017594, 735.26495564, 453.743853668, 327.488061428, 70.892890851
0.00356623462329, 0.217942007468, 0.560581661772, 0.527515377823, 0.513459559296, 0.401321257198, 0.0752593280435, 0.536814775181, 0.904989940853, 0.984934404239, 0.075709220881, 0.616086007685, 0.387197860766, 0.561288541434, 0.657689200434, 0.859601070148, 0.259836608204, 269.715055095, 32.0342937765, 198.199341969, 350.763995135, 529.819175319, 870.603973685, 402.364292186, 6.71443434737
0.0581034802813, 0.120422739123, 0.483741904713, 0.304389759008, 0.178558297051, 0.178295335706, 0.874251419562, 0.362951289122, 0.812329433563, 0.882471577662, 0.880563940082, 0.57093089671, 0.180972212014, 0.658105731419, 0.497592747017, 0.701980250314, 0.400865985922, 86.2177883996, 430.798054561, 126.36562307, 131.693259166, 246.550151565, 509.142122207, 141.509386351, 68.8779427772
0.174403650293, 0.138589473122, 0.23824620556, 0.42232552692, 0.00771027515358, 0.879000208821, 0.874251419562, 0.00740318973544, 0.902887829567, 0.883174107477, 0.133376065191, 0.994101189247, 0.912280619203, 0.995911841513, 0.00081889882697, 0.453507263745, 0.278239095124, 17.7601239408, 88.7406993903, 470.405210637, 5.80196718118, 374.413260305, 238.797330479, 144.496170527, 188.008022536
0.221126668363, 0.642996344315, 0.19291996843, 0.0287687131842, 0.370044369163, 0.509601022903, 0.0907791356785, 0.198847115007, 0.467684992832, 0.557306502641, 0.633319463989, 0.703816215031, 0.902035757429, 0.497333103855, 0.128456020809, 0.375874391684, 0.903501483954, 212.047023316, 30.4435799046, 220.782161527, 202.10508276, 16.6447335384, 115.204087724, 614.685962756, 262.776991572
0.0581034802813, 0.17635777501, 0.483741904713, 0.69504153558, 0.552058041232, 0.0345370001537, 0.874251419562, 0.0544497948602, 0.594805825748, 0.561450488752, 0.880563940082, 0.57093089671, 0.180972212014, 0.352513675919, 0.497592747017, 0.701980250314, 0.400865985922, 35.9651349605, 179.704333184, 9.95215989406, 216.307424741, 546.196880203, 584.812545079, 241.400520818, 80.7835572484
0.0581034802813, 0.120422739123, 0.483741904713, 0.304389759008, 0.108716440085, 0.51551815299, 0.874251419562, 0.0544497948602, 0.812329433563, 0.882471577662, 0.880563940082, 0.57093089671, 0.180972212014, 0.658105731419, 0.497592747017, 0.701980250314, 0.400865985922, 67.2642394456, 336.094256563, 359.890212498, 85.7074378176, 261.365811422, 539.737424842, 150.012950114, 73.0169472166
0.0368161227546, 0.17635777501, 0.483741904713, 0.304389759008, 0.108716440085, 0.0345370001537, 0.559526311513, 0.00199696931204, 0.836230806264, 0.882471577662, 0.880563940082, 0.57093089671, 0.180972212014, 0.3673770283, 0.93923625672, 0.701980250314, 0.400865985922, 350.296825946, 422.795206651, 29.8159274073, 94.8249684712, 289.169825381, 597.154524701, 246.4950769, 52.1801366765
0.0581034802813, 0.17635777501, 0.483741904713, 0.304389759008, 0.108716440085, 0.0345370001537, 0.559526311513, 0.00199696931204, 0.836230806264, 0.882471577662, 0.880563940082, 0.57093089671, 0.180972212014, 0.3673770283, 0.497592747017, 0.701980250314, 0.400865985922, 273.508029153, 330.11399231, 23.2799584196, 74.0383249864, 225.780718444, 466.251889979, 192.460729545, 64.4060845877
0.00356623462329, 0.217942007468, 0.0459722867105, 0.42232552692, 0.513459559296, 0.401321257198, 0.0752593280435, 0.536814775181, 0.904989940853, 0.984934404239, 0.075709220881, 0.273101985506, 0.387197860766, 0.410900576546, 0.657689200434, 0.859601070148, 0.862551728804, 456.468013843, 54.2151065683, 335.434223136, 593.635917471, 642.687351453, 75.4986873234, 372.913229599, 6.22297118813
0.000227846501758, 0.275421483416, 0.551953323437, 0.304389759008, 0.404808096985, 0.264370719698, 0.416337523448, 0.931732392685, 0.669619396755, 0.936233939714, 0.352784640051, 0.916353163336, 0.901508432147, 0.3673770283, 0.311430248961, 0.309801831204, 0.0622610096398, 351.238200882, 269.22614693, 195.126834013, 357.010374979, 311.541293343, 797.704243041, 483.19733224, 0.412479558831
0.00317528294991, 0.196415599403, 0.377722242084, 0.581004469391, 0.904822720198, 0.818383145207, 0.876941612587, 0.286677634678, 0.253457215388, 0.379359079686, 0.963102026803, 0.962689966631, 0.47587677122, 0.722229801482, 0.657689200434, 0.634956252717, 0.225866866935, 5.22895321021, 26.7132602863, 92.8121159174, 642.120765995, 839.888528734, 715.952819275, 408.102698465, 6.70334552743
0.011451818512, 0.389719861612, 0.593069827654, 0.440047478085, 0.576888204657, 0.995173371278, 0.0559766053196, 0.678257281486, 0.03298426421, 0.398547152476, 0.749091621423, 0.530600095762, 0.656469994961, 0.233989423615, 0.550890028666, 0.110436979517, 0.52935881282, 2.30168186194, 0.202905105225, 304.757360484, 388.961320811, 408.849363161, 862.833495445, 754.877482131, 23.6329472329
0.00356623462329, 0.217942007468, 0.265138386991, 0.913265498492, 0.513459559296, 0.401321257198, 0.00449927332369, 0.536814775181, 0.904989940853, 0.984934404239, 0.749091621423, 0.95852612857, 0.387197860766, 0.561288541434, 0.883968271159, 0.110436979517, 0.258590922096, 76.2041526489, 0.538577396891, 55.60895275, 98.4141432461, 994.42361433, 444.002929806, 391.136766419, 6.52707556302
0.0964914543367, 0.687356367944, 0.393147161948, 0.326923782252, 0.0430738798174, 0.865084304136, 0.244524091774, 0.267557756333, 0.209357265782, 0.608234585457, 0.618692841777, 0.484672503289, 0.598783144298, 0.517325676909, 0.153031256615, 0.439293467824, 0.106981494533, 49.2998608486, 19.9256117974, 247.143228034, 17.1305959074, 142.906385344, 206.604061964, 667.168907663, 115.56084921
0.011451818512, 0.389719861612, 0.382476214306, 0.440047478085, 0.576888204657, 0.995173371278, 0.0559766053196, 0.678257281486, 0.659814912728, 0.398547152476, 0.660043832032, 0.530600095762, 0.656469994961, 0.233989423615, 0.550890028666, 0.110436979517, 0.52935881282, 3.16204041723, 0.278750141013, 418.674321259, 534.353351557, 561.675456652, 603.808085576, 749.990264429, 23.4799431219
0.0341930667806, 0.159778286053, 0.23824620556, 0.42232552692, 0.98249812857, 0.836061721743, 0.559526311513, 0.00896912917684, 0.151709972451, 0.883174107477, 0.133376065191, 0.967263459175, 0.912280619203, 0.995911841513, 0.21954199267, 0.453507263745, 0.4594720689, 3.73266575634, 4.50518838002, 22.2151339277, 835.404678513, 653.154817494, 416.576129489, 292.163874886, 63.2460969802
0.149040749934, 0.0526944852542, 0.0383445403824, 0.261878599801, 0.689772617297, 0.82917151072, 0.697873706719, 0.33481391768, 0.492159383484, 0.213845646586, 0.863446094589, 0.769108697202, 0.224630303031, 0.656527441368, 0.114551875314, 0.0879856264373, 0.317844375524, 50.1839034113, 97.6835180743, 399.392473658, 781.642541092, 385.90937068, 58.2012794034, 80.2140036885, 231.37877453
0.00822428681387, 0.275421483416, 0.2984998993, 0.69504153558, 0.84968924472, 0.294565367676, 0.197652619761, 0.510284890624, 0.679510245465, 0.35754002166, 0.929722658952, 0.703816215031, 0.230826129641, 0.217857226388, 0.17379160153, 0.110436979517, 0.489934669696, 61.2486743972, 19.6515162532, 32.0860403661, 298.769676694, 591.663042253, 337.726692557, 345.140268597, 10.6353934518
0.149300037645, 0.029789168548, 0.0709858079518, 0.985824811991, 0.114031793436, 0.0152404333326, 0.488099734509, 0.970680035763, 0.913762749939, 0.112309048822, 0.160606229506, 0.318918848478, 0.351448727394, 0.936764845684, 0.183032231748, 0.428084777907, 0.489934669696, 16.6138158971, 16.0040230855, 0.552352388998, 4.17797768713, 1052.9909084, 117.931229434, 49.6287262752, 253.488905449
0.0728393956661, 0.459736450276, 0.0525337575001, 0.0462084807973, 0.226207122566, 0.51551815299, 0.231574037278, 0.407505198905, 0.4779976473, 0.424159531455, 0.0132793171979, 0.976581097646, 0.11904475505, 0.991681776302, 0.294273957145, 0.28072368863, 0.269241939729, 311.267067302, 118.498340864, 349.706438267, 179.204211316, 37.4545638242, 42.7159704657, 456.502562369, 79.3648240455
0.921198148221, 0.83132905108, 0.986164471445, 0.0043080197356, 0.843607874741, 0.353913605986, 0.488099734509, 0.530035252848, 0.780263990765, 0.3342937428, 0.68054018692, 0.230468629623, 0.151025268232, 0.936764845684, 0.690941395574, 0.541881915041, 0.0169972349283, 0.131279118769, 0.126460655423, 0.113249399291, 0.855909041674, 0.00597132041352, 40.5968292234, 149.65892265, 1246.36479814
0.00317528294991, 0.217942007468, 0.377722242084, 0.708447265988, 0.904822720198, 0.793242735609, 0.876941612587, 0.328493623703, 0.253457215388, 0.379359079686, 0.075709220881, 0.962689966631, 0.47587677122, 0.835335629405, 0.657689200434, 0.634956252717, 0.225866866935, 4.53745496282, 23.1805890369, 70.1538799874, 491.433111496, 1008.22420821, 758.042732459, 483.164551322, 7.17887912419
0.168241722209, 0.446757966253, 0.775655507036, 0.00790480998871, 0.471554662083, 0.476905012009, 0.496437361813, 0.365828244694, 0.00326847725976, 0.921630214578, 0.794327389069, 0.508747477334, 0.763311880451, 0.0152208739531, 0.408306140756, 0.520472954191, 0.248497002745, 82.3500719194, 81.4335001682, 107.702107906, 144.616659018, 2.66113016395, 582.791421061, 524.896570948, 220.021114199
0.00356623462329, 0.217942007468, 0.0459722867105, 0.527515377823, 0.513459559296, 0.51551815299, 0.0752593280435, 0.884515916468, 0.988201493468, 0.984934404239, 0.075709220881, 0.616086007685, 0.387197860766, 0.561288541434, 0.657689200434, 0.859601070148, 0.862551728804, 335.405353557, 39.8363881701, 354.644125977, 510.910471569, 771.71593568, 75.7464867064, 374.137193505, 6.24339602565
0.221126668363, 0.642996344315, 0.119006185191, 0.0534159789428, 0.370044369163, 0.0470222172456, 0.115675663696, 0.198847115007, 0.814626405198, 0.413937727404, 0.45286333586, 0.703816215031, 0.967290066853, 0.497333103855, 0.128456020809, 0.376142680764, 0.903501483954, 289.044070281, 53.1058854944, 21.7463793644, 193.601672938, 29.6540864339, 66.9257097283, 573.390998308, 245.123478751
0.11252487887, 0.15225151409, 0.382476214306, 0.177457825663, 0.694805137682, 0.972833452925, 0.963221314906, 0.817522757593, 0.648870093966, 0.575754606814, 0.635895122249, 0.703816215031, 0.902035757429, 0.233188550159, 0.128456020809, 0.110436979517, 0.880534039983, 0.827847976256, 14.3136691545, 335.782515335, 646.514030132, 208.541755745, 519.395153495, 224.024536601, 168.922066871
0.11252487887, 0.15225151409, 0.466609800958, 0.0534159789428, 0.694805137682, 0.972833452925, 0.963221314906, 0.817522757593, 0.648870093966, 0.575754606814, 0.635895122249, 0.703816215031, 0.902035757429, 0.233188550159, 0.128456020809, 0.110436979517, 0.880534039983, 0.773088589925, 13.3668676142, 313.57162033, 603.749280372, 57.2284011644, 614.737447403, 224.024536601, 168.922066871
0.0972167283574, 0.757939019009, 0.710773944278, 0.989765527297, 0.692390028603, 0.654509360667, 0.989788043797, 0.291673359534, 0.946694945298, 0.969990891071, 0.133340109067, 0.875847672253, 0.395307031688, 0.971973116071, 0.563156715258, 0.587742886412, 0.870068603768, 0.0114512033616, 0.713813989406, 1.1837281194, 2.63466368728, 185.05718334, 378.9629574, 1055.2100477, 174.893992353
0.921198148221, 0.83132905108, 0.986164471445, 0.0043080197356, 0.843607874741, 0.353913605986, 0.375098380427, 0.530035252848, 0.780263990765, 0.280795736453, 0.68054018692, 0.230468629623, 0.151025268232, 0.936764845684, 0.690941395574, 0.541881915041, 0.0169972349283, 0.140844605171, 0.0941408426876, 0.105252462848, 0.795470308663, 0.00554966458022, 37.7301450279, 139.090982334, 1158.35461762
0.435167398517, 0.536859397648, 0.0052782916824, 0.786636363459, 0.34519136198, 0.944504778083, 0.160454796475, 0.501960942154, 0.425194482751, 0.519190718397, 0.914798411095, 0.819003525647, 0.891419949682, 0.358804904112, 0.666782267336, 0.858042739987, 0.470887993038, 12.1653137825, 3.13278713266, 143.743660834, 86.9296786883, 483.660447138, 4.24644863658, 575.202078719, 627.363230356
0.221126668363, 0.642996344315, 0.19291996843, 0.0534159789428, 0.370044369163, 0.509601022903, 0.0907791356785, 0.198847115007, 0.467684992832, 0.413937727404, 0.633319463989, 0.703816215031, 0.902035757429, 0.497333103855, 0.128456020809, 0.375874391684, 0.903501483954, 169.519030945, 24.3378382927, 176.50225637, 161.571038549, 24.7479346105, 92.3296365493, 492.636438986, 210.601069846
0.168241722209, 0.0699179385169, 0.775655507036, 0.00790480998871, 0.471554662083, 0.476905012009, 0.496437361813, 0.430296990038, 0.00326847725976, 0.921630214578, 0.794327389069, 0.508747477334, 0.763311880451, 0.0152208739531, 0.408306140756, 0.520472954191, 0.248497002745, 104.236563201, 103.076390696, 136.326506049, 183.051977567, 3.36838883144, 737.682109786, 86.6707767169, 213.978290523
0.108775173439, 0.862050912029, 0.702715720365, 0.492994895063, 0.802335761758, 0.647342081466, 0.457410842772, 0.408415506462, 0.922604419819, 0.995894701592, 0.114371339577, 0.0765474907322, 0.955987073763, 0.754088699278, 0.813670164039, 0.898868664746, 0.594112051299, 6.53950769009, 5.71825164318, 14.0439061477, 51.4649862756, 52.8728422797, 149.971182843, 762.915425268, 134.790180782
0.0964914543367, 0.738341745588, 0.734153304122, 0.332310350492, 0.0430738798174, 0.865084304136, 0.962317145025, 0.679473474081, 0.0519540743281, 0.608234585457, 0.697724589812, 0.484672503289, 0.708629199534, 0.517325676909, 0.153031256615, 0.572518250599, 0.161610647259, 1.62474583245, 27.4166335673, 127.650440324, 8.84801953907, 75.2783053201, 340.278770387, 854.150249956, 142.315212356
0.980725870528, 0.423078592649, 0.0052782916824, 0.786636363459, 0.34519136198, 0.923717470831, 0.160454796475, 0.501960942154, 0.425194482751, 0.519190718397, 0.914798411095, 0.819003525647, 0.891419949682, 0.358804904112, 0.666782267336, 0.858042739987, 0.474115671274, 0.756408170404, 0.194788710398, 6.48736911266, 3.93659800045, 21.9024938068, 0.192299815943, 18.171224522, 972.899836158
0.00356623462329, 0.0310194710453, 0.560581661772, 0.891699571436, 0.102251794561, 0.0424062438315, 0.0752593280435, 0.536814775181, 0.904989940853, 0.202768130263, 0.075709220881, 0.0150229055373, 0.12767873583, 0.0214480418064, 0.657689200434, 0.80833571, 0.00686498447978, 90.3066151827, 10.725795932, 6.06672120761, 14.7663662415, 537.506408534, 660.477789922, 41.7684444208, 4.80396935959
0.0368348420182, 0.494504491413, 0.906389487715, 0.260752979281, 0.238013945863, 0.737917389012, 0.734185128247, 0.483780812834, 0.0610111518935, 0.927895317667, 0.144734248011, 0.274462740469, 0.98699777937, 0.00364829032611, 0.254054391193, 0.791068378854, 0.492787531815, 14.6884860102, 33.1100348539, 82.958238199, 35.5136308558, 42.2154471776, 715.720710157, 711.143705864, 58.7648454631
0.447852959068, 0.2579077717, 0.00132023901287, 0.985824811991, 0.1642696191, 0.155414163238, 0.488099734509, 0.897896593924, 0.209357265782, 0.112309048822, 0.403020010388, 0.807831066207, 0.351448727394, 0.936764845684, 0.153031256615, 0.459845431051, 0.489934669696, 9.59445215329, 9.24229777825, 3.31838543227, 3.62332346288, 637.587173651, 1.32257497684, 273.492715182, 588.624229001
0.0373735711631, 0.265410857061, 0.191426283481, 0.836163210892, 0.180229156787, 0.043172935192, 0.972591871157, 0.344600600949, 0.0221622865763, 0.75538134371, 0.682141734766, 0.0425282156262, 0.285367743984, 0.720623676293, 0.0421096998261, 0.376142680764, 0.0867060503886, 11.4242308412, 265.191295176, 18.0285092781, 77.3981818816, 1052.76741798, 337.574600221, 504.761324366, 73.2631973374
0.0728393956661, 0.0742810078859, 0.931227001778, 0.0462084807973, 0.226207122566, 0.760559827431, 0.231574037278, 0.407505198905, 0.65889381766, 0.424159531455, 0.157475501516, 0.991318078812, 0.11904475505, 0.991681776302, 0.294273957145, 0.28072368863, 0.269241939729, 29.7560719049, 11.3280379512, 80.6242482506, 32.1660724274, 6.72286774879, 854.796107576, 100.780483652, 99.4836686929
0.011451818512, 0.816128285274, 0.855452595772, 0.265723968365, 0.636389708405, 0.836061721743, 0.0559766053196, 0.678257281486, 0.803642977471, 0.0902315075753, 0.692003939036, 0.967263459175, 0.656469994961, 0.217857226388, 0.726955151384, 0.110436979517, 0.52935881282, 6.86901134745, 0.605538712057, 26.1832643264, 42.134974292, 22.2103027782, 237.139577017, 819.11436394, 15.3729678876
0.011451818512, 0.816128285274, 0.855452595772, 0.265723968365, 0.0832743367925, 0.995173371278, 0.0559766053196, 0.678257281486, 0.659814912728, 0.0902315075753, 0.692003939036, 0.332214138238, 0.656469994961, 0.217857226388, 0.726955151384, 0.110436979517, 0.52935881282, 0.441000884853, 0.0388764982794, 58.3913302102, 7.68208030988, 26.1178284443, 278.860259212, 963.22362857, 18.0775805705
0.011451818512, 0.816128285274, 0.855452595772, 0.265723968365, 0.0832743367925, 0.996752201349, 0.0559766053196, 0.678257281486, 0.659814912728, 0.0902315075753, 0.692003939036, 0.332214138238, 0.656469994961, 0.217857226388, 0.726955151384, 0.110436979517, 0.162357525451, 0.313166939193, 0.0276072778782, 61.6231884294, 8.10714254079, 27.5629711631, 294.290059358, 1016.52038777, 19.0778430537
0.312792515689, 0.0742810078859, 0.330076926474, 0.261878599801, 0.689772617297, 0.82917151072, 0.86894371204, 0.203951923642, 0.492159383484, 0.213845646586, 0.863446094589, 0.882981953222, 0.224630303031, 0.656527441368, 0.0501474728643, 0.0879856264373, 0.317844375524, 16.59952437, 79.491638549, 295.329688965, 577.983471817, 285.359644782, 407.178183481, 96.307453491, 442.674722779
0.0728393956661, 0.772873900877, 0.0525337575001, 0.0462084807973, 0.226207122566, 0.51551815299, 0.231574037278, 0.491875153126, 0.4779976473, 0.424159531455, 0.00963262446127, 0.976581097646, 0.11904475505, 0.991681776302, 0.294273957145, 0.272078713522, 0.269241939729, 153.229023483, 58.3337813808, 172.151768274, 88.2177692042, 18.4379487671, 21.0280081936, 684.466179118, 83.9432048089
0.0964914543367, 0.378070736357, 0.734153304122, 0.326923782252, 0.0430738798174, 0.996617666523, 0.244524091774, 0.811317173797, 0.0519540743281, 0.608234585457, 0.697724589812, 0.484672503289, 0.598783144298, 0.517325676909, 0.153031256615, 0.572518250599, 0.188710134983, 1.0402587647, 0.420443221494, 211.182094145, 14.3106882387, 119.38222926, 547.717010633, 404.572074919, 110.430860672
0.168241722209, 0.615813287157, 0.775655507036, 0.00790480998871, 0.471554662083, 0.476905012009, 0.705648944178, 0.434360264807, 0.00326847725976, 0.921630214578, 0.794327389069, 0.508747477334, 0.891419949682, 0.0152208739531, 0.408306140756, 0.520472954191, 0.248497002745, 31.7889719197, 63.7822433281, 66.2733479193, 88.9883247815, 1.63749817569, 358.614509625, 554.358726692, 182.192272641
0.753689463118, 0.156328668403, 0.0052782916824, 0.786636363459, 0.34519136198, 0.923717470831, 0.160454796475, 0.501960942154, 0.425194482751, 0.519190718397, 0.914798411095, 0.819003525647, 0.891419949682, 0.358804904112, 0.666782267336, 0.858042739987, 0.474115671274, 11.6181812784, 2.99189067086, 99.643860709, 60.4648534733, 336.415117464, 2.95366206878, 89.2822816574, 901.397926248
0.308314917358, 0.883689667931, 0.973938374437, 0.154037406605, 0.189238783117, 0.119828682486, 0.176182423944, 0.528671202041, 0.00326847725976, 0.815916296181, 0.0659516586818, 0.0249005119622, 0.212381530644, 0.232535964109, 0.806225122985, 0.196466155041, 0.6309326717, 4.95174446217, 1.40647023818, 0.980524338901, 1.60522990093, 1.35257398903, 137.815107105, 746.539063818, 399.392821023
0.312792515689, 0.114372588981, 0.0383445403824, 0.261878599801, 0.689772617297, 0.82917151072, 0.86894371204, 0.33481391768, 0.492159383484, 0.213845646586, 0.863446094589, 0.769108697202, 0.224630303031, 0.656527441368, 0.114551875314, 0.0879856264373, 0.317844375524, 20.0893599877, 96.203728928, 357.418941919, 699.497032172, 345.352824708, 52.0847063344, 157.144520423, 470.579250018
0.418288543511, 0.883689667931, 0.48904927909, 0.475939301971, 0.46278696986, 0.332676028391, 0.176182423944, 0.528671202041, 0.883975057021, 0.29873668853, 0.526710853895, 0.490501427416, 0.212381530644, 0.128718310894, 0.806225122985, 0.501068378489, 0.991572300587, 25.8333109755, 7.33757230779, 15.4678888109, 27.5644920987, 38.4536420734, 54.6460969615, 425.663386999, 333.906614668
0.0728393956661, 0.0742810078859, 0.0525337575001, 0.0462084807973, 0.226207122566, 0.51551815299, 0.231574037278, 0.407505198905, 0.4779976473, 0.405139599849, 0.0132793171979, 0.991318078812, 0.772432163676, 0.991681776302, 0.0922035998085, 0.28072368863, 0.269241939729, 352.671005471, 134.260682897, 396.223481887, 203.041490824, 42.4366727835, 48.3979380934, 68.8234344132, 67.9378337886
0.0222386494173, 0.288915517576, 0.170457211081, 0.955704707001, 0.00879108116236, 0.804630069811, 0.706129583111, 0.123748546777, 0.751234683125, 0.593812611931, 0.700783028187, 0.576072142125, 0.912010583116, 0.720994946247, 0.260584600663, 0.506453456202, 0.0476682147638, 7.74300750116, 15.5652017115, 54.8591824641, 0.794729204885, 825.832027488, 227.109212324, 418.72517179, 33.3775805547
0.103535508394, 0.803764672631, 0.522946844954, 0.0635481654973, 0.109392882818, 0.0983884095272, 0.730980220135, 0.00656524060323, 0.254918168105, 0.183439304494, 0.385169805266, 0.507316389125, 0.796148531499, 0.688436636234, 0.219806783168, 0.723858730417, 0.0318589843769, 58.6822187782, 130.502090153, 22.2918709003, 25.1319415806, 14.720588344, 158.76656063, 681.092069238, 117.283087261
0.045302678954, 0.275421483416, 0.265138386991, 0.261878599801, 0.689772617297, 0.82917151072, 0.86894371204, 0.33481391768, 0.667102785846, 0.213845646586, 0.863446094589, 0.775647469467, 0.224630303031, 0.656527441368, 0.114551875314, 0.0879856264373, 0.317844375524, 21.1124727111, 101.103201045, 375.621605781, 735.121079629, 362.940984273, 401.5183327, 458.357175732, 77.928691701
0.168241722209, 0.0699179385169, 0.775655507036, 0.521398254558, 0.39890645535, 0.476905012009, 0.496437361813, 0.430296990038, 0.00326847725976, 0.921630214578, 0.794327389069, 0.508747477334, 0.763311880451, 0.0152208739531, 0.408306140756, 0.287826835582, 0.248497002745, 74.3630269818, 73.5353525393, 97.2561962552, 103.386701382, 188.578390017, 701.99899885, 82.4783435544, 203.6277466
0.00356623462329, 0.0310194710453, 0.560581661772, 0.891699571436, 0.102251794561, 0.401321257198, 0.0752593280435, 0.536814775181, 0.904989940853, 0.987813357149, 0.075709220881, 0.0150229055373, 0.12767873583, 0.0214480418064, 0.657689200434, 0.80833571, 0.00686498447978, 76.6378068536, 9.10233957194, 56.3170746365, 15.4785963045, 563.43209783, 692.334790502, 43.7830728889, 5.03568048903
0.333875736941, 0.15225151409, 0.466609800958, 0.847321446274, 0.726403439756, 0.972833452925, 0.963221314906, 0.811939906494, 0.902887829567, 0.575754606814, 0.635895122249, 0.205322769883, 0.902035757429, 0.233188550159, 0.525634543113, 0.110436979517, 0.880534039983, 0.110354260147, 1.90804883849, 44.7606711774, 97.7480666772, 439.719605048, 407.517717476, 148.508876757, 362.670538832
0.00356623462329, 0.936829482849, 0.693807331971, 0.527515377823, 0.665610348578, 0.401321257198, 0.643500201597, 0.328493623703, 0.904989940853, 0.984934404239, 0.075709220881, 0.616086007685, 0.0809254505256, 0.561288541434, 0.000708448405007, 0.980568186287, 0.862551728804, 6.18995432189, 9.87338076385, 8.50361930156, 24.891167869, 31.370370943, 81.5672388148, 924.166860956, 5.20267043517
0.0964914543367, 0.378070736357, 0.734153304122, 0.326923782252, 0.46278696986, 0.996617666523, 0.244524091774, 0.811317173797, 0.0519540743281, 0.608234585457, 0.526710853895, 0.484672503289, 0.598783144298, 0.517325676909, 0.153031256615, 0.572518250599, 0.188710134983, 0.891846698262, 0.36045925458, 181.053080047, 161.036163666, 136.663228424, 627.000981633, 463.135311103, 126.41611763
0.166721711146, 0.0552622673215, 0.734153304122, 0.939932011162, 0.834190192878, 0.156015127341, 0.993384901609, 0.788209821651, 0.71847919572, 0.0902315075753, 0.697724589812, 0.717977135592, 0.655388885417, 0.975525976054, 0.0668033413679, 0.0949333335699, 0.492787531815, 0.0685354822527, 6.59543822441, 1.64957458787, 25.5112917179, 278.983168721, 631.594197239, 60.1313129951, 185.908950569
0.149300037645, 0.2579077717, 0.0709858079518, 0.985824811991, 0.1642696191, 0.155414163238, 0.488099734509, 0.897896593924, 0.913762749939, 0.112309048822, 0.403020010388, 0.807831066207, 0.351448727394, 0.936764845684, 0.183032231748, 0.459845431051, 0.489934669696, 10.5366886658, 10.1499504808, 3.64427208707, 3.97915698092, 700.202308452, 78.4201633929, 302.227683948, 183.206466073
0.0368348420182, 0.494504491413, 0.918130291641, 0.0894129777762, 0.98652446164, 0.737917389012, 0.988302179816, 0.483780812834, 0.193223285027, 0.0940538507864, 0.144734248011, 0.274462740469, 0.989791586129, 0.00364829032611, 0.254054391193, 0.791068378854, 0.492787531815, 0.0100432736239, 0.546514381647, 1.2518814687, 64.5243034507, 9.12451779066, 504.047781063, 499.544915796, 41.2795325847
0.753689463118, 0.156328668403, 0.0052782916824, 0.786636363459, 0.508069660115, 0.923717470831, 0.160454796475, 0.501960942154, 0.128604369062, 0.519190718397, 0.914798411095, 0.819003525647, 0.891419949682, 0.358804904112, 0.610046590777, 0.858042739987, 0.474115671274, 8.52307039461, 2.19484394241, 73.098501294, 75.5170413392, 302.818817636, 2.65869281413, 80.366052427, 811.379275414
0.312792515689, 0.0742810078859, 0.0149211513043, 0.261878599801, 0.689772617297, 0.82917151072, 0.853853895679, 0.33481391768, 0.492159383484, 0.213845646586, 0.863446094589, 0.769108697202, 0.224630303031, 0.656527441368, 0.114551875314, 0.0879856264373, 0.317844375524, 22.6099027608, 96.7536097547, 361.351792461, 707.193930571, 349.152906026, 20.4698931155, 102.378308276, 470.579250018
0.168241722209, 0.0699179385169, 0.775655507036, 0.401737942023, 0.39890645535, 0.0938362191666, 0.496437361813, 0.430296990038, 0.00326847725976, 0.921630214578, 0.794327389069, 0.508747477334, 0.763311880451, 0.0152208739531, 0.408306140756, 0.287826835582, 0.248497002745, 118.754113535, 117.43235797, 24.7969581268, 122.228681773, 152.312365909, 701.99899885, 82.4783435544, 203.6277466
0.045302678954, 0.275421483416, 0.265138386991, 0.261878599801, 0.689772617297, 0.82917151072, 0.86894371204, 0.33481391768, 0.667102785846, 0.213845646586, 0.863446094589, 0.775647469467, 0.224630303031, 0.656527441368, 0.114551875314, 0.0879856264373, 0.317844375524, 21.1124727111, 101.103201045, 375.621605781, 735.121079629, 362.940984273, 401.5183327, 458.357175732, 77.928691701
0.333875736941, 0.15225151409, 0.466609800958, 0.847321446274, 0.603101412224, 0.984552601668, 0.416337523448, 0.85985713117, 0.097537352719, 0.575754606814, 0.209833187484, 0.556121848352, 0.582066567989, 0.567257968852, 0.685958270938, 0.810731862085, 0.726803890102, 1.53779606765, 1.17872973104, 79.8361198416, 111.051039551, 559.368142233, 518.404060075, 188.918423338, 461.353879199
0.00822428681387, 0.188134305013, 0.269988604337, 0.37582394131, 0.84968924472, 0.443039801632, 0.197652619761, 0.510284890624, 0.311003751112, 0.35754002166, 0.929722658952, 0.703816215031, 0.230826129641, 0.217857226388, 0.17379160153, 0.110436979517, 0.94139383854, 118.907513565, 38.1512409608, 104.316417135, 676.305543599, 466.091417853, 378.046984093, 279.687251236, 12.4070040915
0.0341930667806, 0.159778286053, 0.23824620556, 0.42232552692, 0.98249812857, 0.836061721743, 0.559526311513, 0.00896912917684, 0.151709972451, 0.883174107477, 0.133376065191, 0.967263459175, 0.912280619203, 0.995911841513, 0.21954199267, 0.453507263745, 0.4594720689, 3.73266575634, 4.50518838002, 22.2151339277, 835.404678513, 653.154817494, 416.576129489, 292.163874886, 63.2460969802
0.333875736941, 0.15225151409, 0.466609800958, 0.847321446274, 0.603101412224, 0.984552601668, 0.963221314906, 0.811939906494, 0.097537352719, 0.575754606814, 0.209833187484, 0.556121848352, 0.2206332795, 0.567257968852, 0.685958270938, 0.810731862085, 0.880534039983, 0.0911291461319, 1.57564249171, 65.0312896134, 90.4577067273, 455.638772654, 422.271080237, 153.885343198, 375.800299313
0.174403650293, 0.159778286053, 0.23824620556, 0.42232552692, 0.98249812857, 0.836061721743, 0.559526311513, 0.00896912917684, 0.902887829567, 0.883174107477, 0.133376065191, 0.967263459175, 0.912280619203, 0.995911841513, 0.21954199267, 0.453507263745, 0.4594720689, 3.00704173252, 3.62938724116, 17.8965487871, 673.003396451, 526.182605734, 335.594421766, 235.367702835, 266.325451551
0.149300037645, 0.029789168548, 0.0709858079518, 0.985824811991, 0.114031793436, 0.155414163238, 0.488099734509, 0.897896593924, 0.913762749939, 0.112309048822, 0.403020010388, 0.318918848478, 0.351448727394, 0.936764845684, 0.183032231748, 0.459845431051, 0.489934669696, 12.314882575, 11.8628776343, 4.25928716764, 3.19061484344, 804.14226067, 90.0610676539, 37.9001906119, 193.583002337
