0.0728393956661, 0.0742810078859, 0.0525337575001, 0.0462084807973, 0.226207122566, 0.0345370001537, 0.231574037278, 0.407505198905, 0.4779976473, 0.424159531455, 0.157475501516, 0.991318078812, 0.114357573488, 0.991681776302, 0.294273957145, 0.28072368863, 0.269241939729, 635.241889783, 241.834482007, 36.9113078836, 252.598010401, 52.794229739, 60.2104664435, 85.6212320505, 84.5194820835
0.980725870528, 0.844405414245, 0.992191697111, 0.114543563768, 0.959158818672, 0.00377400122019, 0.00804121741766, 0.509743524292, 0.17618996839, 0.136545489098, 0.00503517570974, 0.977250975653, 0.752081430376, 0.211115892175, 0.996619970049, 0.780175716158, 0.321466640168, 0.00487923134067, 6.16334089185e-05, 2.89276434894e-05, 0.0759589832958, 0.0138447845034, 6.30729414043, 25.2924719978, 860.728983049
0.000227846501758, 0.275421483416, 0.551953323437, 0.69504153558, 0.404808096985, 0.264370719698, 0.416337523448, 0.407505198905, 0.669619396755, 0.936233939714, 0.880563940082, 0.916353163336, 0.768065514113, 0.018346072037, 0.497592747017, 0.65469995519, 0.0622610096398, 174.145593735, 133.483621908, 96.7448252427, 177.007465487, 573.868550012, 761.85516929, 461.482295683, 0.393942600736
0.886597627207, 0.820469917449, 0.992191697111, 0.599054592327, 0.00771027515358, 0.975579724717, 0.598471589292, 0.33030059669, 0.0938342853606, 0.487275415137, 0.399852740675, 0.802509716392, 0.0107531715073, 0.211115892175, 0.219806783168, 0.591416551372, 0.0318589843769, 0.00430451987165, 0.00589484966113, 0.190191465839, 0.00230526900455, 0.261171517942, 26.3474855031, 90.9459789622, 525.916203306
0.00356623462329, 0.217942007468, 0.775655507036, 0.527515377823, 0.665610348578, 0.401321257198, 0.0270578063458, 0.328493623703, 0.904989940853, 0.263889730316, 0.075709220881, 0.616086007685, 0.387197860766, 0.561288541434, 0.657689200434, 0.859601070148, 0.862551728804, 111.760032283, 4.75292104455, 81.627055967, 238.932703908, 301.127194652, 1111.041741, 421.872385755, 7.03997469986
0.174403650293, 0.932538315308, 0.23824620556, 0.0382393756309, 0.95292799497, 0.89129402515, 0.382879075307, 0.00896912917684, 0.644642748442, 0.758002273396, 0.0312172240254, 0.967263459175, 0.875914522648, 0.995911841513, 0.21954199267, 0.453507263745, 0.76259340543, 1.31747033856, 0.904088828552, 9.26640168003, 126.940002831, 7.65491177852, 50.0819367863, 1287.99272476, 363.99115206
0.886597627207, 0.893100139451, 0.710773944278, 0.999857959964, 0.643050556456, 0.856283645326, 0.989788043797, 0.291673359534, 0.98941006711, 0.991826415186, 0.133340109067, 0.875847672253, 0.651791823203, 0.915691824211, 0.563156715258, 0.587742886412, 0.870068603768, 5.4167284158e-06, 0.000337653292665, 0.00147039557809, 0.00240266363886, 12.7156178781, 26.0358744701, 170.93000499, 962.942160089
0.174403650293, 0.159778286053, 0.23824620556, 0.0382393756309, 0.95292799497, 0.89129402515, 0.382879075307, 0.00896912917684, 0.0742123763893, 0.758002273396, 0.0312172240254, 0.967263459175, 0.875914522648, 0.995911841513, 0.21954199267, 0.453507263745, 0.76259340543, 11.4074222782, 7.82812541765, 80.233879936, 1099.1201653, 66.2806657608, 433.638454476, 304.130463056, 344.132529349
0.980725870528, 0.921701055728, 0.0052782916824, 0.786636363459, 0.717657338074, 0.923717470831, 0.160454796475, 0.291673359534, 0.425194482751, 0.519190718397, 0.861353026465, 0.819003525647, 0.891419949682, 0.0567018788231, 0.666782267336, 0.858042739987, 0.00618107157722, 0.0650192908752, 0.0167436369888, 0.557640908513, 1.18229330422, 3.75814903281, 0.0329958484944, 32.1941984279, 1071.13284518
0.997537937087, 0.00492030045794, 0.0052782916824, 0.885072722103, 0.2165072521, 0.0345370001537, 0.740335679809, 0.530162889875, 0.645892185143, 0.139650778455, 0.861353026465, 0.229506841555, 0.0119317425744, 0.900834280364, 0.457762234652, 0.376142680764, 0.839744199628, 0.360244246436, 0.833681113103, 0.0493179709162, 0.321822753888, 5.2860541237, 0.0445523331192, 0.0415319491102, 1389.48527147
0.0373735711631, 0.265410857061, 0.191426283481, 0.836163210892, 0.180229156787, 0.03094377853, 0.981591625328, 0.344600600949, 0.0221622865763, 0.75538134371, 0.682141734766, 0.0425282156262, 0.539330323051, 0.991681776302, 0.0423537755777, 0.376142680764, 0.0706390203901, 8.85529743429, 306.15881334, 14.899228525, 89.2094865784, 1213.42437976, 389.089976476, 581.790133781, 84.4434851138
0.997537937087, 0.00492030045794, 0.207496307506, 0.885072722103, 0.2165072521, 0.0345370001537, 0.740335679809, 0.467559372284, 0.308376389187, 0.139650778455, 0.914798411095, 0.229506841555, 0.0119317425744, 0.900834280364, 0.856231799976, 0.376142680764, 0.839744199628, 0.271761766808, 0.628914006242, 0.0372045883985, 0.242777285303, 3.98770396006, 1.3700632249, 0.033071001092, 1106.41734652
0.0728393956661, 0.0742810078859, 0.0525337575001, 0.0462084807973, 0.226207122566, 0.0689704674692, 0.853416379406, 0.806523744753, 0.550242772866, 0.424159531455, 0.157475501516, 0.991318078812, 0.11904475505, 0.991681776302, 0.294273957145, 0.28072368863, 0.269241939729, 185.720028569, 792.286255096, 88.5084099599, 303.747928229, 63.4848147863, 72.4028047999, 102.95913181, 101.634282618
0.907669508064, 0.996744048901, 0.168900992345, 0.00148028224086, 0.0869818368128, 0.0982330676325, 0.989788043797, 0.687903400971, 0.211094397918, 0.419410081919, 0.205786728915, 0.89375822186, 0.991390923864, 0.592084159354, 0.868799511477, 0.901694394865, 0.782548886011, 0.00504275627037, 0.314341633565, 0.0488991670314, 0.0437432861449, 0.000746758572149, 0.0872627431289, 65.0702045038, 445.515430317
0.308314917358, 0.00492030045794, 0.207496307506, 0.012862608662, 0.161582986005, 0.760559827431, 0.740335679809, 0.467559372284, 0.645892185143, 0.300717744522, 0.783514309189, 0.96988105253, 0.530601101562, 0.900834280364, 0.457762234652, 0.376142680764, 0.780911581988, 125.902407194, 291.364706057, 803.733285638, 224.164396395, 18.0398202015, 301.796978432, 7.28486687467, 495.876200746
0.0581034802813, 0.17635777501, 0.483741904713, 0.304389759008, 0.108716440085, 0.0345370001537, 0.874251419562, 0.0544497948602, 0.836230806264, 0.882471577662, 0.880563940082, 0.57093089671, 0.180972212014, 0.3673770283, 0.497592747017, 0.701980250314, 0.400865985922, 106.794561149, 533.612494995, 29.5518576406, 93.9851352182, 286.608744275, 591.8657254, 244.311951869, 81.7578540569
0.00822428681387, 0.188134305013, 0.269988604337, 0.37582394131, 0.238013945863, 0.443039801632, 0.197652619761, 0.510284890624, 0.311003751112, 0.35754002166, 0.929722658952, 0.703816215031, 0.230826129641, 0.217857226388, 0.17379160153, 0.110436979517, 0.94139383854, 473.210660441, 151.828706113, 415.143157628, 254.050173539, 466.091417853, 378.046984093, 279.687251236, 12.4070040915
0.308314917358, 0.00492030045794, 0.207496307506, 0.012862608662, 0.404808096985, 0.760559827431, 0.740335679809, 0.467559372284, 0.645892185143, 0.300717744522, 0.783514309189, 0.96988105253, 0.530601101562, 0.900834280364, 0.457762234652, 0.376142680764, 0.780911581988, 104.648110665, 242.17778423, 668.050529735, 530.178142333, 18.0398202015, 301.796978432, 7.28486687467, 495.876200746
0.0341930667806, 0.159778286053, 0.23824620556, 0.316222981953, 0.98249812857, 0.82917151072, 0.559526311513, 0.000158410109403, 0.151709972451, 0.883174107477, 0.133376065191, 0.967263459175, 0.912280619203, 0.995911841513, 0.21954199267, 0.453507263745, 0.4594720689, 4.28213637989, 5.16837893336, 24.4095122763, 920.602669309, 499.204670382, 411.418743944, 288.546764739, 62.4630840247
0.00356623462329, 0.217942007468, 0.560581661772, 0.527515377823, 0.513459559296, 0.401321257198, 0.0752593280435, 0.536814775181, 0.904989940853, 0.984934404239, 0.075709220881, 0.616086007685, 0.387197860766, 0.561288541434, 0.657689200434, 0.859601070148, 0.259836608204, 269.715055095, 32.0342937765, 198.199341969, 350.763995135, 529.819175319, 870.603973685, 402.364292186, 6.71443434737
0.0373735711631, 0.158314636262, 0.191426283481, 0.869519841248, 0.180229156787, 0.043172935192, 0.972591871157, 0.344600600949, 0.0221622865763, 0.75538134371, 0.682141734766, 0.0425282156262, 0.285367743984, 0.720623676293, 0.0421096998261, 0.376142680764, 0.0867060503886, 9.6836626589, 224.787390788, 15.2817292051, 65.6059820719, 1129.82049972, 357.840654506, 306.801511296, 73.2631973374
0.00822428681387, 0.188134305013, 0.2632402892, 0.37582394131, 0.84968924472, 0.207450711007, 0.197652619761, 0.318850132007, 0.311003751112, 0.35754002166, 0.929722658952, 0.703816215031, 0.230826129641, 0.217857226388, 0.17379160153, 0.110436979517, 0.94139383854, 154.451610564, 49.555494306, 54.8111077391, 711.640160582, 490.443076485, 386.60838999, 292.914545174, 12.9937705218
0.00356623462329, 0.217942007468, 0.0459722867105, 0.14821143951, 0.513459559296, 0.51551815299, 0.0752593280435, 0.884515916468, 0.988201493468, 0.984934404239, 0.075709220881, 0.967263459175, 0.387197860766, 0.561288541434, 0.293172437433, 0.859601070148, 0.862551728804, 457.996390158, 54.3966331644, 484.266955687, 697.648827577, 229.144826921, 71.8473149762, 354.877882195, 5.92200721486
0.0972167283574, 0.757939019009, 0.710773944278, 0.989765527297, 0.692390028603, 0.654509360667, 0.989788043797, 0.291673359534, 0.946694945298, 0.969990891071, 0.133340109067, 0.875847672253, 0.395307031688, 0.971973116071, 0.563156715258, 0.587742886412, 0.870068603768, 0.0114512033616, 0.713813989406, 1.1837281194, 2.63466368728, 185.05718334, 378.9629574, 1055.2100477, 174.893992353
0.174403650293, 0.159778286053, 0.23824620556, 0.0382393756309, 0.501595335257, 0.836061721743, 0.559526311513, 0.00896912917684, 0.902887829567, 0.883174107477, 0.133376065191, 0.73140016075, 0.875914522648, 0.995911841513, 0.234846167423, 0.376142680764, 0.76259340543, 99.7945529612, 120.448304171, 593.931925333, 617.269876868, 52.3670247895, 342.609046462, 240.287379664, 271.89221002
0.0728393956661, 0.0742810078859, 0.931227001778, 0.0462084807973, 0.636389708405, 0.94521073879, 0.231574037278, 0.407505198905, 0.65889381766, 0.424159531455, 0.157475501516, 0.98540323459, 0.656469994961, 0.991681776302, 0.726955151384, 0.28072368863, 0.269241939729, 5.15443060414, 1.96227464725, 63.9264717804, 99.850045697, 8.6300861315, 1097.29423646, 129.37101945, 127.706309506
0.011451818512, 0.816128285274, 0.855452595772, 0.265723968365, 0.0832743367925, 0.995173371278, 0.0559766053196, 0.678257281486, 0.659814912728, 0.0902315075753, 0.692003939036, 0.332214138238, 0.656469994961, 0.217857226388, 0.726955151384, 0.110436979517, 0.52935881282, 0.441000884853, 0.0388764982794, 58.3913302102, 7.68208030988, 26.1178284443, 278.860259212, 963.22362857, 18.0775805705
0.000227846501758, 0.275421483416, 0.551953323437, 0.304389759008, 0.404808096985, 0.264370719698, 0.416337523448, 0.931732392685, 0.669619396755, 0.936233939714, 0.352784640051, 0.916353163336, 0.901508432147, 0.3673770283, 0.311430248961, 0.309801831204, 0.0622610096398, 351.238200882, 269.22614693, 195.126834013, 357.010374979, 311.541293343, 797.704243041, 483.19733224, 0.412479558831
0.00356623462329, 0.217942007468, 0.0459722867105, 0.42232552692, 0.513459559296, 0.797047288292, 0.0752593280435, 0.536814775181, 0.904989940853, 0.923884433409, 0.075709220881, 0.662453768483, 0.387197860766, 0.410900576546, 0.657689200434, 0.859601070148, 0.862551728804, 193.435704411, 22.9745283584, 590.189931149, 648.357451852, 701.93046152, 82.4581786421, 407.288481355, 6.79660651208
0.00356623462329, 0.217942007468, 0.265138386991, 0.913265498492, 0.513459559296, 0.401321257198, 0.00449927332369, 0.536814775181, 0.904989940853, 0.984934404239, 0.749091621423, 0.95852612857, 0.387197860766, 0.561288541434, 0.883968271159, 0.110436979517, 0.258590922096, 76.2041526489, 0.538577396891, 55.60895275, 98.4141432461, 994.42361433, 444.002929806, 391.136766419, 6.52707556302
0.174403650293, 0.138589473122, 0.23824620556, 0.42232552692, 0.00771027515358, 0.879000208821, 0.874251419562, 0.00740318973544, 0.902887829567, 0.883174107477, 0.133376065191, 0.994101189247, 0.912280619203, 0.995911841513, 0.00081889882697, 0.453507263745, 0.278239095124, 17.7601239408, 88.7406993903, 470.405210637, 5.80196718118, 374.413260305, 238.797330479, 144.496170527, 188.008022536
0.0368161227546, 0.120422739123, 0.483741904713, 0.304389759008, 0.108716440085, 0.0154185445714, 0.559526311513, 0.00199696931204, 0.836230806264, 0.882471577662, 0.880563940082, 0.57093089671, 0.180972212014, 0.3673770283, 0.93923625672, 0.701980250314, 0.400865985922, 358.10746585, 432.222357762, 13.5969918457, 96.8250792153, 295.26918596, 609.750101584, 169.472056895, 52.1801366765
0.00822428681387, 0.00367895860008, 0.269988604337, 0.572266180024, 0.238013945863, 0.467599786154, 0.197652619761, 0.510284890624, 0.311003751112, 0.35754002166, 0.929722658952, 0.916353163336, 0.230826129641, 0.217857226388, 0.17379160153, 0.0109070954071, 0.94139383854, 384.234570617, 123.280903364, 364.410130358, 213.313421976, 734.374223584, 423.645778388, 5.94955823637, 13.3010107688
0.126743745767, 0.130928630201, 0.52910536903, 0.00790480998871, 0.471554662083, 0.481847639136, 0.496437361813, 0.555611702947, 0.922604419819, 0.921630214578, 0.794327389069, 0.508747477334, 0.763311880451, 0.0152208739531, 0.408306140756, 0.520472954191, 0.248497002745, 235.939008543, 233.312963111, 313.413588397, 417.363286369, 7.68001444804, 677.841279645, 191.429005518, 189.128572406
0.168241722209, 0.0699179385169, 0.588980594884, 0.00790480998871, 0.471554662083, 0.476905012009, 0.496437361813, 0.555611702947, 0.922604419819, 0.921630214578, 0.794327389069, 0.508747477334, 0.763311880451, 0.0152208739531, 0.408306140756, 0.520472954191, 0.248497002745, 212.124804338, 209.763815467, 277.428884201, 372.51674204, 6.85478108507, 732.840054332, 101.174953387, 249.787118446
0.907669508064, 0.996744048901, 0.168900992345, 0.00148028224086, 0.35536350763, 0.0982330676325, 0.350029849182, 0.687903400971, 0.211094397918, 0.419410081919, 0.0474143902324, 0.89375822186, 0.991390923864, 0.592084159354, 0.868799511477, 0.901694394865, 0.782548886011, 0.33346802277, 0.204370974548, 0.0608337467695, 0.247166388338, 0.00108506218205, 0.126795333864, 94.5489221266, 647.347031541
0.00317528294991, 0.936829482849, 0.377722242084, 0.581004469391, 0.904822720198, 0.793242735609, 0.876941612587, 0.286677634678, 0.253457215388, 0.379359079686, 0.963102026803, 0.962689966631, 0.47587677122, 0.722229801482, 0.000708448405007, 0.634956252717, 0.225866866935, 0.540297376149, 2.76022826383, 8.35357212235, 58.5173897856, 76.5402507053, 65.2458110877, 1172.15266643, 5.87532212454
0.0341930667806, 0.159778286053, 0.23824620556, 0.335817913844, 0.98249812857, 0.836061721743, 0.470672846498, 0.00896912917684, 0.151709972451, 0.883174107477, 0.133376065191, 0.967263459175, 0.642048911703, 0.995911841513, 0.21954199267, 0.314546147192, 0.880534039983, 4.28419615303, 3.90660356276, 22.0151095673, 827.882721316, 482.478428699, 376.439975772, 264.01455628, 57.1524807342
0.011451818512, 0.389719861612, 0.382476214306, 0.440047478085, 0.576888204657, 0.995173371278, 0.0559766053196, 0.762426970986, 0.944990052083, 0.398547152476, 0.660043832032, 0.530600095762, 0.684360843618, 0.909303235165, 0.550890028666, 0.110436979517, 0.592630174689, 2.52362091546, 0.222470175338, 334.143506875, 426.466811394, 448.27255287, 481.898556825, 598.566390041, 18.7393163077
0.00356623462329, 0.217942007468, 0.693807331971, 0.527515377823, 0.665610348578, 0.401321257198, 0.0270578063458, 0.328493623703, 0.904989940853, 0.984934404239, 0.075709220881, 0.616086007685, 0.387197860766, 0.561288541434, 0.657689200434, 0.859601070148, 0.862551728804, 137.31235948, 5.83960821877, 100.289910653, 293.561237057, 369.975605381, 961.986984936, 386.69954089, 6.45302958013
0.0581034802813, 0.120422739123, 0.483741904713, 0.304389759008, 0.108716440085, 0.51551815299, 0.874251419562, 0.0544497948602, 0.812329433563, 0.882471577662, 0.880563940082, 0.57093089671, 0.180972212014, 0.658105731419, 0.497592747017, 0.701980250314, 0.400865985922, 67.2642394456, 336.094256563, 359.890212498, 85.7074378176, 261.365811422, 539.737424842, 150.012950114, 73.0169472166
0.174403650293, 0.159778286053, 0.23824620556, 0.705786175404, 0.98249812857, 0.836061721743, 0.559526311513, 0.00896912917684, 0.902887829567, 0.165519806611, 0.133376065191, 0.967263459175, 0.912280619203, 0.995911841513, 0.21954199267, 0.453507263745, 0.4594720689, 1.87753488874, 2.26611459905, 11.174236251, 420.209451505, 843.893804943, 370.278607913, 259.693307459, 293.850585874
0.333875736941, 0.15225151409, 0.466609800958, 0.221847478823, 0.603101412224, 0.743774036687, 0.197652619761, 0.85985713117, 0.097537352719, 0.575754606814, 0.209833187484, 0.556121848352, 0.582066567989, 0.212088170465, 0.685958270938, 0.810731862085, 0.726803890102, 103.603619731, 33.2410168395, 255.581460788, 386.271818277, 172.852608069, 455.708048539, 166.070547403, 405.557541246
0.0352180315061, 0.120422739123, 0.483741904713, 0.304389759008, 0.178558297051, 0.0919777739944, 0.367993228177, 0.362951289122, 0.812329433563, 0.972143073195, 0.880563940082, 0.57093089671, 0.180972212014, 0.497333103855, 0.497592747017, 0.701980250314, 0.400865985922, 320.752139714, 209.250405634, 55.7194202939, 111.485370293, 208.717857823, 431.015971396, 119.795245687, 35.280322145
0.00356623462329, 0.217942007468, 0.693807331971, 0.527515377823, 0.665610348578, 0.401321257198, 0.0270578063458, 0.328493623703, 0.904989940853, 0.984934404239, 0.075709220881, 0.616086007685, 0.387197860766, 0.561288541434, 0.657689200434, 0.859601070148, 0.862551728804, 137.31235948, 5.83960821877, 100.289910653, 293.561237057, 369.975605381, 961.986984936, 386.69954089, 6.45302958013
0.00356623462329, 0.217942007468, 0.0459722867105, 0.527515377823, 0.513459559296, 0.401321257198, 0.339096406584, 0.536814775181, 0.904989940853, 0.984934404239, 0.075709220881, 0.616086007685, 0.387197860766, 0.720623676293, 0.657689200434, 0.859601070148, 0.862551728804, 335.276293047, 197.640067741, 284.001810846, 502.61322166, 759.18317244, 74.516354296, 368.061158725, 6.14200249393
0.0244103988729, 0.459736450276, 0.0525337575001, 0.0462084807973, 0.226207122566, 0.51551815299, 0.488099734509, 0.407505198905, 0.4779976473, 0.424159531455, 0.0132793171979, 0.976581097646, 0.11904475505, 0.991681776302, 0.779496098296, 0.28072368863, 0.269241939729, 265.323588162, 255.585162155, 386.815197685, 198.220292339, 41.4290185267, 47.2487342294, 504.943888884, 29.3054563506
0.103535508394, 0.803764672631, 0.522946844954, 0.0635481654973, 0.109392882818, 0.0983884095272, 0.730980220135, 0.00656524060323, 0.254918168105, 0.183439304494, 0.385169805266, 0.507316389125, 0.796148531499, 0.688436636234, 0.219806783168, 0.723858730417, 0.0318589843769, 58.6822187782, 130.502090153, 22.2918709003, 25.1319415806, 14.720588344, 158.76656063, 681.092069238, 117.283087261
0.0581034802813, 0.17635777501, 0.483741904713, 0.69504153558, 0.552058041232, 0.0345370001537, 0.874251419562, 0.0544497948602, 0.594805825748, 0.561450488752, 0.880563940082, 0.57093089671, 0.180972212014, 0.352513675919, 0.497592747017, 0.701980250314, 0.400865985922, 35.9651349605, 179.704333184, 9.95215989406, 216.307424741, 546.196880203, 584.812545079, 241.400520818, 80.7835572484
0.000227846501758, 0.275421483416, 0.307201483733, 0.69504153558, 0.404808096985, 0.264370719698, 0.416337523448, 0.663555405125, 0.366408427597, 0.936233939714, 0.880563940082, 0.916353163336, 0.624746691382, 0.018346072037, 0.497592747017, 0.65469995519, 0.0622610096398, 265.343955496, 203.387702619, 147.409153761, 269.704561782, 874.397954775, 516.156734884, 513.675137435, 0.438496820935
0.168241722209, 0.446757966253, 0.775655507036, 0.00790480998871, 0.471554662083, 0.476905012009, 0.496437361813, 0.365828244694, 0.00326847725976, 0.921630214578, 0.794327389069, 0.508747477334, 0.763311880451, 0.0152208739531, 0.408306140756, 0.520472954191, 0.248497002745, 82.3500719194, 81.4335001682, 107.702107906, 144.616659018, 2.66113016395, 582.791421061, 524.896570948, 220.021114199
0.00356623462329, 0.217942007468, 0.348626651413, 0.527515377823, 0.513459559296, 0.401321257198, 0.0752593280435, 0.536814775181, 0.904989940853, 0.984934404239, 0.075709220881, 0.616086007685, 0.387197860766, 0.535803213803, 0.370616788813, 0.453507263745, 0.259836608204, 339.629096963, 40.3380458809, 249.575477009, 441.687094082, 667.155965782, 552.045158219, 377.858259351, 6.30549112904
0.0581034802813, 0.17635777501, 0.483741904713, 0.304389759008, 0.108716440085, 0.351926886223, 0.874251419562, 0.0544497948602, 0.812329433563, 0.882471577662, 0.880563940082, 0.57093089671, 0.180972212014, 0.658105731419, 0.497592747017, 0.701980250314, 0.400865985922, 81.2905851199, 406.178661896, 255.570334841, 83.9369836273, 255.966791129, 528.588096267, 218.192039159, 73.0169472166
0.0964914543367, 0.378070736357, 0.502658529618, 0.4364062316, 0.0430738798174, 0.996617666523, 0.244524091774, 0.407560599883, 0.0519540743281, 0.608234585457, 0.697724589812, 0.703816215031, 0.902035757429, 0.497333103855, 0.488106129828, 0.245226441084, 0.188710134983, 1.18368429714, 0.478411772152, 240.298795989, 16.2837723883, 196.971641503, 313.749608806, 298.339378231, 81.4338812608
0.00356623462329, 0.217942007468, 0.0459722867105, 0.527515377823, 0.513459559296, 0.401321257198, 0.0752593280435, 0.536814775181, 0.904989940853, 0.984934404239, 0.075709220881, 0.616086007685, 0.387197860766, 0.410900576546, 0.657689200434, 0.859601070148, 0.862551728804, 367.312885651, 43.6260737567, 269.918830476, 477.689816723, 721.537068413, 70.8212639313, 349.809873432, 5.83743506776
0.921198148221, 0.83132905108, 0.986164471445, 0.0043080197356, 0.843607874741, 0.353913605986, 0.488099734509, 0.530035252848, 0.780263990765, 0.3342937428, 0.68054018692, 0.230468629623, 0.151025268232, 0.936764845684, 0.690941395574, 0.541881915041, 0.0169972349283, 0.131279118769, 0.126460655423, 0.113249399291, 0.855909041674, 0.00597132041352, 40.5968292234, 149.65892265, 1246.36479814
0.168241722209, 0.275421483416, 0.775655507036, 0.401737942023, 0.736113659714, 0.354706991054, 0.496437361813, 0.558793761406, 0.00326847725976, 0.213845646586, 0.242940544857, 0.508747477334, 0.763311880451, 0.0152208739531, 0.408306140756, 0.287826835582, 0.602584939512, 44.9519006338, 44.4515775458, 39.3864170114, 169.280210814, 135.141456713, 622.859258666, 306.476019499, 197.808174415
0.0964914543367, 0.956374254992, 0.734153304122, 0.326923782252, 0.46278696986, 0.996617666523, 0.993384901609, 0.811317173797, 0.0519540743281, 0.608234585457, 0.526710853895, 0.484672503289, 0.598783144298, 0.517325676909, 0.153031256615, 0.572518250599, 0.188710134983, 0.000825806135427, 0.0794705628753, 14.9585448482, 13.3047539194, 11.291070171, 51.8026111525, 825.713869837, 126.41611763
0.0222386494173, 0.288915517576, 0.170457211081, 0.955704707001, 0.00879108116236, 0.804630069811, 0.706129583111, 0.123748546777, 0.998149615962, 0.593812611931, 0.700783028187, 0.576072142125, 0.387197860766, 0.720994946247, 0.260584600663, 0.506453456202, 0.0476682147638, 6.18151701051, 12.4262515744, 43.7960275169, 0.634460459713, 659.290944116, 181.309324447, 334.283128586, 26.6465042088
0.00356623462329, 0.217942007468, 0.0459722867105, 0.527515377823, 0.513459559296, 0.51551815299, 0.0321824274477, 0.446868257467, 0.988201493468, 0.984934404239, 0.075709220881, 0.616086007685, 0.387197860766, 0.561288541434, 0.657689200434, 0.859601070148, 0.862551728804, 379.661607229, 19.2090340471, 399.146966482, 575.022536489, 868.555411326, 85.2516034411, 421.086139307, 7.02685425091
0.00317528294991, 0.275421483416, 0.551953323437, 0.304389759008, 0.161582986005, 0.264370719698, 0.197358867769, 0.931732392685, 0.669619396755, 0.936233939714, 0.495817238862, 0.992714743183, 0.47587677122, 0.3673770283, 0.311430248961, 0.634956252717, 0.390580351779, 425.8210146, 136.407152833, 197.148546566, 126.765067942, 261.631215189, 669.909045534, 405.787315875, 4.8274748539
0.0728393956661, 0.0742810078859, 0.931227001778, 0.0462084807973, 0.226207122566, 0.760559827431, 0.231574037278, 0.407505198905, 0.65889381766, 0.0543182749657, 0.0100931166161, 0.991318078812, 0.11904475505, 0.991681776302, 0.294273957145, 0.28072368863, 0.269241939729, 28.5079644889, 10.8528875947, 77.2424940165, 30.816878432, 6.44087955085, 818.942001414, 96.5532835888, 95.310863053
0.0546022936973, 0.536859397648, 0.0052782916824, 0.786636363459, 0.370044369163, 0.944504778083, 0.502750644111, 0.501960942154, 0.425194482751, 0.519190718397, 0.914798411095, 0.819003525647, 0.891419949682, 0.445534773092, 0.666782267336, 0.858042739987, 0.470887993038, 11.1933318642, 11.2904783047, 181.920435829, 119.973084526, 627.344476224, 5.50796764858, 746.080951901, 85.8926858166
0.0373735711631, 0.265410857061, 0.191426283481, 0.836163210892, 0.180229156787, 0.03094377853, 0.972591871157, 0.344600600949, 0.0221622865763, 0.75538134371, 0.682141734766, 0.0425282156262, 0.539330323051, 0.720623676293, 0.0423537755777, 0.376142680764, 0.0867060503886, 12.6756797214, 294.24124646, 14.326549088, 85.7805547741, 1166.78416685, 374.134582759, 559.427952699, 81.1977434009
0.998009426003, 0.159778286053, 0.0052782916824, 0.885072722103, 0.2165072521, 0.103580435115, 0.740335679809, 0.530162889875, 0.645892185143, 0.536734567296, 0.861353026465, 0.229506841555, 0.0119317425744, 0.900834280364, 0.457762234652, 0.376142680764, 0.839744199628, 0.273764919131, 0.63354972291, 0.113294504864, 0.24747541468, 4.06487241962, 0.0342598743577, 1.05942538372, 1364.2756846
0.0373735711631, 0.265410857061, 0.191426283481, 0.836163210892, 0.180229156787, 0.043172935192, 0.972591871157, 0.344600600949, 0.0676227437241, 0.75538134371, 0.682141734766, 0.0874326821412, 0.285367743984, 0.720623676293, 0.0421096998261, 0.376142680764, 0.0867060503886, 10.4618365975, 242.851184974, 16.5097607694, 70.8780436111, 964.080720629, 309.136812452, 462.239477619, 67.0913963316
0.0728393956661, 0.476194471085, 0.0525337575001, 0.0462084807973, 0.226207122566, 0.51551815299, 0.231574037278, 0.407505198905, 0.4779976473, 0.424159531455, 0.209698109724, 0.976581097646, 0.910360099858, 0.0152208739531, 0.294273957145, 0.28072368863, 0.269241939729, 285.508575264, 108.692168319, 320.766947226, 164.374405226, 34.3550612254, 39.1810671601, 441.063276881, 74.5188042436
0.0341930667806, 0.159778286053, 0.23824620556, 0.42232552692, 0.98249812857, 0.836061721743, 0.559526311513, 0.00896912917684, 0.151709972451, 0.883174107477, 0.133376065191, 0.967263459175, 0.912280619203, 0.995911841513, 0.21954199267, 0.453507263745, 0.4594720689, 3.73266575634, 4.50518838002, 22.2151339277, 835.404678513, 653.154817494, 416.576129489, 292.163874886, 63.2460969802
0.312792515689, 0.0235609880322, 0.0149211513043, 0.261878599801, 0.689772617297, 0.82917151072, 0.853853895679, 0.890322808758, 0.492159383484, 0.213845646586, 0.075709220881, 0.769108697202, 0.224630303031, 0.461232130247, 0.114551875314, 0.0879856264373, 0.317844375524, 17.9288366307, 76.722119554, 286.538925964, 560.779255955, 276.865649423, 16.2318862402, 25.6447380145, 370.869094326
0.011451818512, 0.389719861612, 0.593069827654, 0.440047478085, 0.576888204657, 0.995173371278, 0.0559766053196, 0.678257281486, 0.03298426421, 0.984934404239, 0.749091621423, 0.709604983696, 0.387139186312, 0.233989423615, 0.550890028666, 0.110436979517, 0.52935881282, 1.93205969985, 0.170321008816, 255.817028479, 326.498855106, 343.193119316, 724.27291182, 633.653323541, 19.8377828371
0.011451818512, 0.389719861612, 0.792768723855, 0.440047478085, 0.576888204657, 0.995173371278, 0.0559766053196, 0.678257281486, 0.0107871043632, 0.984934404239, 0.749091621423, 0.709604983696, 0.387139186312, 0.233989423615, 0.550890028666, 0.236050557677, 0.52935881282, 1.04622227693, 0.0922298796805, 138.526503107, 176.80114938, 185.841196701, 863.711575316, 640.0723357, 20.038742833
0.0581034802813, 0.120422739123, 0.483741904713, 0.304389759008, 0.178558297051, 0.178295335706, 0.874251419562, 0.362951289122, 0.812329433563, 0.882471577662, 0.880563940082, 0.57093089671, 0.180972212014, 0.658105731419, 0.497592747017, 0.701980250314, 0.400865985922, 86.2177883996, 430.798054561, 126.36562307, 131.693259166, 246.550151565, 509.142122207, 141.509386351, 68.8779427772
0.00356623462329, 0.936829482849, 0.693807331971, 0.527515377823, 0.665610348578, 0.401321257198, 0.0270578063458, 0.328493623703, 0.253457215388, 0.986537211163, 0.075709220881, 0.616086007685, 0.387197860766, 0.561288541434, 0.657689200434, 0.859601070148, 0.225866866935, 15.745614525, 0.669628140817, 11.5002486292, 33.662680444, 42.4251195453, 110.311091443, 1249.8382511, 7.03606328303
0.886597627207, 0.820469917449, 0.992191697111, 0.599054592327, 0.00771027515358, 0.987865114173, 0.598471589292, 0.33030059669, 0.0938342853606, 0.487275415137, 0.399852740675, 0.802509716392, 0.0107531715073, 0.211115892175, 0.126577367671, 0.591416551372, 0.0318589843769, 0.0023317307739, 0.00319320220889, 0.207405398268, 0.00251252243072, 0.284651941183, 28.716235801, 99.1224068318, 573.198292639
0.0581034802813, 0.382068698966, 0.483741904713, 0.304389759008, 0.108716440085, 0.0345370001537, 0.559526311513, 0.00199696931204, 0.836230806264, 0.882471577662, 0.880563940082, 0.57093089671, 0.769252365815, 0.3673770283, 0.497592747017, 0.701980250314, 0.400865985922, 257.590227052, 310.901798735, 21.9250959236, 69.7293933301, 212.640582099, 439.116652535, 436.273548734, 70.6999418145
0.23751711319, 0.188134305013, 0.0565789459184, 0.527515377823, 0.513459559296, 0.401321257198, 0.0752593280435, 0.536814775181, 0.904989940853, 0.984934404239, 0.075709220881, 0.616086007685, 0.387197860766, 0.410900576546, 0.657689200434, 0.944042509786, 0.862551728804, 352.742661293, 41.8955554239, 259.211942501, 458.741263391, 692.915810134, 83.7787665562, 287.359639857, 386.210952644
0.236530975191, 0.816128285274, 0.855452595772, 0.265723968365, 0.0832743367925, 0.995173371278, 0.0559766053196, 0.678257281486, 0.659814912728, 0.101139710252, 0.692003939036, 0.332214138238, 0.656469994961, 0.217857226388, 0.726955151384, 0.110436979517, 0.52935881282, 0.403257645505, 0.035549237428, 53.393884564, 7.0246063551, 23.8825235184, 254.993890981, 880.785744186, 358.017112462
0.00356623462329, 0.217942007468, 0.0459722867105, 0.42232552692, 0.513459559296, 0.401321257198, 0.0752593280435, 0.536814775181, 0.904989940853, 0.984934404239, 0.075709220881, 0.273101985506, 0.387197860766, 0.410900576546, 0.657689200434, 0.859601070148, 0.862551728804, 456.468013843, 54.2151065683, 335.434223136, 593.635917471, 642.687351453, 75.4986873234, 372.913229599, 6.22297118813
0.00822428681387, 0.217942007468, 0.269988604337, 0.37582394131, 0.238013945863, 0.443039801632, 0.197652619761, 0.510284890624, 0.311003751112, 0.35754002166, 0.983263537568, 0.703816215031, 0.230826129641, 0.217857226388, 0.17379160153, 0.110436979517, 0.94139383854, 430.061942894, 137.984525279, 377.289203042, 230.885143464, 423.591853449, 343.57556597, 297.550954925, 11.451418893
0.174403650293, 0.159778286053, 0.23824620556, 0.42232552692, 0.98249812857, 0.836061721743, 0.559526311513, 0.00896912917684, 0.902887829567, 0.883174107477, 0.133376065191, 0.967263459175, 0.912280619203, 0.995911841513, 0.21954199267, 0.453507263745, 0.4594720689, 3.00704173252, 3.62938724116, 17.8965487871, 673.003396451, 526.182605734, 335.594421766, 235.367702835, 266.325451551
0.149300037645, 0.029789168548, 0.0709858079518, 0.985824811991, 0.114031793436, 0.0152404333326, 0.488099734509, 0.391871977132, 0.913762749939, 0.112309048822, 0.133376065191, 0.318918848478, 0.351448727394, 0.936764845684, 0.183032231748, 0.428084777907, 0.489934669696, 14.1543727476, 13.6348512356, 0.470584340789, 3.55948650696, 897.110327315, 100.473159829, 42.2818872582, 215.963417275
0.168241722209, 0.0699179385169, 0.775655507036, 0.401737942023, 0.39890645535, 0.0938362191666, 0.496437361813, 0.430296990038, 0.00326847725976, 0.921630214578, 0.794327389069, 0.508747477334, 0.763311880451, 0.0152208739531, 0.408306140756, 0.287826835582, 0.248497002745, 118.754113535, 117.43235797, 24.7969581268, 122.228681773, 152.312365909, 701.99899885, 82.4783435544, 203.6277466
0.00356623462329, 0.217942007468, 0.0459722867105, 0.42232552692, 0.513459559296, 0.797047288292, 0.0752593280435, 0.536814775181, 0.904989940853, 0.923884433409, 0.075709220881, 0.662453768483, 0.387197860766, 0.410900576546, 0.657689200434, 0.859601070148, 0.862551728804, 193.435704411, 22.9745283584, 590.189931149, 648.357451852, 701.93046152, 82.4581786421, 407.288481355, 6.79660651208
0.168241722209, 0.615813287157, 0.775655507036, 0.00790480998871, 0.471554662083, 0.476905012009, 0.930568549107, 0.434360264807, 0.00326847725976, 0.973579400535, 0.794327389069, 0.342483366253, 0.891419949682, 0.0152208739531, 0.408306140756, 0.520472954191, 0.248497002745, 10.1077280539, 92.3104157062, 86.35764672, 115.956452404, 2.13374596879, 467.293506412, 722.358483143, 237.406082684
0.0964914543367, 0.378070736357, 0.734153304122, 0.326923782252, 0.0430738798174, 0.996617666523, 0.244524091774, 0.407560599883, 0.0519540743281, 0.608234585457, 0.697724589812, 0.484672503289, 0.598783144298, 0.517325676909, 0.488106129828, 0.135807075145, 0.188710134983, 0.833233272635, 0.336769362863, 169.154015709, 11.4626687122, 95.6235592105, 438.713955347, 324.056788022, 88.4536334225
0.000587268759659, 0.217942007468, 0.0459722867105, 0.42232552692, 0.513459559296, 0.401321257198, 0.0752593280435, 0.536814775181, 0.904989940853, 0.557306502641, 0.075709220881, 0.390549177134, 0.387197860766, 0.410900576546, 0.657689200434, 0.859601070148, 0.862551728804, 467.230086871, 55.4933274258, 343.342701925, 607.631976126, 657.839887885, 77.278707745, 381.705344902, 1.04891623569
0.149040749934, 0.0526944852542, 0.0383445403824, 0.261878599801, 0.689772617297, 0.82917151072, 0.697873706719, 0.33481391768, 0.492159383484, 0.213845646586, 0.963013119899, 0.769108697202, 0.47587677122, 0.821816031958, 0.114551875314, 0.0879856264373, 0.317844375524, 44.9440600435, 87.484105523, 357.690775265, 700.02903145, 345.615481224, 52.1243191203, 71.8386325702, 207.219861915
0.312792515689, 0.0742810078859, 0.330076926474, 0.230408789902, 0.689772617297, 0.82917151072, 0.86894371204, 0.203951923642, 0.492159383484, 0.213845646586, 0.863446094589, 0.882981953222, 0.224630303031, 0.656527441368, 0.0501474728643, 0.0879856264373, 0.317844375524, 16.9370674812, 81.1080616701, 301.335072, 589.736479611, 252.68911261, 407.178183481, 96.307453491, 442.674722779
0.0581034802813, 0.17635777501, 0.483741904713, 0.304389759008, 0.108716440085, 0.0345370001537, 0.559526311513, 0.00199696931204, 0.836230806264, 0.882471577662, 0.880563940082, 0.57093089671, 0.180972212014, 0.3673770283, 0.497592747017, 0.701980250314, 0.400865985922, 273.508029153, 330.11399231, 23.2799584196, 74.0383249864, 225.780718444, 466.251889979, 192.460729545, 64.4060845877
0.174403650293, 0.138589473122, 0.23824620556, 0.42232552692, 0.790470389277, 0.953645471903, 0.874251419562, 0.00740318973544, 0.902887829567, 0.824966285111, 0.133376065191, 0.994101189247, 0.912280619203, 0.995911841513, 0.00081889882697, 0.453507263745, 0.278239095124, 2.35312885191, 11.7577051134, 164.387960784, 482.576800628, 398.548770911, 254.190736946, 153.810714711, 200.127437373
0.980725870528, 0.844405414245, 0.993799624487, 0.71385494555, 0.527099913354, 0.00377400122019, 0.160897205114, 0.509743524292, 0.17618996839, 0.136545489098, 0.00503517570974, 0.977250975653, 0.752081430376, 0.211115892175, 0.996619970049, 0.466636417129, 0.321466640168, 0.0189900878114, 0.00490436374376, 0.000116271873429, 0.0213586859271, 0.0601108568106, 6.8522495716, 27.4769988996, 935.070693057
0.00317528294991, 0.217942007468, 0.377722242084, 0.708447265988, 0.904822720198, 0.793242735609, 0.876941612587, 0.328493623703, 0.253457215388, 0.379359079686, 0.588203521882, 0.962689966631, 0.47587677122, 0.870508375498, 0.657689200434, 0.634956252717, 0.225866866935, 4.16963285879, 21.3014887258, 64.4669590252, 451.59581007, 926.493997632, 696.593114758, 443.997528549, 6.59693386067
